17062	21295
25710	37063
42384	69307
75628	90164
92066	92093
118743	130270
139925	186753
198950	230427
231212	237028
250247	272376
279045	289095
292687	314050
332057	332440
335507	342875
345299	351364
353518	354596
354807	354915
355222	356455
358670	371456
372214	394039
399820	447741
456504	460768
467317	479837
481890	491964
499494	512686
518443	531873
534004	539292
551898	558283
562740	568628
572210	606829
644196	649840
650563	661396
662782	667463
672349	672442
679461	688263
719836	750584
762675	779592
799453	804252
818683	823694
825757	826710
828358	828404
833955	837768
845840	870920
878099	878906
