Generation	Geometric_mean
1	246.443
2	246.443
3	246.443
4	246.443
5	35854.8
6	35854.8
7	35854.8
8	35854.8
9	41352.5
10	42299
11	42402.5
12	42376.4
13	45513.6
14	45853.3
15	46072.9
16	46246.3
17	44945.2
18	44241.7
19	43574
20	43472.1
21	43516.8
22	44540.4
23	44728.4
24	44020.5
25	44083.5
26	45208.9
27	45164.8
28	45107.5
29	44697
30	44216.1
31	43693.2
32	43331
33	42879.3
34	42097.9
35	42091.1
36	41430.2
37	40731.1
38	40310.7
39	40331.6
40	40306.6
41	39705.2
42	38717.2
43	37951.8
44	37472.4
45	37314.3
46	36873.3
47	34287.9
48	32861.4
49	27959.1
50	21204.7
51	14074.8
52	5108.79
53	2950.78
54	1568.11
55	1344.52
56	1142.74
57	1095.99
58	1005.14
59	997.416
60	945.692
61	916.039
62	908.09
63	875.763
64	838.004
65	829.977
66	817.489
67	822.689
68	848.202
69	873.246
70	875.044
71	893.495
72	946.575
73	992.657
74	1134.65
75	1217.32
76	2266.5
77	7344.81
78	64007.3
79	307529
80	763414
81	1.82728e+06
82	2.50088e+06
83	3.16828e+06
84	3.10483e+06
85	3.01208e+06
86	2.96695e+06
87	2.95841e+06
88	2.97797e+06
89	2.93159e+06
90	2.93037e+06
91	2.9414e+06
92	2.94563e+06
93	3.01127e+06
94	3.02852e+06
95	3.05079e+06
96	3.05547e+06
97	3.07328e+06
98	3.05621e+06
99	3.06548e+06
100	3.10082e+06
101	3.12262e+06
102	3.13887e+06
103	3.17717e+06
104	3.18795e+06
105	3.16735e+06
106	3.13616e+06
107	3.15527e+06
108	3.14208e+06
109	3.16162e+06
110	3.13992e+06
111	3.135e+06
112	3.16892e+06
113	3.15933e+06
114	3.1706e+06
115	3.16919e+06
116	3.13569e+06
117	3.1107e+06
118	3.10319e+06
119	3.10434e+06
120	3.11905e+06
121	3.12157e+06
122	3.13286e+06
123	3.20109e+06
124	3.2791e+06
125	3.32719e+06
126	3.34404e+06
127	3.31756e+06
128	3.21647e+06
129	3.19553e+06
130	3.16153e+06
131	3.16903e+06
132	3.18076e+06
133	3.18341e+06
134	3.19656e+06
135	3.22532e+06
136	3.21509e+06
137	3.20506e+06
138	3.20956e+06
139	3.23943e+06
140	3.26221e+06
141	3.28734e+06
142	3.26381e+06
143	3.2516e+06
144	3.24245e+06
145	3.29201e+06
146	3.32038e+06
147	3.36796e+06
148	3.42708e+06
149	3.47585e+06
150	3.51649e+06
151	3.5553e+06
152	3.58994e+06
153	3.65e+06
154	3.68797e+06
155	3.70339e+06
156	3.71391e+06
157	3.7202e+06
158	3.7145e+06
159	3.7145e+06
160	3.7145e+06
161	3.7145e+06
162	3.7145e+06
163	3.7145e+06
164	3.7145e+06
165	3.7145e+06
166	3.7145e+06
167	3.7145e+06
168	3.7145e+06
169	3.7145e+06
170	3.7145e+06
171	3.7145e+06
172	3.7145e+06
173	3.7145e+06
174	3.7145e+06
175	3.7145e+06
176	3.7145e+06
177	3.7145e+06
178	3.7145e+06
179	3.7145e+06
180	3.7145e+06
181	3.7145e+06
182	3.7145e+06
183	3.7145e+06
184	3.7145e+06
185	3.7145e+06
186	3.7145e+06
187	3.7145e+06
188	3.7145e+06
189	3.7145e+06
190	3.7145e+06
191	3.7145e+06
192	3.7145e+06
193	3.7145e+06
194	3.7145e+06
195	3.7145e+06
196	3.7145e+06
197	3.68199e+06
