Generation	Geometric_mean
1	237.167
2	237.167
3	237.167
4	237.167
5	123520
6	123520
7	123520
8	123520
9	133220
10	131380
11	131726
12	131375
13	140917
14	144055
15	146818
16	147834
17	151316
18	157334
19	159642
20	160399
21	160944
22	159140
23	157534
24	156090
25	156343
26	157130
27	158117
28	158224
29	158401
30	160865
31	159706
32	156318
33	152226
34	147759
35	142411
36	140527
37	137360
38	136761
39	133074
40	132315
41	132257
42	131573
43	129833
44	126800
45	126200
46	125518
47	125134
48	122784
49	120672
50	115810
51	108258
52	102263
53	97539.1
54	96878.3
55	94291.3
56	88654.2
57	83839.4
58	81079.7
59	79551.9
60	74839
61	74366.8
62	70417.7
63	63266.4
64	61812.6
65	53579.8
66	51223
67	38415.1
68	27972.1
69	14125.8
70	4904.05
71	2976.41
72	1881.05
73	1073.33
74	847.747
75	660.266
76	596.784
77	590.161
78	557.096
79	552.982
80	548.086
81	554.313
82	555.006
83	570.935
84	568.917
85	572.284
86	609.702
87	641.563
88	1038.98
89	1760.51
90	11222.3
91	34911.4
92	178982
93	294280
94	545105
95	814888
96	1.11056e+06
97	1.54435e+06
98	1.52144e+06
99	1.57881e+06
100	1.82463e+06
101	1.96632e+06
102	2.33599e+06
103	2.85201e+06
104	2.92776e+06
105	2.88123e+06
106	2.84486e+06
107	2.83855e+06
108	2.87268e+06
109	2.86988e+06
110	2.91117e+06
111	2.92513e+06
112	2.91571e+06
113	2.84307e+06
114	2.79435e+06
115	2.778e+06
116	2.7759e+06
117	2.75143e+06
118	2.7532e+06
119	2.74107e+06
120	2.72912e+06
121	2.69696e+06
122	2.64278e+06
123	2.645e+06
124	2.64303e+06
125	2.66356e+06
126	2.68823e+06
127	2.73017e+06
128	2.75303e+06
129	2.78983e+06
130	2.85352e+06
131	2.93274e+06
132	2.95937e+06
133	2.99457e+06
134	3.01654e+06
135	2.99056e+06
136	2.98421e+06
137	3.01113e+06
138	3.00642e+06
139	2.99624e+06
140	2.9846e+06
141	2.98879e+06
142	2.97272e+06
143	2.9484e+06
144	2.92626e+06
145	2.92555e+06
146	2.91613e+06
147	2.95401e+06
148	2.96862e+06
149	2.99432e+06
150	3.04184e+06
151	3.05128e+06
152	3.08622e+06
153	3.1178e+06
154	3.13362e+06
155	3.15113e+06
156	3.16096e+06
157	3.16393e+06
158	3.16591e+06
159	3.17261e+06
160	3.17913e+06
161	3.17913e+06
162	3.17913e+06
163	3.17913e+06
164	3.17913e+06
165	3.17913e+06
166	3.17913e+06
167	3.17913e+06
168	3.17913e+06
169	3.17913e+06
170	3.17913e+06
171	3.17913e+06
172	3.17913e+06
173	3.17913e+06
174	3.17913e+06
175	3.17913e+06
176	3.17913e+06
177	3.17913e+06
178	3.17913e+06
179	3.17913e+06
180	3.17913e+06
181	3.17913e+06
182	3.17913e+06
183	3.17913e+06
184	3.17913e+06
185	3.17913e+06
186	3.17913e+06
187	3.17913e+06
188	3.17913e+06
189	3.17913e+06
190	3.17913e+06
191	3.17913e+06
192	3.17913e+06
193	3.17913e+06
194	3.17913e+06
195	3.17913e+06
196	3.1251e+06
