Generation	Geometric_mean
1	104.932
2	104.932
3	104.932
4	104.932
5	3.23976e+06
6	3.23976e+06
7	3.23976e+06
8	3.23976e+06
9	3.51946e+06
10	3.6032e+06
11	3.62026e+06
12	3.62224e+06
13	3.59093e+06
14	3.5942e+06
15	3.59161e+06
16	3.59472e+06
17	3.5312e+06
18	3.47466e+06
19	3.40046e+06
20	3.37024e+06
21	3.35804e+06
22	3.41729e+06
23	3.42511e+06
24	3.46331e+06
25	3.57137e+06
26	3.67925e+06
27	3.68353e+06
28	3.69552e+06
29	3.67428e+06
30	3.59566e+06
31	3.56173e+06
32	3.48819e+06
33	3.33627e+06
34	3.25547e+06
35	3.19072e+06
36	3.24519e+06
37	3.1949e+06
38	3.20067e+06
39	3.20235e+06
40	3.24301e+06
41	3.3242e+06
42	3.34149e+06
43	3.28855e+06
44	3.12516e+06
45	2.9337e+06
46	2.82208e+06
47	2.74486e+06
48	2.68017e+06
49	2.65058e+06
50	2.60508e+06
51	2.58213e+06
52	2.5652e+06
53	2.48865e+06
54	2.34754e+06
55	2.24497e+06
56	2.03761e+06
57	1.85881e+06
58	1.55793e+06
59	1.2992e+06
60	1.21676e+06
61	1.21862e+06
62	991191
63	1.00296e+06
64	1.00251e+06
65	976146
66	920657
67	907556
68	890488
69	887260
70	839386
71	772010
72	714531
73	675813
74	668440
75	627951
76	610018
77	581233
78	559433
79	540490
80	519175
81	489851
82	478861
83	466434
84	454497
85	410980
86	387074
87	368538
88	340371
89	308056
90	290744
91	268853
92	230889
93	185394
94	166641
95	159790
96	145567
97	115273
98	106505
99	105423
100	99143.3
101	80408.8
102	65057.9
103	58363.9
104	43695.8
105	29679.4
106	17468
107	11630.8
108	8918.3
109	7390.59
110	5268.77
111	4815.7
112	4659.29
113	4572.49
114	4415.99
115	4391.55
116	4379.65
117	4441.34
118	4419.56
119	4568.41
120	4920.87
121	5928.86
122	8282.48
123	11911.9
124	26087.6
125	51702.1
126	98722.7
127	149467
128	230404
129	413794
130	655240
131	720324
132	768511
133	873927
134	970652
135	1.01301e+06
136	1.03701e+06
137	1.05227e+06
138	1.10478e+06
139	1.15414e+06
140	1.21787e+06
141	1.26232e+06
142	1.31955e+06
143	1.37524e+06
144	1.40966e+06
145	1.44592e+06
146	1.45722e+06
147	1.457e+06
148	1.457e+06
149	1.46643e+06
150	1.49597e+06
151	1.52646e+06
152	1.52646e+06
153	1.55754e+06
154	1.55754e+06
155	1.55754e+06
156	1.55754e+06
157	1.55754e+06
158	1.55754e+06
159	1.55754e+06
160	1.55754e+06
161	1.55754e+06
162	1.55754e+06
163	1.55754e+06
164	1.55754e+06
165	1.55754e+06
166	1.55754e+06
167	1.55754e+06
168	1.55754e+06
169	1.55754e+06
170	1.55754e+06
171	1.55754e+06
172	1.55754e+06
173	1.55754e+06
174	1.55754e+06
175	1.55754e+06
176	1.55754e+06
177	1.55754e+06
178	1.55754e+06
179	1.55754e+06
180	1.55754e+06
181	1.55754e+06
182	1.55754e+06
183	1.63177e+06
