Generation	Geometric_mean
1	18334.2
2	18334.2
3	18334.2
4	18334.2
5	14022.7
6	12472.3
7	11737
8	9921.94
9	6675.54
10	5995.44
11	5981.22
12	4009.98
13	456.563
14	254.203
15	161.664
16	155.909
17	200.248
18	265.02
19	1384.71
20	40277.8
21	333501
22	381238
23	468837
24	529317
25	523162
26	515331
27	507493
28	503328
29	501839
30	506785
31	506432
32	529867
33	528439
34	531833
35	544648
36	564937
37	581796
38	604812
39	612366
40	608486
41	614561
42	625726
43	633219
44	652335
45	651452
46	661282
47	673345
48	683319
49	692114
50	703600
51	713702
52	732880
53	740498
54	724967
55	726192
56	714732
57	702969
58	690827
59	691858
60	698117
61	711711
62	725636
63	736735
64	740869
65	740278
66	742397
67	745166
68	751339
69	758760
70	758491
71	772000
72	788213
73	797221
74	798368
75	773877
76	778480
77	759995
78	766024
79	765030
80	757968
81	762538
82	766985
83	764153
84	759736
85	760655
86	775697
87	789875
88	778862
89	798766
90	808305
91	806309
92	823490
93	790738
94	789198
95	777392
96	770411
97	774984
98	776485
99	758702
100	725996
101	713941
102	698213
103	683381
104	681808
105	669278
106	661247
107	665160
108	671966
109	678953
110	688831
111	713779
112	719438
113	723616
114	717493
115	712164
116	707430
117	705315
118	709300
119	703556
120	682917
121	661022
122	650221
123	638260
124	637259
125	634632
126	637740
127	624403
128	616413
129	603233
130	595280
131	586367
132	568928
133	560382
134	550019
135	541884
136	540590
137	539757
138	535776
139	535305
140	531702
141	525329
142	515910
143	503002
144	478688
145	464750
146	460155
147	450192
148	449381
149	447574
150	444055
151	440299
152	435023
153	428405
154	419215
155	405540
156	389228
157	385307
158	379879
159	376830
160	368198
161	364012
162	359397
163	350776
164	347526
165	347526
166	347526
167	347526
168	347526
169	347526
170	347526
171	347526
172	347526
173	347526
174	347526
175	347526
176	347526
177	347526
178	347526
179	347526
180	347526
181	289292
182	289292
183	289292
184	289292
185	8763.59
186	8763.59
187	8763.59
188	8763.59
189	7366.25
