Generation	Geometric_mean
1	215.328
2	215.328
3	215.328
4	215.328
5	195328
6	195328
7	195328
8	195328
9	205167
10	201390
11	199653
12	199416
13	205316
14	211523
15	214231
16	217106
17	218938
18	221718
19	217890
20	211235
21	207641
22	207705
23	205708
24	205516
25	207232
26	207066
27	207696
28	204154
29	206815
30	207587
31	211662
32	215999
33	209110
34	205741
35	204629
36	202025
37	200341
38	199881
39	199125
40	196950
41	198602
42	196008
43	196122
44	190563
45	184220
46	180226
47	175980
48	175355
49	176242
50	178944
51	183288
52	184248
53	180133
54	175182
55	169054
56	170957
57	176004
58	177814
59	177195
60	177057
61	173324
62	168812
63	162698
64	154093
65	141594
66	130011
67	118641
68	106686
69	99048.2
70	94763.1
71	87667.8
72	85519.9
73	83708.7
74	79264.2
75	78287.3
76	75003
77	70818.1
78	68876.8
79	60817.8
80	57858.1
81	56367.2
82	53453.4
83	45823.7
84	38572.4
85	29830.2
86	20668.9
87	12567.3
88	7458.36
89	4370.95
90	2532.4
91	1104.75
92	887.531
93	767.041
94	690.159
95	623.065
96	599.684
97	578.308
98	526.399
99	502.626
100	491.597
101	488.83
102	465.76
103	468.154
104	474.926
105	470.423
106	512.386
107	525.827
108	547.933
109	738.538
110	757.179
111	1139.99
112	3607.17
113	11955.8
114	53804.7
115	175227
116	362753
117	818901
118	1.02191e+06
119	1.06295e+06
120	1.07664e+06
121	1.12664e+06
122	1.12111e+06
123	1.10483e+06
124	1.08209e+06
125	1.19766e+06
126	1.19599e+06
127	1.21506e+06
128	1.2491e+06
129	1.31334e+06
130	1.45675e+06
131	1.7096e+06
132	1.85652e+06
133	1.92125e+06
134	1.96784e+06
135	1.92859e+06
136	1.91941e+06
137	1.90621e+06
138	1.9167e+06
139	1.98901e+06
140	2.04769e+06
141	2.11936e+06
142	2.15291e+06
143	2.16413e+06
144	2.18508e+06
145	2.22061e+06
146	2.26906e+06
147	2.28644e+06
148	2.27993e+06
149	2.28164e+06
150	2.3089e+06
151	2.36507e+06
152	2.39833e+06
153	2.42585e+06
154	2.46388e+06
155	2.49153e+06
156	2.51506e+06
157	2.55722e+06
158	2.57404e+06
159	2.5765e+06
160	2.5796e+06
161	2.58291e+06
162	2.58743e+06
163	2.58904e+06
164	2.58904e+06
165	2.58904e+06
166	2.58904e+06
167	2.58904e+06
168	2.58904e+06
169	2.58904e+06
170	2.58904e+06
171	2.58904e+06
172	2.58904e+06
173	2.58904e+06
174	2.58904e+06
175	2.58904e+06
176	2.58904e+06
177	2.58904e+06
178	2.58904e+06
179	2.58904e+06
180	2.58904e+06
181	2.58904e+06
182	2.58904e+06
183	2.58904e+06
184	2.58904e+06
185	2.58904e+06
186	2.58904e+06
187	2.58904e+06
188	2.58904e+06
189	2.58904e+06
190	2.58904e+06
191	2.58904e+06
192	2.58904e+06
193	2.58904e+06
194	2.58904e+06
195	2.58904e+06
196	2.58904e+06
197	2.59728e+06
