Generation	Geometric_mean
1	268.872
2	268.872
3	268.872
4	268.872
5	31609.4
6	31609.4
7	31609.4
8	31609.4
9	33030.7
10	32374.8
11	32331.7
12	32423.2
13	34021.9
14	35473.1
15	35833.3
16	35971.7
17	36703.7
18	37276.9
19	38197.3
20	38141.2
21	37710.3
22	37368.8
23	36801.6
24	35671.4
25	35053.6
26	35048.1
27	34611.9
28	33929.5
29	32446
30	31608.3
31	31039.8
32	31064.7
33	31710.2
34	31454.4
35	31278.1
36	31006.1
37	30567.5
38	30643.3
39	30692.1
40	29569.8
41	28950.4
42	28739
43	28067.6
44	24012.6
45	21941.3
46	17921.2
47	12626.8
48	6748.5
49	3012.89
50	1905.43
51	1518.6
52	1019.82
53	859.109
54	845.199
55	809.989
56	768.36
57	752.181
58	729.388
59	731.071
60	737.099
61	742.846
62	724.973
63	719.065
64	719.89
65	723.389
66	758.253
67	772.77
68	1058.1
69	1409.99
70	4820.84
71	18220.3
72	335842
73	2.04934e+06
74	2.69783e+06
75	2.89382e+06
76	3.27298e+06
77	3.24748e+06
78	3.19784e+06
79	3.14755e+06
80	3.13169e+06
81	3.10151e+06
82	3.11472e+06
83	3.09184e+06
84	3.10417e+06
85	3.0518e+06
86	3.01189e+06
87	2.95881e+06
88	2.9392e+06
89	2.91611e+06
90	2.90728e+06
91	2.97239e+06
92	3.0068e+06
93	2.98981e+06
94	2.96836e+06
95	2.98939e+06
96	2.95708e+06
97	2.95618e+06
98	2.99315e+06
99	3.06918e+06
100	3.09197e+06
101	3.13053e+06
102	3.18118e+06
103	3.20649e+06
104	3.23007e+06
105	3.26734e+06
106	3.29991e+06
107	3.31922e+06
108	3.3472e+06
109	3.38416e+06
110	3.37697e+06
111	3.38198e+06
112	3.41405e+06
113	3.41124e+06
114	3.45102e+06
115	3.46939e+06
116	3.49409e+06
117	3.48207e+06
118	3.46035e+06
119	3.44836e+06
120	3.43442e+06
121	3.41171e+06
122	3.39939e+06
123	3.368e+06
124	3.35067e+06
125	3.36969e+06
126	3.34804e+06
127	3.34645e+06
128	3.39677e+06
129	3.42091e+06
130	3.41927e+06
131	3.40288e+06
132	3.42083e+06
133	3.42173e+06
134	3.40864e+06
135	3.43159e+06
136	3.40676e+06
137	3.37943e+06
138	3.38113e+06
139	3.3962e+06
140	3.39277e+06
141	3.43387e+06
142	3.46708e+06
143	3.48533e+06
144	3.52133e+06
145	3.53194e+06
146	3.56204e+06
147	3.55549e+06
148	3.56037e+06
149	3.55138e+06
150	3.55643e+06
151	3.5792e+06
152	3.57991e+06
153	3.57523e+06
154	3.60152e+06
155	3.62211e+06
156	3.63357e+06
157	3.63706e+06
158	3.64215e+06
159	3.65219e+06
160	3.65219e+06
161	3.65273e+06
162	3.65273e+06
163	3.65273e+06
164	3.65273e+06
165	3.65273e+06
166	3.65273e+06
167	3.65273e+06
168	3.65273e+06
169	3.65273e+06
170	3.65273e+06
171	3.65273e+06
172	3.65273e+06
173	3.65273e+06
174	3.65273e+06
175	3.65273e+06
176	3.65273e+06
177	3.65273e+06
178	3.65273e+06
179	3.65273e+06
180	3.65273e+06
181	3.65273e+06
182	3.65273e+06
183	3.65273e+06
184	3.65273e+06
185	3.65273e+06
186	3.65273e+06
187	3.65273e+06
188	3.65273e+06
189	3.65273e+06
190	3.65273e+06
191	3.65273e+06
192	3.65273e+06
193	3.65273e+06
194	3.65273e+06
195	3.65273e+06
196	3.65273e+06
197	3.69358e+06
