Generation	Geometric_mean
1	94.6094
2	94.6094
3	94.6094
4	94.6094
5	4.17991e+06
6	4.17991e+06
7	4.17991e+06
8	4.17991e+06
9	4.32814e+06
10	4.38379e+06
11	4.39062e+06
12	4.39035e+06
13	4.48326e+06
14	4.51152e+06
15	4.50784e+06
16	4.51401e+06
17	4.53445e+06
18	4.56011e+06
19	4.57958e+06
20	4.59925e+06
21	4.6351e+06
22	4.66567e+06
23	4.69307e+06
24	4.7006e+06
25	4.69323e+06
26	4.65035e+06
27	4.62741e+06
28	4.63194e+06
29	4.63894e+06
30	4.69069e+06
31	4.72881e+06
32	4.73339e+06
33	4.74843e+06
34	4.72832e+06
35	4.70386e+06
36	4.69857e+06
37	4.68381e+06
38	4.67655e+06
39	4.70037e+06
40	4.71793e+06
41	4.71621e+06
42	4.72233e+06
43	4.72074e+06
44	4.70192e+06
45	4.67567e+06
46	4.67362e+06
47	4.65697e+06
48	4.64099e+06
49	4.62448e+06
50	4.64747e+06
51	4.64665e+06
52	4.66408e+06
53	4.66902e+06
54	4.67759e+06
55	4.68217e+06
56	4.68877e+06
57	4.73478e+06
58	4.7447e+06
59	4.75055e+06
60	4.76614e+06
61	4.78473e+06
62	4.78251e+06
63	4.78215e+06
64	4.79035e+06
65	4.76698e+06
66	4.74426e+06
67	4.72505e+06
68	4.69401e+06
69	4.69213e+06
70	4.67312e+06
71	4.67672e+06
72	4.68935e+06
73	4.66645e+06
74	4.69171e+06
75	4.70828e+06
76	4.69857e+06
77	4.67233e+06
78	4.70374e+06
79	4.70921e+06
80	4.7206e+06
81	4.72596e+06
82	4.72664e+06
83	4.70639e+06
84	4.6941e+06
85	4.71544e+06
86	4.70535e+06
87	4.70216e+06
88	4.71039e+06
89	4.69181e+06
90	4.7127e+06
91	4.70971e+06
92	4.7107e+06
93	4.72022e+06
94	4.69699e+06
95	4.68074e+06
96	4.66051e+06
97	4.67828e+06
98	4.6883e+06
99	4.6991e+06
100	4.72641e+06
101	4.70297e+06
102	4.69363e+06
103	4.67606e+06
104	4.67641e+06
105	4.67193e+06
106	4.67301e+06
107	4.68675e+06
108	4.69795e+06
109	4.70113e+06
110	4.71111e+06
111	4.7262e+06
112	4.71637e+06
113	4.70467e+06
114	4.71634e+06
115	4.72094e+06
116	4.73385e+06
117	4.74335e+06
118	4.71891e+06
119	4.72929e+06
120	4.74311e+06
121	4.75941e+06
122	4.80145e+06
123	4.80472e+06
124	4.80198e+06
125	4.79055e+06
126	4.78049e+06
127	4.78983e+06
128	4.7944e+06
129	4.79391e+06
130	4.79767e+06
131	4.79723e+06
132	4.80968e+06
133	4.81849e+06
134	4.83887e+06
135	4.86167e+06
136	4.8957e+06
137	4.90933e+06
138	4.92343e+06
139	4.92875e+06
140	4.9344e+06
141	4.9387e+06
142	4.94108e+06
143	4.9417e+06
144	4.9417e+06
145	4.94086e+06
146	4.94086e+06
147	4.94086e+06
148	4.94086e+06
149	4.94086e+06
150	4.94086e+06
151	4.94086e+06
152	4.94086e+06
153	4.94086e+06
154	4.94086e+06
155	4.94086e+06
156	4.94086e+06
157	4.94086e+06
158	4.94086e+06
159	4.94086e+06
160	4.94086e+06
161	4.94086e+06
162	4.94086e+06
163	4.94086e+06
164	4.94086e+06
165	4.94086e+06
166	4.94086e+06
167	4.94086e+06
168	4.94086e+06
169	4.94086e+06
170	4.94086e+06
171	4.94086e+06
172	4.94086e+06
173	4.94086e+06
174	4.94086e+06
175	4.94086e+06
176	4.94086e+06
177	4.94086e+06
178	4.94086e+06
179	4.94086e+06
180	4.96051e+06
