Generation	Geometric_mean
1	409.391
2	409.391
3	409.391
4	409.391
5	634.513
6	704.456
7	730.301
8	730.301
9	2977.02
10	5249.08
11	6001.91
12	6001.91
13	6146.12
14	6022.33
15	5966.73
16	5943.97
17	5880.27
18	5831.64
19	5687.56
20	5700.03
21	5768.95
22	5756.41
23	5683.16
24	5643.49
25	5648.45
26	5670.54
27	5590.4
28	5567.9
29	5511.82
30	5304.16
31	5115.23
32	4923.82
33	4893.62
34	4953.36
35	5074.54
36	5215.72
37	5254.12
38	5180.29
39	5136.79
40	5057.99
41	4861.74
42	4707.72
43	4625.51
44	4609.42
45	4655.41
46	4606.27
47	4603.04
48	4530.56
49	4662.19
50	4715.14
51	4770.43
52	4780.14
53	4867.22
54	4954.93
55	5016.04
56	5113.15
57	5209.56
58	5319.16
59	5443.39
60	5560.53
61	5541.71
62	5756.57
63	6127.15
64	6309.13
65	6461.42
66	6565.85
67	6613.9
68	6775.47
69	6844.73
70	6954.01
71	6871.23
72	6882.7
73	7030.92
74	7001.2
75	7118.13
76	7362.26
77	7490.92
78	7573.65
79	7633.53
80	7708.45
81	7756.19
82	7688.58
83	7564.14
84	7422.29
85	7382.1
86	7268.9
87	7223.23
88	7127.34
89	7205
90	7447.29
91	7546.95
92	7799.86
93	7989.26
94	8014.84
95	8180.75
96	8350.14
97	8434.75
98	8450.29
99	8451.5
100	8518.28
101	8669.94
102	8860.13
103	9003.57
104	9218.59
105	9321.76
106	9284.25
107	9287.27
108	9249.47
109	9235.27
110	9186.14
111	8908.92
112	8812.31
113	8682.73
114	8609.65
115	8401.69
116	8321.87
117	8094.81
118	8002.24
119	8180.49
120	8278.33
121	8457.32
122	8623.34
123	8662.29
124	8540.99
125	8393.65
126	8355.15
127	8391.54
128	8361.38
129	8208.83
130	8140.53
131	8165.7
132	8207.72
133	8304.11
134	8242.06
135	8164.18
136	8060.41
137	8007.76
138	8017.3
139	7887.81
140	7659.51
141	7469.74
142	7301.74
143	7259.48
144	7238.12
145	7233.71
146	7146.91
147	7075.78
148	6960.23
149	6822.98
150	6754.96
151	6619.07
152	6545.28
153	6466.51
154	6413.79
155	6329.47
156	6284.27
157	6266.89
158	6223.51
159	6207.74
160	6173.47
161	6162.89
162	6143.49
163	6143.49
164	6143.49
165	6143.49
166	6143.49
167	6143.49
168	6143.49
169	6143.49
170	6143.49
171	6143.49
172	6143.49
173	6143.49
174	6143.49
175	6143.49
176	6143.49
177	6143.49
178	6143.49
179	6143.49
180	6143.49
181	6143.49
182	6143.49
183	6143.49
184	6143.49
185	6143.49
186	6143.49
187	6143.49
188	6143.49
189	6143.49
190	6143.49
191	6143.49
192	6143.49
193	6143.49
194	6143.49
195	6143.49
196	6143.49
197	6154.31
