Generation	Geometric_mean
1	208.66
2	208.66
3	208.66
4	208.66
5	921217
6	921217
7	921217
8	921217
9	958531
10	981554
11	987962
12	995576
13	1.0023e+06
14	993724
15	981189
16	971592
17	948268
18	900606
19	879648
20	878838
21	897085
22	896031
23	888890
24	895340
25	867949
26	826990
27	824872
28	827638
29	834987
30	845170
31	852472
32	865802
33	883623
34	909540
35	942840
36	969465
37	986162
38	965352
39	940130
40	919306
41	893619
42	894298
43	857136
44	829350
45	803817
46	778672
47	766613
48	754859
49	761046
50	769195
51	775917
52	748985
53	748995
54	731930
55	697531
56	679163
57	662299
58	640257
59	621125
60	577997
61	539602
62	520565
63	491856
64	438948
65	410749
66	372607
67	353231
68	338120
69	288754
70	262229
71	242191
72	228748
73	213583
74	209309
75	188942
76	172640
77	146016
78	114423
79	98242.7
80	78342.3
81	65708.8
82	40767.5
83	30722.9
84	21357.6
85	17074.3
86	10748.7
87	9605.21
88	8496.6
89	7510.07
90	7103.43
91	6919.97
92	6615.08
93	6356.97
94	5997.33
95	5583.28
96	5498.42
97	5377.09
98	5358.11
99	5216.12
100	5115.42
101	4901.64
102	4749.53
103	4639.53
104	4375.74
105	4354.66
106	4382.33
107	4251.32
108	4102.51
109	3892.92
110	3760.8
111	3574.02
112	3398.59
113	3279.78
114	3246.48
115	3225.47
116	3061.5
117	2840.04
118	2760.83
119	2688.18
120	2627.5
121	2570.49
122	2551.03
123	2472.39
124	2351.06
125	2240.17
126	2211.13
127	2181.08
128	2131.65
129	2104.41
130	2046.17
131	1997.63
132	1943.3
133	1937.53
134	1912.01
135	1929.11
136	1921.78
137	1924.17
138	1938.1
139	1940.98
140	1877.69
141	1869.88
142	1897.25
143	1899.96
144	1917.76
145	1946.35
146	1966.29
147	2065.05
148	2097.68
149	2153.91
150	2195.98
151	2303.8
152	2393
153	2498.22
154	2653.28
155	2955.01
156	3182.13
157	3583.57
158	4098.83
159	4582.79
160	5101.24
161	5970.31
162	6702.04
163	7374.89
164	8275.25
165	9180.16
166	9468.88
167	9610.26
168	9648.71
169	9648.71
170	9648.71
171	9648.71
172	9648.71
173	9648.71
174	9648.71
175	9648.71
176	9648.71
177	9648.71
178	9648.71
179	9648.71
180	9648.71
181	9648.71
182	9648.71
183	9648.71
184	9648.71
185	9648.71
186	9648.71
187	9648.71
188	9648.71
189	9648.71
190	9648.71
191	9648.71
192	9648.71
193	9648.71
194	9648.71
195	9648.71
196	9648.71
197	9906.84
