Generation	Geometric_mean
1	126.43
2	126.43
3	126.43
4	126.43
5	3.60139e+06
6	3.60139e+06
7	3.60139e+06
8	3.60139e+06
9	3.79396e+06
10	3.78262e+06
11	3.79558e+06
12	3.79925e+06
13	3.85745e+06
14	3.91826e+06
15	3.95418e+06
16	3.95656e+06
17	3.92909e+06
18	3.9564e+06
19	3.99283e+06
20	3.95438e+06
21	3.97476e+06
22	3.96274e+06
23	3.96371e+06
24	4.00476e+06
25	4.01289e+06
26	4.03226e+06
27	4.05069e+06
28	4.01259e+06
29	3.99387e+06
30	3.99628e+06
31	3.95939e+06
32	3.95874e+06
33	3.98314e+06
34	4.00529e+06
35	4.02268e+06
36	4.02492e+06
37	3.98386e+06
38	3.86957e+06
39	3.80711e+06
40	3.8026e+06
41	3.84143e+06
42	3.90938e+06
43	3.94411e+06
44	3.98388e+06
45	4.01308e+06
46	3.95594e+06
47	3.9531e+06
48	4.02514e+06
49	4.002e+06
50	4.02206e+06
51	4.00528e+06
52	4.01763e+06
53	4.02525e+06
54	4.02616e+06
55	3.97287e+06
56	3.92648e+06
57	3.90609e+06
58	3.88322e+06
59	3.91032e+06
60	3.94908e+06
61	3.9398e+06
62	3.92688e+06
63	3.88047e+06
64	3.8423e+06
65	3.83663e+06
66	3.84423e+06
67	3.88634e+06
68	3.9145e+06
69	3.90321e+06
70	3.88094e+06
71	3.92434e+06
72	3.97293e+06
73	3.90876e+06
74	3.91507e+06
75	3.87843e+06
76	3.89149e+06
77	3.87596e+06
78	3.87077e+06
79	3.88518e+06
80	3.88674e+06
81	3.91979e+06
82	3.88334e+06
83	3.90242e+06
84	3.92441e+06
85	3.92386e+06
86	3.92884e+06
87	3.92408e+06
88	3.87534e+06
89	3.88133e+06
90	3.85352e+06
91	3.81499e+06
92	3.77353e+06
93	3.78244e+06
94	3.79188e+06
95	3.82022e+06
96	3.85045e+06
97	3.85848e+06
98	3.82498e+06
99	3.81435e+06
100	3.88617e+06
101	3.91437e+06
102	3.94309e+06
103	3.92705e+06
104	3.88424e+06
105	3.85251e+06
106	3.84859e+06
107	3.8294e+06
108	3.84939e+06
109	3.85519e+06
110	3.80654e+06
111	3.79309e+06
112	3.79265e+06
113	3.76771e+06
114	3.75164e+06
115	3.72926e+06
116	3.72938e+06
117	3.74662e+06
118	3.80472e+06
119	3.9097e+06
120	3.93921e+06
121	3.98245e+06
122	3.99303e+06
123	4.01401e+06
124	4.02233e+06
125	4.03091e+06
126	3.9922e+06
127	3.93476e+06
128	3.90191e+06
129	3.84767e+06
130	3.82844e+06
131	3.82653e+06
132	3.85441e+06
133	3.89021e+06
134	3.90514e+06
135	3.88788e+06
136	3.87045e+06
137	3.85448e+06
138	3.845e+06
139	3.82323e+06
140	3.78157e+06
141	3.61386e+06
142	3.55399e+06
143	3.44658e+06
144	3.35721e+06
145	3.26197e+06
146	3.14536e+06
147	3.09162e+06
148	3.03784e+06
149	2.98706e+06
150	2.90073e+06
151	2.83631e+06
152	2.83631e+06
153	2.8195e+06
154	2.80496e+06
155	2.73774e+06
156	2.62169e+06
157	2.50899e+06
158	2.40017e+06
159	2.3435e+06
160	2.28759e+06
161	2.1321e+06
162	2.00275e+06
163	1.85626e+06
164	1.75741e+06
165	1.69357e+06
166	1.59454e+06
167	1.50297e+06
168	1.40699e+06
169	1.30688e+06
170	1.03043e+06
171	712219
172	341459
173	341459
174	341459
175	341459
176	7987.94
177	7987.94
178	7987.94
179	7987.94
180	6734.69
