Generation	Geometric_mean
1	238.425
2	238.425
3	238.425
4	238.425
5	251.741
6	252.673
7	251.97
8	252.19
9	269.301
10	268.254
11	280.078
12	284.203
13	293.103
14	297.123
15	303.01
16	321.987
17	486.394
18	1305.07
19	1931.78
20	2264
21	3004.7
22	3463.97
23	3893.4
24	4477.36
25	5229.65
26	5434.98
27	5782.21
28	5650.57
29	6059.37
30	6032.83
31	6118.43
32	6683.85
33	7051.74
34	7437.43
35	7534.21
36	7767.4
37	7974.75
38	8170.73
39	8227.23
40	8223.91
41	8196.07
42	8210.13
43	8084.13
44	8026.23
45	8045.14
46	8075.56
47	8149.42
48	8371.39
49	8441.77
50	8368.11
51	8261.89
52	8212.08
53	8075.33
54	7998.34
55	8042.54
56	8105.39
57	8275.01
58	8383.96
59	8498.11
60	8561.03
61	8629.92
62	8664.43
63	8625.02
64	8597.78
65	8523.35
66	8326.41
67	8060.84
68	7868.22
69	7762.47
70	7789.55
71	7806.96
72	7716.23
73	7460.38
74	7336.23
75	7304.07
76	7441.91
77	7574.17
78	7450.9
79	7341.82
80	7235.84
81	7037.18
82	6960.46
83	6897.77
84	6748.37
85	6684.19
86	6669.26
87	6459.62
88	6249.9
89	6113.75
90	6050.06
91	6070.76
92	6180.26
93	6377.68
94	6453.98
95	6562.08
96	6526.57
97	6489.25
98	6442.77
99	6345.07
100	6239.52
101	6341.72
102	6384.89
103	6397.57
104	6192.41
105	6279.93
106	6349.78
107	6428.69
108	6446.55
109	6437.97
110	6647.71
111	6758.23
112	6724.98
113	6685.35
114	6511.9
115	6444.59
116	6551.64
117	6721.57
118	6620.33
119	6508.24
120	6428.59
121	6358.6
122	6346.81
123	6369.77
124	6507.09
125	6510.81
126	6638.99
127	6734.69
128	6829.75
129	6808.91
130	6733.45
131	6802.84
132	6718.02
133	6801.29
134	6841.52
135	6838.92
136	6870.86
137	6948.76
138	7112.59
139	7339.21
140	7526.49
141	7793.03
142	7947.76
143	7849.7
144	7930.92
145	7927.45
146	8099.73
147	8296.49
148	8384.42
149	8612.97
150	8620.07
151	8745.01
152	8936.84
153	8922.07
154	8934.16
155	8936.94
156	8968.65
157	9032.22
158	9140.2
159	9315.61
160	9598.7
161	9976.16
162	10127.5
163	10365
164	10893.1
165	11541.6
166	11947
167	12452
168	12764.8
169	13685.9
170	14048.4
171	14782.1
172	15344.6
173	16314.1
174	17023.6
175	17962.2
176	18926.7
177	20448.5
178	21419.9
179	22073.8
180	23349.3
181	24264
182	24947.6
183	25268.3
184	26230.8
185	27850
186	28720.7
187	29491.4
188	30508.4
189	31039.7
190	31039.7
191	31039.7
192	31039.7
193	31039.7
194	31424.8
