Generation	Geometric_mean
1	52530.9
2	52530.9
3	52530.9
4	52530.9
5	40614.7
6	30013.4
7	24137.7
8	4220.59
9	3832.59
10	2134.84
11	1362.38
12	126.475
13	122.894
14	126.39
15	206.436
16	135584
17	1.66505e+06
18	3.2789e+06
19	3.29062e+06
20	3.2979e+06
21	3.32184e+06
22	3.39451e+06
23	3.40513e+06
24	3.43543e+06
25	3.52483e+06
26	3.5503e+06
27	3.53222e+06
28	3.55486e+06
29	3.55167e+06
30	3.54475e+06
31	3.5433e+06
32	3.46956e+06
33	3.38499e+06
34	3.35588e+06
35	3.36321e+06
36	3.39754e+06
37	3.37779e+06
38	3.35241e+06
39	3.3279e+06
40	3.29786e+06
41	3.3889e+06
42	3.3964e+06
43	3.44295e+06
44	3.48236e+06
45	3.42839e+06
46	3.39902e+06
47	3.39479e+06
48	3.40931e+06
49	3.37337e+06
50	3.33708e+06
51	3.30573e+06
52	3.30908e+06
53	3.27228e+06
54	3.28066e+06
55	3.31817e+06
56	3.32162e+06
57	3.36557e+06
58	3.43827e+06
59	3.45621e+06
60	3.5001e+06
61	3.54292e+06
62	3.51096e+06
63	3.50884e+06
64	3.50529e+06
65	3.47959e+06
66	3.49643e+06
67	3.53404e+06
68	3.50614e+06
69	3.49067e+06
70	3.44683e+06
71	3.44306e+06
72	3.44772e+06
73	3.41655e+06
74	3.45976e+06
75	3.46893e+06
76	3.44109e+06
77	3.39355e+06
78	3.31953e+06
79	3.29796e+06
80	3.2841e+06
81	3.26833e+06
82	3.25054e+06
83	3.24723e+06
84	3.29764e+06
85	3.36923e+06
86	3.40661e+06
87	3.45479e+06
88	3.44452e+06
89	3.44267e+06
90	3.45966e+06
91	3.43411e+06
92	3.44011e+06
93	3.41983e+06
94	3.36101e+06
95	3.40672e+06
96	3.42102e+06
97	3.45085e+06
98	3.47778e+06
99	3.48912e+06
100	3.48549e+06
101	3.44625e+06
102	3.44781e+06
103	3.42862e+06
104	3.35918e+06
105	3.34404e+06
106	3.32518e+06
107	3.33269e+06
108	3.38599e+06
109	3.4149e+06
110	3.41549e+06
111	3.39692e+06
112	3.33698e+06
113	3.31067e+06
114	3.2807e+06
115	3.25008e+06
116	3.12854e+06
117	3.07058e+06
118	3.0468e+06
119	3.0414e+06
120	3.00964e+06
121	2.94441e+06
122	2.96714e+06
123	3.00841e+06
124	3.0502e+06
125	3.09315e+06
126	3.10714e+06
127	3.12243e+06
128	3.12057e+06
129	3.14079e+06
130	3.18406e+06
131	3.20092e+06
132	3.21593e+06
133	3.19864e+06
134	3.20998e+06
135	3.19483e+06
136	3.19023e+06
137	3.11594e+06
138	3.02371e+06
139	2.97699e+06
140	2.9628e+06
141	2.93734e+06
142	2.90158e+06
143	2.8508e+06
144	2.7793e+06
145	2.73641e+06
146	2.67509e+06
147	2.62776e+06
148	2.5374e+06
149	2.43757e+06
150	2.2707e+06
151	2.15273e+06
152	2.08496e+06
153	2.02096e+06
154	1.97643e+06
155	1.93468e+06
156	1.86206e+06
157	1.8349e+06
158	1.77758e+06
159	1.76562e+06
160	1.76562e+06
161	1.7312e+06
162	1.65276e+06
163	1.64166e+06
164	1.5993e+06
165	1.56848e+06
166	1.54807e+06
167	1.54807e+06
168	1.54807e+06
169	1.54807e+06
170	1.54807e+06
171	1.54807e+06
172	1.54807e+06
173	1.54807e+06
174	1.54807e+06
175	1.54807e+06
176	1.54807e+06
177	1.54807e+06
178	1.54807e+06
179	1.54807e+06
180	1.54807e+06
181	1.54807e+06
182	1.54807e+06
183	1.53303e+06
184	1.4605e+06
185	589839
186	589839
187	589839
188	589839
189	544008
