Generation	Geometric_mean
1	656.971
2	656.971
3	656.971
4	656.971
5	578.55
6	567.197
7	563.98
8	558.508
9	508.342
10	491.708
11	495.861
12	558.089
13	4245.24
14	15880.7
15	64709.1
16	70799.7
17	78566
18	74155.5
19	71132.2
20	72922.3
21	73341.7
22	74346.4
23	74795
24	74973.8
25	75757.3
26	77417.2
27	79009
28	77595.6
29	76975.6
30	76664
31	77884.1
32	79975.1
33	80392.2
34	82897.5
35	86542.2
36	87090.7
37	89282.7
38	90922.8
39	91207.7
40	92035.3
41	91945.6
42	92072.5
43	91758.8
44	91327
45	90254.9
46	89807.7
47	88102.9
48	88694.2
49	87746.7
50	88254.9
51	87645.7
52	85488.2
53	84162
54	81682.1
55	81482.8
56	80101.1
57	80888.8
58	82154.6
59	83115.1
60	83919
61	85045.5
62	85470.6
63	86334.6
64	86722.8
65	88147.7
66	90235.4
67	92448.2
68	94365.9
69	95096
70	96494.6
71	97835.6
72	100698
73	98401.4
74	98407.1
75	97589.4
76	97556.6
77	96241.4
78	94242
79	92191
80	91713
81	92636.8
82	93188.5
83	93250.3
84	92672.2
85	93297.9
86	93095.3
87	93414.7
88	92260.6
89	92549.1
90	92001.5
91	90773.1
92	91882.9
93	91927.7
94	93195.1
95	94743.9
96	94771.7
97	94856.4
98	94631.9
99	94084.3
100	93149.2
101	91767.2
102	91912.4
103	92664.3
104	92794.5
105	92789.1
106	92403.5
107	91568.4
108	91269.3
109	91522.7
110	90604.1
111	87401.5
112	83570.8
113	78577.4
114	76020.4
115	75670.5
116	75720.6
117	75267.5
118	77836
119	78362.6
120	79071.2
121	77926.2
122	77623.6
123	77916
124	77012.9
125	75701.7
126	74988.9
127	74941.3
128	73784.4
129	74520.7
130	72671.9
131	72222.8
132	72357.3
133	72279.3
134	73751.4
135	74699.7
136	75208.9
137	74442.8
138	74940.7
139	74920
140	74230.3
141	73815.6
142	73453.5
143	73300.9
144	74014.3
145	73889.4
146	73120.3
147	73250
148	72719.2
149	72395.7
150	72331
151	71875.8
152	71531.9
153	70554.8
154	70217.1
155	69191.9
156	68370.4
157	67686.9
158	66873.3
159	60258.9
160	46055.6
161	21546
162	10119.9
163	5227.54
164	2961.04
165	2000.18
166	1737.03
167	1672.48
168	1624.44
169	1624.44
170	1624.44
171	1624.44
172	1624.44
173	1624.44
174	1624.44
175	1624.44
176	1624.44
177	1624.44
178	1624.44
179	1624.44
180	1624.44
181	1624.44
182	1624.44
183	1624.44
184	1624.44
185	1624.44
186	1624.44
187	1624.44
188	1624.44
189	1624.44
190	1624.44
191	1624.44
192	1624.44
193	1624.44
194	1624.44
195	1624.44
196	1624.44
197	1903.2
