Generation	Geometric_mean
1	577.507
2	577.507
3	577.507
4	577.507
5	699.202
6	712.887
7	715.504
8	718.339
9	748.056
10	764.909
11	800.237
12	864.448
13	916.991
14	1020.05
15	1110.88
16	2004.74
17	13154.3
18	24209.5
19	34140.1
20	34529.4
21	37929.8
22	41728.9
23	42630.3
24	42502.1
25	52918.1
26	54480.2
27	53639.8
28	53041.4
29	53035.3
30	49920.8
31	47130.7
32	46549.7
33	46197.7
34	45976.6
35	46187.6
36	46292.4
37	46792.2
38	47367.4
39	49354.2
40	50452.2
41	52804.4
42	54312.6
43	55857.3
44	58019.4
45	57851.9
46	58416.3
47	58813.9
48	58862.4
49	58341.3
50	58531.8
51	58643.7
52	59694.5
53	61277.9
54	62618.3
55	65972.5
56	65967.5
57	66486.4
58	67010
59	68481.4
60	69169.1
61	70906.1
62	74768.7
63	77011.3
64	78916
65	81397.8
66	86155.6
67	87178.3
68	86133.4
69	90064.4
70	94931.7
71	98571.8
72	104085
73	109039
74	114396
75	118451
76	120101
77	120947
78	123287
79	122652
80	121593
81	122904
82	121209
83	121206
84	121072
85	120097
86	120464
87	117506
88	118538
89	118583
90	119011
91	120158
92	120523
93	120866
94	121992
95	123431
96	125443
97	128129
98	128290
99	126974
100	127214
101	128840
102	128881
103	126542
104	126459
105	126478
106	126976
107	127956
108	130004
109	131576
110	130300
111	130750
112	131737
113	131043
114	130609
115	128478
116	128785
117	128840
118	129904
119	128913
120	127702
121	127545
122	126561
123	127379
124	125470
125	126059
126	126538
127	127955
128	129031
129	130098
130	129250
131	128331
132	126739
133	122844
134	118862
135	116228
136	116240
137	113463
138	114345
139	115219
140	114936
141	115596
142	114902
143	113619
144	112559
145	112646
146	112405
147	112145
148	112327
149	111939
150	111647
151	110871
152	109824
153	109454
154	109284
155	109225
156	108476
157	107275
158	106902
159	106597
160	106100
161	105645
162	105369
163	105295
164	105295
165	105295
166	105295
167	105295
168	105295
169	105295
170	105295
171	105295
172	105295
173	105295
174	105295
175	105295
176	105295
177	105295
178	105295
179	105295
180	105295
181	105295
182	105295
183	105295
184	105295
185	105295
186	105295
187	105295
188	105295
189	105295
190	105295
191	105295
192	104278
193	2237.45
194	2237.45
195	2237.45
196	2237.45
197	1887.07
