Generation	Geometric_mean
1	281.129
2	281.129
3	281.129
4	281.129
5	81257.3
6	81257.3
7	81257.3
8	81257.3
9	85459.4
10	85789.5
11	86491.3
12	86358.4
13	88040.6
14	91433
15	92299
16	92837.2
17	93449.9
18	94094.1
19	97414.4
20	96260
21	95496
22	94290
23	93550.3
24	92239.7
25	90139.3
26	88132.1
27	86269.2
28	85165.4
29	83548.2
30	81670.5
31	81882
32	82092.9
33	84892
34	83047.3
35	81421
36	78769
37	76814.2
38	75519.1
39	74149.8
40	72821.8
41	68377
42	63498.4
43	57371.5
44	54467.1
45	52308.6
46	50863.6
47	48340.8
48	47556
49	45997.1
50	42918.9
51	39323.2
52	33445.6
53	24906.7
54	10712.5
55	4271.36
56	1838.88
57	1322
58	971.096
59	778.266
60	652.374
61	613.639
62	579.107
63	549.626
64	524.83
65	508.026
66	518.798
67	699.948
68	1173.13
69	1973.92
70	4660.45
71	11735
72	49158.9
73	456652
74	1.34505e+06
75	1.97717e+06
76	2.49126e+06
77	2.89285e+06
78	3.2686e+06
79	3.51173e+06
80	3.53462e+06
81	3.53011e+06
82	3.49572e+06
83	3.44037e+06
84	3.39539e+06
85	3.32229e+06
86	3.24375e+06
87	3.22048e+06
88	3.26136e+06
89	3.28158e+06
90	3.32664e+06
91	3.35795e+06
92	3.33301e+06
93	3.27734e+06
94	3.22863e+06
95	3.21184e+06
96	3.18589e+06
97	3.2089e+06
98	3.21735e+06
99	3.22712e+06
100	3.19773e+06
101	3.24444e+06
102	3.26841e+06
103	3.32971e+06
104	3.36055e+06
105	3.37404e+06
106	3.32139e+06
107	3.31851e+06
108	3.37877e+06
109	3.39396e+06
110	3.41075e+06
111	3.45973e+06
112	3.45289e+06
113	3.4604e+06
114	3.42619e+06
115	3.34789e+06
116	3.333e+06
117	3.31537e+06
118	3.32297e+06
119	3.33112e+06
120	3.32689e+06
121	3.30305e+06
122	3.31815e+06
123	3.35292e+06
124	3.39752e+06
125	3.41785e+06
126	3.39945e+06
127	3.425e+06
128	3.45162e+06
129	3.4637e+06
130	3.47285e+06
131	3.47075e+06
132	3.48984e+06
133	3.48861e+06
134	3.55647e+06
135	3.62586e+06
136	3.67996e+06
137	3.69703e+06
138	3.68603e+06
139	3.67845e+06
140	3.64608e+06
141	3.64695e+06
142	3.65609e+06
143	3.68407e+06
144	3.72059e+06
145	3.76568e+06
146	3.78829e+06
147	3.83415e+06
148	3.85875e+06
149	3.89476e+06
150	3.90328e+06
151	3.92175e+06
152	3.94162e+06
153	3.96401e+06
154	4.0258e+06
155	4.08192e+06
156	4.10334e+06
157	4.12364e+06
158	4.13207e+06
159	4.13577e+06
160	4.13577e+06
161	4.13577e+06
162	4.13577e+06
163	4.13577e+06
164	4.13577e+06
165	4.13577e+06
166	4.13577e+06
167	4.13577e+06
168	4.13577e+06
169	4.13577e+06
170	4.13577e+06
171	4.13577e+06
172	4.13577e+06
173	4.13577e+06
174	4.13577e+06
175	4.13577e+06
176	4.13577e+06
177	4.13577e+06
178	4.13577e+06
179	4.13577e+06
180	4.13577e+06
181	4.13577e+06
182	4.13577e+06
183	4.13577e+06
184	4.13577e+06
185	4.13577e+06
186	4.13577e+06
187	4.13577e+06
188	4.13577e+06
189	4.13577e+06
190	4.13577e+06
191	4.13577e+06
192	4.13577e+06
193	4.13577e+06
194	4.13577e+06
195	4.13577e+06
196	4.13577e+06
197	4.116e+06
