Generation	Geometric_mean
1	94.602
2	94.602
3	94.602
4	94.602
5	4.12123e+06
6	4.12123e+06
7	4.12123e+06
8	4.12123e+06
9	4.52928e+06
10	4.54903e+06
11	4.56763e+06
12	4.56699e+06
13	4.57988e+06
14	4.62758e+06
15	4.65869e+06
16	4.6741e+06
17	4.70778e+06
18	4.71433e+06
19	4.71315e+06
20	4.71755e+06
21	4.74011e+06
22	4.75647e+06
23	4.78092e+06
24	4.77004e+06
25	4.74229e+06
26	4.7491e+06
27	4.75392e+06
28	4.76355e+06
29	4.78138e+06
30	4.78931e+06
31	4.7902e+06
32	4.78589e+06
33	4.78819e+06
34	4.80352e+06
35	4.77667e+06
36	4.77646e+06
37	4.78655e+06
38	4.79004e+06
39	4.80795e+06
40	4.81985e+06
41	4.81905e+06
42	4.81144e+06
43	4.80745e+06
44	4.80532e+06
45	4.80866e+06
46	4.80269e+06
47	4.79597e+06
48	4.79878e+06
49	4.80074e+06
50	4.80424e+06
51	4.81576e+06
52	4.82384e+06
53	4.83648e+06
54	4.83522e+06
55	4.83231e+06
56	4.83398e+06
57	4.82095e+06
58	4.82285e+06
59	4.82353e+06
60	4.8212e+06
61	4.81921e+06
62	4.81288e+06
63	4.81136e+06
64	4.80638e+06
65	4.79961e+06
66	4.79194e+06
67	4.79103e+06
68	4.79739e+06
69	4.81814e+06
70	4.81908e+06
71	4.83024e+06
72	4.81617e+06
73	4.79923e+06
74	4.78779e+06
75	4.77298e+06
76	4.75666e+06
77	4.75096e+06
78	4.75314e+06
79	4.76753e+06
80	4.78335e+06
81	4.79374e+06
82	4.80459e+06
83	4.80716e+06
84	4.8116e+06
85	4.79564e+06
86	4.78068e+06
87	4.73934e+06
88	4.71726e+06
89	4.70397e+06
90	4.70086e+06
91	4.7321e+06
92	4.73914e+06
93	4.75228e+06
94	4.75558e+06
95	4.75926e+06
96	4.74222e+06
97	4.71989e+06
98	4.72649e+06
99	4.72067e+06
100	4.72794e+06
101	4.74362e+06
102	4.73247e+06
103	4.72328e+06
104	4.7043e+06
105	4.69454e+06
106	4.68979e+06
107	4.69992e+06
108	4.67483e+06
109	4.65373e+06
110	4.62042e+06
111	4.59565e+06
112	4.60895e+06
113	4.64235e+06
114	4.67655e+06
115	4.7152e+06
116	4.74011e+06
117	4.74085e+06
118	4.71956e+06
119	4.72217e+06
120	4.70915e+06
121	4.713e+06
122	4.73148e+06
123	4.71699e+06
124	4.73662e+06
125	4.72756e+06
126	4.70221e+06
127	4.7108e+06
128	4.73235e+06
129	4.74442e+06
130	4.75784e+06
131	4.77023e+06
132	4.76996e+06
133	4.78162e+06
134	4.78368e+06
135	4.79824e+06
136	4.80695e+06
137	4.81994e+06
138	4.83505e+06
139	4.85274e+06
140	4.86442e+06
141	4.86617e+06
142	4.87551e+06
143	4.88209e+06
144	4.88927e+06
145	4.88681e+06
146	4.88978e+06
147	4.88904e+06
148	4.88922e+06
149	4.8893e+06
150	4.8893e+06
151	4.8893e+06
152	4.8893e+06
153	4.8893e+06
154	4.8893e+06
155	4.8893e+06
156	4.8893e+06
157	4.8893e+06
158	4.8893e+06
159	4.8893e+06
160	4.8893e+06
161	4.8893e+06
162	4.8893e+06
163	4.8893e+06
164	4.8893e+06
165	4.8893e+06
166	4.8893e+06
167	4.8893e+06
168	4.8893e+06
169	4.8893e+06
170	4.8893e+06
171	4.8893e+06
172	4.8893e+06
173	4.8893e+06
174	4.8893e+06
175	4.8893e+06
176	4.8893e+06
177	4.8893e+06
178	4.8893e+06
179	4.8893e+06
180	4.8893e+06
181	4.8893e+06
182	4.8893e+06
183	4.8893e+06
184	4.88109e+06
