Generation	Geometric_mean
1	128.231
2	128.231
3	128.231
4	128.231
5	4.06956e+06
6	4.06956e+06
7	4.06956e+06
8	4.06956e+06
9	4.35764e+06
10	4.45942e+06
11	4.47813e+06
12	4.4829e+06
13	4.56206e+06
14	4.6187e+06
15	4.62857e+06
16	4.6346e+06
17	4.65195e+06
18	4.69757e+06
19	4.71607e+06
20	4.74185e+06
21	4.78503e+06
22	4.80569e+06
23	4.81727e+06
24	4.81288e+06
25	4.79939e+06
26	4.78184e+06
27	4.76619e+06
28	4.7602e+06
29	4.74677e+06
30	4.72218e+06
31	4.71442e+06
32	4.68342e+06
33	4.67048e+06
34	4.67895e+06
35	4.65612e+06
36	4.68859e+06
37	4.69021e+06
38	4.70502e+06
39	4.70322e+06
40	4.68863e+06
41	4.67774e+06
42	4.67621e+06
43	4.6732e+06
44	4.66755e+06
45	4.69593e+06
46	4.70833e+06
47	4.70358e+06
48	4.73231e+06
49	4.72797e+06
50	4.72111e+06
51	4.7268e+06
52	4.71396e+06
53	4.69994e+06
54	4.6851e+06
55	4.68962e+06
56	4.67167e+06
57	4.67185e+06
58	4.65026e+06
59	4.63516e+06
60	4.63171e+06
61	4.63201e+06
62	4.67174e+06
63	4.6809e+06
64	4.70865e+06
65	4.72179e+06
66	4.72748e+06
67	4.7199e+06
68	4.69636e+06
69	4.68416e+06
70	4.68475e+06
71	4.67303e+06
72	4.66901e+06
73	4.6612e+06
74	4.64952e+06
75	4.66487e+06
76	4.69272e+06
77	4.71719e+06
78	4.72411e+06
79	4.71698e+06
80	4.70138e+06
81	4.68919e+06
82	4.66756e+06
83	4.65706e+06
84	4.6651e+06
85	4.65688e+06
86	4.66345e+06
87	4.6309e+06
88	4.57844e+06
89	4.58599e+06
90	4.60667e+06
91	4.62928e+06
92	4.67226e+06
93	4.68412e+06
94	4.63499e+06
95	4.6165e+06
96	4.62408e+06
97	4.62764e+06
98	4.65469e+06
99	4.64749e+06
100	4.6356e+06
101	4.60769e+06
102	4.59056e+06
103	4.58585e+06
104	4.56889e+06
105	4.53154e+06
106	4.49229e+06
107	4.49322e+06
108	4.49222e+06
109	4.52309e+06
110	4.57397e+06
111	4.59842e+06
112	4.61009e+06
113	4.60338e+06
114	4.58998e+06
115	4.61202e+06
116	4.64325e+06
117	4.64694e+06
118	4.64404e+06
119	4.61553e+06
120	4.58176e+06
121	4.58206e+06
122	4.59569e+06
123	4.58445e+06
124	4.61257e+06
125	4.62664e+06
126	4.63084e+06
127	4.63734e+06
128	4.66171e+06
129	4.67194e+06
130	4.67719e+06
131	4.66967e+06
132	4.66416e+06
133	4.67612e+06
134	4.67664e+06
135	4.68438e+06
136	4.7039e+06
137	4.71136e+06
138	4.72976e+06
139	4.75302e+06
140	4.77212e+06
141	4.77453e+06
142	4.79869e+06
143	4.81141e+06
144	4.80112e+06
145	4.81067e+06
146	4.82799e+06
147	4.83707e+06
148	4.86437e+06
149	4.87798e+06
150	4.88086e+06
151	4.88185e+06
152	4.8838e+06
153	4.88452e+06
154	4.88496e+06
155	4.88506e+06
156	4.88506e+06
157	4.88506e+06
158	4.88506e+06
159	4.88506e+06
160	4.88506e+06
161	4.88506e+06
162	4.88506e+06
163	4.88506e+06
164	4.88506e+06
165	4.88506e+06
166	4.88506e+06
167	4.88506e+06
168	4.88506e+06
169	4.88506e+06
170	4.88506e+06
171	4.88506e+06
172	4.88506e+06
173	4.88506e+06
174	4.88506e+06
175	4.88506e+06
176	4.88506e+06
177	4.88506e+06
178	4.88506e+06
179	4.88506e+06
180	4.88506e+06
181	4.88506e+06
182	4.88506e+06
183	4.88506e+06
184	4.88506e+06
185	4.88506e+06
186	4.88506e+06
187	4.88506e+06
188	4.88506e+06
189	4.87752e+06
