Generation	Geometric_mean
1	236.34
2	236.34
3	236.34
4	236.34
5	142465
6	142465
7	142465
8	142465
9	146718
10	143727
11	143656
12	143109
13	139994
14	138310
15	138581
16	139460
17	142106
18	144964
19	147344
20	146346
21	150347
22	148046
23	149987
24	146847
25	144627
26	146113
27	140910
28	142481
29	140238
30	138043
31	135090
32	132903
33	134355
34	135802
35	140973
36	144300
37	146964
38	144324
39	139194
40	135488
41	132831
42	132568
43	125686
44	122586
45	112427
46	109398
47	108765
48	108279
49	104917
50	102363
51	99034.8
52	95236.8
53	90625.7
54	87931.1
55	86164.7
56	83063.8
57	79482.8
58	78446.8
59	74119.6
60	71075.9
61	66209.8
62	60495.4
63	60735.5
64	56362.2
65	53006.8
66	36605.7
67	30707.6
68	20817.7
69	6323.31
70	2470.65
71	1724.92
72	1399.96
73	1102.24
74	951.87
75	864.911
76	810.327
77	741.326
78	701.326
79	667.837
80	661.05
81	684.089
82	689.552
83	698.954
84	732.719
85	754.616
86	763.297
87	975.034
88	1271.43
89	1685.22
90	2278.45
91	3930.69
92	18181.8
93	91093.6
94	305709
95	769496
96	1.01709e+06
97	1.24192e+06
98	1.79194e+06
99	1.8574e+06
100	2.12739e+06
101	2.23376e+06
102	2.42416e+06
103	2.43921e+06
104	2.3963e+06
105	2.34583e+06
106	2.31697e+06
107	2.30688e+06
108	2.31273e+06
109	2.3011e+06
110	2.35177e+06
111	2.34602e+06
112	2.46379e+06
113	2.49667e+06
114	2.56466e+06
115	2.71166e+06
116	2.82763e+06
117	2.85244e+06
118	2.83581e+06
119	2.916e+06
120	2.95436e+06
121	2.95695e+06
122	2.99473e+06
123	3.02757e+06
124	3.01911e+06
125	3.02488e+06
126	3.09596e+06
127	3.09904e+06
128	3.11883e+06
129	3.14692e+06
130	3.12318e+06
131	3.10196e+06
132	3.15286e+06
133	3.21049e+06
134	3.23944e+06
135	3.25597e+06
136	3.28733e+06
137	3.32973e+06
138	3.37018e+06
139	3.42745e+06
140	3.43244e+06
141	3.47368e+06
142	3.52328e+06
143	3.53834e+06
144	3.55018e+06
145	3.58225e+06
146	3.60206e+06
147	3.64142e+06
148	3.67575e+06
149	3.70295e+06
150	3.68991e+06
151	3.67728e+06
152	3.67118e+06
153	3.67589e+06
154	3.67628e+06
155	3.6759e+06
156	3.68651e+06
157	3.69934e+06
158	3.70066e+06
159	3.70066e+06
160	3.70066e+06
161	3.70066e+06
162	3.70066e+06
163	3.70066e+06
164	3.70066e+06
165	3.70066e+06
166	3.70066e+06
167	3.70066e+06
168	3.70066e+06
169	3.70066e+06
170	3.70066e+06
171	3.70066e+06
172	3.70066e+06
173	3.70066e+06
174	3.70066e+06
175	3.70066e+06
176	3.70066e+06
177	3.70066e+06
178	3.70066e+06
179	3.70066e+06
180	3.70066e+06
181	3.70066e+06
182	3.70066e+06
183	3.70066e+06
184	3.70066e+06
185	3.70066e+06
186	3.70066e+06
187	3.70066e+06
188	3.70066e+06
189	3.70066e+06
190	3.70066e+06
191	3.70066e+06
192	3.70066e+06
193	3.70066e+06
194	3.70066e+06
195	3.70066e+06
196	3.70066e+06
197	3.78342e+06
