Generation	Geometric_mean
1	250.666
2	250.666
3	250.666
4	250.666
5	85450
6	85450
7	85450
8	85450
9	89940.6
10	91563.5
11	92722.2
12	92449.5
13	91611
14	94626.7
15	96078.2
16	97113.9
17	102312
18	105620
19	105897
20	105839
21	105373
22	102663
23	99899.1
24	97151.3
25	92622.6
26	92181.7
27	91416.2
28	90522.5
29	89151.3
30	88774.4
31	87701.4
32	88226.1
33	87093.2
34	84920.8
35	82889.9
36	80813.7
37	81218.2
38	80976.4
39	80281.7
40	79099
41	78554.8
42	78141.6
43	76594.6
44	74312.8
45	72451.1
46	70058.1
47	67648.7
48	66325.9
49	66176.9
50	65704.5
51	64270.5
52	62373.4
53	61597.3
54	61042.3
55	60550.3
56	59296.5
57	59677.7
58	60391.9
59	47198.8
60	29914.7
61	17946.4
62	11147.6
63	5803.86
64	2515.4
65	1861.83
66	1824.21
67	1564.78
68	1410.73
69	1382.36
70	1302.39
71	1282.98
72	1206.2
73	1122.22
74	1125.79
75	1116.3
76	1080.57
77	1076.48
78	1055.57
79	1057.8
80	1102.89
81	1108.22
82	1184.47
83	1200.53
84	1205.13
85	1217.59
86	1188.26
87	1219.1
88	1285.99
89	1357.54
90	1528.29
91	1652.6
92	2026.8
93	2202.94
94	2578.99
95	3005.75
96	3593.47
97	8250.56
98	17535.5
99	26311.8
100	41741.8
101	52564
102	58635.2
103	67893.2
104	70573.7
105	80947
106	85447.4
107	102694
108	121932
109	130405
110	138757
111	147539
112	158529
113	180041
114	193051
115	204842
116	207894
117	210224
118	214336
119	214895
120	212086
121	211612
122	214188
123	227408
124	248384
125	270108
126	279734
127	293348
128	318756
129	335199
130	350581
131	366632
132	376140
133	387569
134	402030
135	404469
136	404014
137	404336
138	401909
139	398936
140	392808
141	394162
142	399112
143	408320
144	415331
145	420559
146	421813
147	422022
148	424065
149	425173
150	425651
151	428878
152	433471
153	440317
154	442849
155	449840
156	460166
157	463459
158	472421
159	479698
160	479762
161	479762
162	479762
163	479762
164	479762
165	479762
166	479762
167	479762
168	479762
169	479762
170	479762
171	479762
172	479762
173	479762
174	479762
175	479762
176	479762
177	479762
178	479762
179	479762
180	479762
181	479762
182	479762
183	479762
184	479762
185	479762
186	479762
187	479762
188	479762
189	479762
190	479762
191	479762
192	479762
193	479762
194	479762
195	479762
196	474225
