Generation	Geometric_mean
1	225.634
2	225.634
3	225.634
4	225.634
5	106712
6	106712
7	106712
8	106712
9	109983
10	109293
11	108988
12	109029
13	110906
14	114544
15	115779
16	116862
17	115449
18	114377
19	112692
20	111292
21	110998
22	108142
23	109020
24	111476
25	112643
26	114452
27	117884
28	120940
29	121473
30	120136
31	118971
32	117578
33	115789
34	112510
35	111089
36	112592
37	111348
38	110558
39	107927
40	106333
41	96220.9
42	76770.6
43	60033.1
44	53913.6
45	39870.4
46	25025.7
47	18506.8
48	14740.6
49	12816.7
50	10135.2
51	9329.98
52	8601.95
53	8289.1
54	8268.78
55	8268.18
56	8236.35
57	8202.97
58	8147.68
59	7960.47
60	8007.47
61	8080.81
62	8122.79
63	8017.36
64	7615.74
65	7481.03
66	7370.67
67	7384.83
68	7488.97
69	7413.86
70	7170.64
71	7037.12
72	7067.7
73	6825.3
74	6761.91
75	6798.79
76	6781.57
77	6781.11
78	6590.95
79	6484.1
80	6286.41
81	5985.39
82	5865.73
83	5629.11
84	5445.63
85	4920.98
86	4797.52
87	4846.08
88	4883.83
89	4892.72
90	4871.11
91	4861.89
92	4768.39
93	4683.32
94	4620.64
95	4571
96	4489.86
97	4304.46
98	4070.87
99	3944.62
100	3841.21
101	3753.41
102	3572.41
103	3514.52
104	3404.07
105	3344.36
106	3315.8
107	3328.99
108	3276.02
109	3241.69
110	3157.58
111	3123.34
112	3047.81
113	2995.02
114	3006.84
115	2990.91
116	2930.54
117	2758.05
118	2640.56
119	2591.28
120	2527.96
121	2491.67
122	2446.25
123	2405.94
124	2405.24
125	2458.97
126	2487.98
127	2480.37
128	2493.06
129	2493.21
130	2444.53
131	2453.92
132	2419.59
133	2407.36
134	2421.44
135	2410.72
136	2397.68
137	2449.01
138	2381.72
139	2362.78
140	2438.38
141	2518.57
142	2611.39
143	2657.41
144	2718.4
145	2818.44
146	2987.67
147	3135.96
148	3273.98
149	3603.3
150	3779.64
151	4047.9
152	4370.95
153	4629.58
154	4856.77
155	5213.11
156	5722.72
157	6017.1
158	6583.83
159	6816.47
160	7048.78
161	7075.19
162	7247.27
163	7288.78
164	7335.73
165	7335.73
166	7335.73
167	7335.73
168	7335.73
169	7335.73
170	7335.73
171	7335.73
172	7335.73
173	7335.73
174	7335.73
175	7335.73
176	7335.73
177	7335.73
178	7335.73
179	7335.73
180	7335.73
181	7335.73
182	7335.73
183	7401.13
184	7467.31
185	7599.16
186	7663.82
187	7865.91
188	8258.89
189	8537.51
190	8718.41
191	9389.98
192	10720.6
193	12149.2
194	12149.2
195	12149.2
196	12149.2
197	12584.3
