Generation	Geometric_mean
1	295.552
2	295.552
3	295.552
4	295.552
5	257260
6	257260
7	257260
8	257260
9	337291
10	351848
11	352248
12	353733
13	369048
14	378133
15	384311
16	383858
17	399113
18	407151
19	406197
20	402388
21	397841
22	379847
23	370548
24	364851
25	356998
26	363148
27	362390
28	365571
29	362202
30	356534
31	348696
32	346453
33	345906
34	348396
35	351353
36	353519
37	351252
38	347062
39	335813
40	329648
41	318214
42	302726
43	300504
44	291391
45	285270
46	279115
47	273369
48	270725
49	267986
50	264677
51	259996
52	249852
53	246091
54	248048
55	245091
56	228896
57	223850
58	219657
59	211906
60	208022
61	200254
62	194507
63	186931
64	173024
65	161237
66	150583
67	134568
68	129493
69	127045
70	122493
71	122090
72	107453
73	69896.2
74	45378.7
75	30733.5
76	10595.8
77	3958.57
78	1332.31
79	925.499
80	402.704
81	232.38
82	120.101
83	116.549
84	114.487
85	118.71
86	355.637
87	1038.04
88	6810.57
89	26079.3
90	120910
91	247385
92	651308
93	832384
94	898060
95	1.46945e+06
96	1.88914e+06
97	2.36649e+06
98	2.48021e+06
99	2.55652e+06
100	2.76622e+06
101	2.82832e+06
102	2.83144e+06
103	2.78091e+06
104	2.7774e+06
105	2.785e+06
106	2.75353e+06
107	2.71885e+06
108	2.68929e+06
109	2.66897e+06
110	2.70003e+06
111	2.76188e+06
112	2.75909e+06
113	2.7692e+06
114	2.78431e+06
115	2.76733e+06
116	2.78124e+06
117	2.82247e+06
118	2.7883e+06
119	2.73097e+06
120	2.73207e+06
121	2.74534e+06
122	2.78954e+06
123	2.84561e+06
124	2.92347e+06
125	2.98041e+06
126	3.01972e+06
127	3.03674e+06
128	3.01323e+06
129	2.98755e+06
130	2.99208e+06
131	3.01024e+06
132	3.03151e+06
133	3.04602e+06
134	3.05479e+06
135	3.04333e+06
136	3.02219e+06
137	3.03199e+06
138	3.04439e+06
139	3.05727e+06
140	3.09442e+06
141	3.12463e+06
142	3.15773e+06
143	3.19496e+06
144	3.20881e+06
145	3.21307e+06
146	3.22017e+06
147	3.22112e+06
148	3.22224e+06
149	3.22671e+06
150	3.22671e+06
151	3.22671e+06
152	3.22671e+06
153	3.22671e+06
154	3.22671e+06
155	3.22671e+06
156	3.22671e+06
157	3.22671e+06
158	3.22671e+06
159	3.22671e+06
160	3.22671e+06
161	3.22671e+06
162	3.22671e+06
163	3.22671e+06
164	3.22671e+06
165	3.22671e+06
166	3.22671e+06
167	3.22671e+06
168	3.22671e+06
169	3.22671e+06
170	3.22671e+06
171	3.22671e+06
172	3.22671e+06
173	3.22671e+06
174	3.22671e+06
175	3.22671e+06
176	3.22671e+06
177	3.22671e+06
178	3.22671e+06
179	3.22671e+06
180	3.22671e+06
181	3.22671e+06
182	3.23164e+06
