Generation	Geometric_mean
1	96.0012
2	96.0012
3	96.0012
4	96.0012
5	3.96479e+06
6	3.96479e+06
7	3.96479e+06
8	3.96479e+06
9	4.14684e+06
10	4.19021e+06
11	4.20102e+06
12	4.20466e+06
13	4.18863e+06
14	4.21485e+06
15	4.21818e+06
16	4.21989e+06
17	4.24905e+06
18	4.31689e+06
19	4.37115e+06
20	4.37526e+06
21	4.42233e+06
22	4.47603e+06
23	4.47201e+06
24	4.46387e+06
25	4.4379e+06
26	4.41041e+06
27	4.4204e+06
28	4.43894e+06
29	4.46471e+06
30	4.46232e+06
31	4.45243e+06
32	4.42459e+06
33	4.4368e+06
34	4.48967e+06
35	4.53752e+06
36	4.60088e+06
37	4.61771e+06
38	4.6272e+06
39	4.62444e+06
40	4.63176e+06
41	4.62633e+06
42	4.59678e+06
43	4.6166e+06
44	4.5893e+06
45	4.59428e+06
46	4.6198e+06
47	4.61091e+06
48	4.60908e+06
49	4.60677e+06
50	4.60176e+06
51	4.61069e+06
52	4.58833e+06
53	4.58826e+06
54	4.60049e+06
55	4.59453e+06
56	4.61658e+06
57	4.59876e+06
58	4.61207e+06
59	4.60754e+06
60	4.60768e+06
61	4.61468e+06
62	4.60431e+06
63	4.62389e+06
64	4.64397e+06
65	4.6645e+06
66	4.6314e+06
67	4.64385e+06
68	4.64382e+06
69	4.66013e+06
70	4.67116e+06
71	4.66813e+06
72	4.66823e+06
73	4.67004e+06
74	4.66036e+06
75	4.65524e+06
76	4.6402e+06
77	4.63997e+06
78	4.63601e+06
79	4.65612e+06
80	4.65251e+06
81	4.61955e+06
82	4.59578e+06
83	4.59674e+06
84	4.58242e+06
85	4.56397e+06
86	4.5674e+06
87	4.58091e+06
88	4.60198e+06
89	4.62895e+06
90	4.67403e+06
91	4.69057e+06
92	4.70293e+06
93	4.72715e+06
94	4.73113e+06
95	4.72355e+06
96	4.70679e+06
97	4.7172e+06
98	4.70531e+06
99	4.70025e+06
100	4.6985e+06
101	4.67707e+06
102	4.66532e+06
103	4.63679e+06
104	4.65556e+06
105	4.67553e+06
106	4.65818e+06
107	4.66925e+06
108	4.68443e+06
109	4.69745e+06
110	4.6913e+06
111	4.68526e+06
112	4.65787e+06
113	4.61575e+06
114	4.54801e+06
115	4.52733e+06
116	4.53369e+06
117	4.57548e+06
118	4.60533e+06
119	4.6366e+06
120	4.64561e+06
121	4.67673e+06
122	4.66656e+06
123	4.64719e+06
124	4.64085e+06
125	4.63958e+06
126	4.63717e+06
127	4.65868e+06
128	4.66974e+06
129	4.68856e+06
130	4.72234e+06
131	4.74823e+06
132	4.78037e+06
133	4.79663e+06
134	4.81482e+06
135	4.83009e+06
136	4.86087e+06
137	4.8786e+06
138	4.88977e+06
139	4.8971e+06
140	4.90558e+06
141	4.90967e+06
142	4.91081e+06
143	4.91106e+06
144	4.91186e+06
145	4.912e+06
146	4.91351e+06
147	4.91334e+06
148	4.91334e+06
149	4.91334e+06
150	4.91334e+06
151	4.91334e+06
152	4.91334e+06
153	4.91334e+06
154	4.91334e+06
155	4.91334e+06
156	4.91334e+06
157	4.91334e+06
158	4.91334e+06
159	4.91334e+06
160	4.91334e+06
161	4.91334e+06
162	4.91334e+06
163	4.91334e+06
164	4.91334e+06
165	4.91334e+06
166	4.91334e+06
167	4.91334e+06
168	4.91334e+06
169	4.91334e+06
170	4.91334e+06
171	4.91334e+06
172	4.91334e+06
173	4.91334e+06
174	4.91334e+06
175	4.91334e+06
176	4.91334e+06
177	4.91334e+06
178	4.91334e+06
179	4.91799e+06
