Generation	Geometric_mean
1	297.309
2	297.309
3	297.309
4	297.309
5	6004.73
6	6004.73
7	6004.73
8	6004.73
9	6902.63
10	6983.3
11	7028.01
12	7059.69
13	7579.39
14	7686.25
15	7638.38
16	7652.1
17	8149.89
18	8609.25
19	8869.15
20	8857.36
21	9255.65
22	9493.6
23	9595.75
24	9568.48
25	9523.99
26	9531.15
27	9616.61
28	9637.68
29	9695.39
30	9683.71
31	9679.68
32	9659.2
33	9502.99
34	9472.74
35	9360.07
36	9298.23
37	9241.33
38	9301.86
39	9264.88
40	9382.75
41	9365.02
42	9335.48
43	9620.25
44	9647.32
45	9690.7
46	9456.49
47	9254.59
48	8968.01
49	8680.74
50	8472.23
51	8193.53
52	7908.58
53	7716.52
54	7541.4
55	7421.84
56	7300.7
57	7264.88
58	7134.74
59	7077.39
60	6868.15
61	6973.14
62	7058.38
63	6843.24
64	7003.84
65	6824.76
66	6862.38
67	6865.96
68	6767.24
69	6769.25
70	6687.34
71	6704.3
72	6700.51
73	6615.25
74	6514.91
75	6333.61
76	6149.55
77	5909.75
78	5773.48
79	5808.22
80	5652.24
81	5617.95
82	5341.24
83	5277
84	5253.44
85	5207.27
86	5088.04
87	4891.57
88	4719.75
89	4653.86
90	4510.71
91	4199.29
92	3997.93
93	3847.73
94	3784.35
95	3756.87
96	3818.29
97	3818.54
98	3761.72
99	3705.74
100	3659.01
101	3602.74
102	3576.78
103	3580.53
104	3641.46
105	3545.86
106	3445.22
107	3386.9
108	3276.59
109	3034.22
110	2820.61
111	2695.61
112	2603.71
113	2556.83
114	2427.77
115	2300.89
116	2255.86
117	2226.71
118	2176.24
119	2182.49
120	2155.42
121	2158.19
122	2172.91
123	2201.81
124	2167.06
125	2130.7
126	2172.8
127	2151.81
128	2082.31
129	2055.43
130	2048.69
131	1953.32
132	1904.73
133	1880
134	1873.76
135	1874.41
136	1908.32
137	1974.92
138	1984.45
139	2000.61
140	1998.39
141	1997.77
142	2007.38
143	2014.97
144	2044.99
145	2105.07
146	2256.36
147	2353.03
148	2411.97
149	2612.88
150	2692.95
151	2751.94
152	2862.86
153	3036.33
154	3287.5
155	3812.46
156	4363.25
157	4898.32
158	5541.04
159	6391.5
160	7269.93
161	8075.38
162	8668.16
163	9601.79
164	10833.5
165	11462.9
166	11778.4
167	12151.2
168	12324.3
169	12383.7
170	12383.7
171	12383.7
172	12544.8
173	13033.9
174	13199.8
175	13539.8
176	13882
177	14057.8
178	14057.8
179	14057.8
180	14057.8
181	14057.8
182	14057.8
183	14057.8
184	14057.8
185	14057.8
186	14057.8
187	14057.8
188	14057.8
189	14057.8
190	14057.8
191	14057.8
192	14057.8
193	14057.8
194	14057.8
195	14057.8
196	14057.8
197	15795.9
