Generation	Geometric_mean
1	208.433
2	208.433
3	208.433
4	208.433
5	88636.8
6	88636.8
7	88636.8
8	88636.8
9	91648.9
10	93322.8
11	93534.5
12	93782.9
13	94724.8
14	94740.7
15	95057.2
16	94100.6
17	92784.2
18	94224.5
19	94903.8
20	94887.4
21	94693.9
22	97719.1
23	98047.6
24	99586.1
25	100607
26	99521.9
27	95300.9
28	92429.3
29	92662.3
30	91991.2
31	91351.2
32	90616.5
33	88926.7
34	85049.3
35	81138
36	79384.6
37	77387.4
38	78447.2
39	79892.2
40	78685.1
41	78106.4
42	74514
43	69709.6
44	67492.5
45	64166.1
46	61244.9
47	56497.6
48	51341.8
49	48067.3
50	46491.4
51	45223.2
52	45404.9
53	45192.1
54	44414.2
55	43816.1
56	43361.1
57	43085.4
58	43055.4
59	42199.7
60	40464.7
61	39808.2
62	39353
63	38638.1
64	37979.8
65	37412.5
66	36098.9
67	35520.4
68	35290.2
69	33938
70	32625.1
71	31805.8
72	31388.5
73	30752.3
74	31387.7
75	31217.9
76	31206.2
77	30906.5
78	31164.3
79	31468.8
80	31321.2
81	31179.5
82	31237.9
83	31201
84	32084.7
85	33519.8
86	33791.1
87	34415.8
88	35057.6
89	34818.5
90	34622.8
91	34704.7
92	34016
93	33641.1
94	33223.5
95	32676.7
96	32508.7
97	32846.7
98	34207.4
99	34025.5
100	34964.2
101	35207.7
102	36391.4
103	36629
104	35823.7
105	34759.1
106	29665.7
107	20915.7
108	14224
109	11837
110	9425.8
111	7810.84
112	6454.34
113	5564.44
114	5249.11
115	4974.1
116	4768.76
117	4735.54
118	4652.81
119	4600.26
120	4500.82
121	4443.2
122	4398.82
123	4373.74
124	4352.71
125	4265.03
126	4085.98
127	3936.48
128	3712.28
129	3635.06
130	3446.53
131	3200.72
132	3002.48
133	2922.76
134	2843.57
135	2733.12
136	2711.25
137	2626.39
138	2568.47
139	2543.24
140	2529.85
141	2512.49
142	2500.8
143	2498.02
144	2459.22
145	2414.21
146	2324.62
147	2296.66
148	2285.72
149	2272.65
150	2268.48
151	2261.6
152	2241.74
153	2229.02
154	2218.96
155	2216.78
156	2206.15
157	2206.15
158	2193.09
159	2190.34
160	2190.34
161	2190.34
162	2190.34
163	2176.08
164	2161.73
165	2147.94
166	2106.58
167	2092.8
168	2092.8
169	2092.8
170	2079.18
171	2051.76
172	2051.76
173	2051.76
174	2051.76
175	2051.76
176	2051.76
177	2051.76
178	2051.76
179	2051.76
180	2051.76
181	2051.76
182	2051.76
183	2051.76
184	2051.76
185	2051.76
186	2051.76
187	2051.76
188	2051.76
189	2051.76
190	2051.76
191	2051.76
192	2051.76
193	2051.76
194	2051.76
195	2051.76
196	2051.76
197	1857.87
