Generation	Geometric_mean
1	217.062
2	217.062
3	217.062
4	217.062
5	231991
6	231991
7	231991
8	231991
9	228660
10	231559
11	230142
12	230519
13	245679
14	248919
15	251473
16	251423
17	256870
18	258139
19	256719
20	255036
21	261550
22	262484
23	265340
24	271528
25	277426
26	272774
27	270143
28	270799
29	260340
30	260549
31	262951
32	258662
33	261090
34	261985
35	262579
36	261014
37	263372
38	260849
39	259605
40	260017
41	254418
42	250237
43	245966
44	237780
45	234277
46	232868
47	224771
48	224981
49	222388
50	212056
51	206557
52	200812
53	198343
54	197662
55	197860
56	193024
57	183211
58	173330
59	157858
60	146776
61	135871
62	132408
63	128091
64	122448
65	118936
66	114484
67	108941
68	105152
69	103539
70	101343
71	100054
72	99150.6
73	95003.2
74	93730.2
75	94029.4
76	92991.2
77	89685.3
78	85708.3
79	75819.9
80	55701.9
81	40668
82	31733.4
83	20034.6
84	7122.72
85	3807.57
86	2552.57
87	2341.53
88	1665.08
89	1355.59
90	1216.13
91	1057.2
92	956.938
93	894.512
94	866.839
95	811.813
96	800.842
97	795.415
98	796.34
99	801.101
100	822.408
101	866.39
102	873.674
103	925.16
104	983.644
105	1008.31
106	1054.43
107	1977.47
108	2964.77
109	6087.1
110	9104.09
111	16305
112	53670
113	139213
114	266563
115	481498
116	540401
117	739741
118	783868
119	797041
120	783212
121	867089
122	1.00625e+06
123	1.06886e+06
124	1.14382e+06
125	1.22699e+06
126	1.34432e+06
127	1.41609e+06
128	1.51138e+06
129	1.55023e+06
130	1.59795e+06
131	1.63666e+06
132	1.64419e+06
133	1.66457e+06
134	1.66788e+06
135	1.67204e+06
136	1.69257e+06
137	1.76092e+06
138	1.82156e+06
139	1.83113e+06
140	1.77875e+06
141	1.78419e+06
142	1.80161e+06
143	1.85006e+06
144	1.89545e+06
145	1.91565e+06
146	1.94713e+06
147	1.94949e+06
148	1.98692e+06
149	2.04167e+06
150	2.06517e+06
151	2.15597e+06
152	2.1979e+06
153	2.25376e+06
154	2.33502e+06
155	2.36825e+06
156	2.4213e+06
157	2.44174e+06
158	2.50298e+06
159	2.52776e+06
160	2.58077e+06
161	2.58077e+06
162	2.58077e+06
163	2.58077e+06
164	2.58077e+06
165	2.58077e+06
166	2.58077e+06
167	2.58077e+06
168	2.58077e+06
169	2.58077e+06
170	2.58077e+06
171	2.58077e+06
172	2.58077e+06
173	2.58077e+06
174	2.58077e+06
175	2.58077e+06
176	2.58077e+06
177	2.58077e+06
178	2.58077e+06
179	2.58077e+06
180	2.58077e+06
181	2.58077e+06
182	2.58077e+06
183	2.58077e+06
184	2.58077e+06
185	2.58077e+06
186	2.58077e+06
187	2.58077e+06
188	2.58077e+06
189	2.58077e+06
190	2.58077e+06
191	2.58077e+06
192	2.58077e+06
193	2.58077e+06
194	2.58077e+06
195	2.58077e+06
196	2.58077e+06
197	2.63503e+06
