Generation	Geometric_mean
1	241.254
2	241.254
3	241.254
4	241.254
5	56157.8
6	56157.8
7	56157.8
8	56157.8
9	58678.9
10	59151.5
11	59298
12	59330.6
13	64752.3
14	65595.8
15	65590.5
16	65792.8
17	67363.4
18	68809.6
19	70062.7
20	70431.3
21	69586.1
22	66236.7
23	63019.3
24	61231.5
25	59860.9
26	58899
27	58497.4
28	58314.6
29	58724.4
30	59115.6
31	59682.7
32	57037.3
33	56285.9
34	55988.1
35	55578.8
36	55693.7
37	53757.9
38	52678.2
39	51209.5
40	49294
41	47596.6
42	47206.4
43	44967.9
44	44658
45	43488.6
46	44152.7
47	43208.1
48	40835.7
49	36069.5
50	24134.3
51	15915.3
52	8596.92
53	2494.37
54	1721.23
55	1361.22
56	1082.76
57	865.192
58	835.224
59	813.528
60	787.523
61	766.317
62	768.752
63	759.322
64	768.699
65	793.705
66	793.917
67	812.318
68	831.603
69	857.543
70	910.705
71	966.521
72	1886.3
73	16051.3
74	45264.1
75	379831
76	1.38544e+06
77	2.68795e+06
78	2.6816e+06
79	3.22027e+06
80	3.22138e+06
81	3.2241e+06
82	3.27017e+06
83	3.3718e+06
84	3.40935e+06
85	3.43257e+06
86	3.46958e+06
87	3.46387e+06
88	3.49293e+06
89	3.53107e+06
90	3.56888e+06
91	3.59131e+06
92	3.57022e+06
93	3.52387e+06
94	3.48257e+06
95	3.45315e+06
96	3.44255e+06
97	3.44348e+06
98	3.48483e+06
99	3.53645e+06
100	3.56147e+06
101	3.55112e+06
102	3.55109e+06
103	3.51884e+06
104	3.45706e+06
105	3.48946e+06
106	3.51499e+06
107	3.54284e+06
108	3.57361e+06
109	3.54811e+06
110	3.59168e+06
111	3.60077e+06
112	3.60508e+06
113	3.65553e+06
114	3.61431e+06
115	3.53057e+06
116	3.49014e+06
117	3.54261e+06
118	3.5159e+06
119	3.47381e+06
120	3.47507e+06
121	3.4645e+06
122	3.46004e+06
123	3.42449e+06
124	3.39801e+06
125	3.38484e+06
126	3.43529e+06
127	3.52972e+06
128	3.59644e+06
129	3.61853e+06
130	3.61908e+06
131	3.62542e+06
132	3.62821e+06
133	3.60679e+06
134	3.57702e+06
135	3.5684e+06
136	3.55321e+06
137	3.55124e+06
138	3.58394e+06
139	3.61945e+06
140	3.63581e+06
141	3.64334e+06
142	3.68346e+06
143	3.70516e+06
144	3.74695e+06
145	3.76123e+06
146	3.78885e+06
147	3.82163e+06
148	3.8624e+06
149	3.87342e+06
150	3.96489e+06
151	4.03114e+06
152	4.08853e+06
153	4.13322e+06
154	4.14038e+06
155	4.11897e+06
156	4.14227e+06
157	4.13359e+06
158	4.1275e+06
159	4.12889e+06
160	4.13979e+06
161	4.13979e+06
162	4.13979e+06
163	4.13245e+06
164	4.13245e+06
165	4.13245e+06
166	4.13245e+06
167	4.13245e+06
168	4.13245e+06
169	4.13245e+06
170	4.13245e+06
171	4.13245e+06
172	4.13245e+06
173	4.13245e+06
174	4.13245e+06
175	4.13245e+06
176	4.13245e+06
177	4.13245e+06
178	4.13245e+06
179	4.13245e+06
180	4.13245e+06
181	4.13245e+06
182	4.13245e+06
183	4.13245e+06
184	4.13245e+06
185	4.13245e+06
186	4.13245e+06
187	4.13245e+06
188	4.13245e+06
189	4.13245e+06
190	4.13245e+06
191	4.13245e+06
192	4.13245e+06
193	4.13245e+06
194	4.13245e+06
195	4.13245e+06
196	4.13245e+06
197	4.13827e+06
