Generation	Geometric_mean
1	256.31
2	256.31
3	256.31
4	256.31
5	57911.2
6	57911.2
7	57911.2
8	57911.2
9	61108.6
10	61803.2
11	61943.2
12	62051.9
13	64458.8
14	65955.1
15	67077.4
16	66638.8
17	67598.7
18	67315.5
19	67764.2
20	68630.4
21	66860
22	65747.3
23	66138.9
24	66521.4
25	67213.4
26	68531.5
27	68444.8
28	67365.6
29	66171.1
30	65882.5
31	66712
32	67498.7
33	67964.9
34	68177.1
35	68649.3
36	70198
37	70914
38	69952.7
39	68300.6
40	66721.3
41	65872
42	65392.7
43	64293.7
44	64109.6
45	62484.7
46	61114.8
47	60397
48	58597.6
49	57665.5
50	57547.5
51	56911.4
52	56485.1
53	56219.7
54	54229.1
55	52268.7
56	52130.7
57	52809.6
58	52515.5
59	51053
60	46049.5
61	39941
62	33817.4
63	31875.5
64	29937.9
65	22594.5
66	16087.9
67	10193.7
68	5675.12
69	3987.55
70	2533.36
71	2185.03
72	2074.34
73	1840.31
74	1630.76
75	1580.07
76	1532.58
77	1469.63
78	1414.37
79	1383.87
80	1352.88
81	1353.65
82	1329.37
83	1335.54
84	1299.54
85	1288.79
86	1274.9
87	1232.07
88	1216.29
89	1205.69
90	1179.49
91	1193.35
92	1216.84
93	1231.79
94	1228.15
95	1242.21
96	1247.32
97	1246.4
98	1253.08
99	1249.47
100	1270.85
101	1284.76
102	1309.88
103	1355.13
104	1369.43
105	1399.52
106	1440.64
107	1519.04
108	1601.91
109	1673.03
110	1760.28
111	1886.71
112	2195.7
113	4084.32
114	5222.07
115	16114.9
116	46402
117	67495.9
118	95497.1
119	147927
120	230922
121	378380
122	425297
123	461309
124	522684
125	580472
126	614197
127	616198
128	643657
129	663134
130	669215
131	668645
132	661219
133	651938
134	655752
135	648341
136	653589
137	652748
138	697628
139	717878
140	770922
141	801846
142	800478
143	793705
144	803386
145	829673
146	859806
147	870608
148	910511
149	951996
150	1.00913e+06
151	1.01563e+06
152	1.03525e+06
153	1.05156e+06
154	1.07361e+06
155	1.08376e+06
156	1.1169e+06
157	1.12782e+06
158	1.15124e+06
159	1.16398e+06
160	1.17619e+06
161	1.17619e+06
162	1.17619e+06
163	1.17619e+06
164	1.17619e+06
165	1.17619e+06
166	1.17619e+06
167	1.18556e+06
168	1.18556e+06
169	1.18556e+06
170	1.19501e+06
171	1.20446e+06
172	1.25288e+06
173	1.27285e+06
174	1.27285e+06
175	1.27285e+06
176	1.27285e+06
177	1.27285e+06
178	1.27285e+06
179	1.27285e+06
180	1.27285e+06
181	1.27285e+06
182	1.27285e+06
183	1.27285e+06
184	1.27285e+06
185	1.27285e+06
186	1.27285e+06
187	1.27285e+06
188	1.27285e+06
189	1.27285e+06
190	1.27285e+06
191	1.27285e+06
192	1.27285e+06
193	1.27285e+06
194	1.27285e+06
195	1.27285e+06
196	1.27285e+06
197	1.25662e+06
