Generation	Geometric_mean
1	262.195
2	262.195
3	262.195
4	262.195
5	73685.7
6	73685.7
7	73685.7
8	73685.7
9	82192.4
10	85058.2
11	85422.4
12	85451.8
13	90096
14	89311.7
15	89382.1
16	89596.4
17	91828.8
18	92013.2
19	91196.1
20	90592.3
21	91431.2
22	91266.7
23	92469.8
24	92625.5
25	91074.9
26	88292.7
27	85012.9
28	82622.5
29	82611.2
30	79562.8
31	80675
32	81778.5
33	82722.8
34	81786.7
35	79581.3
36	77276
37	74913.8
38	70182.8
39	69007.1
40	69304.4
41	68366.1
42	68696
43	69506.4
44	70187.2
45	68769.4
46	67267.2
47	63636.2
48	61850.2
49	58301.7
50	54723.6
51	52715
52	47404.6
53	40950.5
54	28372.7
55	14565.9
56	4962.37
57	2148.73
58	1450.21
59	1196.93
60	1052.94
61	844.732
62	782.004
63	750.323
64	686.816
65	681.352
66	686.606
67	689.987
68	710.56
69	742.963
70	751.631
71	762.352
72	836.157
73	1109.54
74	1816.94
75	3414.03
76	31004.2
77	175108
78	1.12592e+06
79	1.75606e+06
80	2.09593e+06
81	3.0274e+06
82	3.20349e+06
83	3.26174e+06
84	3.25035e+06
85	3.23671e+06
86	3.17499e+06
87	3.20218e+06
88	3.25002e+06
89	3.22705e+06
90	3.24022e+06
91	3.25553e+06
92	3.24529e+06
93	3.29895e+06
94	3.33831e+06
95	3.40289e+06
96	3.49293e+06
97	3.54287e+06
98	3.57628e+06
99	3.57536e+06
100	3.52387e+06
101	3.50976e+06
102	3.50155e+06
103	3.53077e+06
104	3.52496e+06
105	3.51667e+06
106	3.47501e+06
107	3.42627e+06
108	3.43872e+06
109	3.44493e+06
110	3.45021e+06
111	3.46766e+06
112	3.46759e+06
113	3.50625e+06
114	3.49458e+06
115	3.53499e+06
116	3.55356e+06
117	3.60309e+06
118	3.61734e+06
119	3.59803e+06
120	3.58949e+06
121	3.56245e+06
122	3.56591e+06
123	3.58332e+06
124	3.55834e+06
125	3.4615e+06
126	3.43999e+06
127	3.45556e+06
128	3.50602e+06
129	3.46867e+06
130	3.48786e+06
131	3.495e+06
132	3.45126e+06
133	3.40852e+06
134	3.3957e+06
135	3.39676e+06
136	3.43863e+06
137	3.52223e+06
138	3.64077e+06
139	3.71674e+06
140	3.72157e+06
141	3.64583e+06
142	3.58614e+06
143	3.57577e+06
144	3.57535e+06
145	3.64271e+06
146	3.70354e+06
147	3.75327e+06
148	3.78026e+06
149	3.79772e+06
150	3.83523e+06
151	3.87341e+06
152	3.89282e+06
153	3.91815e+06
154	3.92716e+06
155	3.93381e+06
156	3.95187e+06
157	3.96995e+06
158	3.97767e+06
159	3.98079e+06
160	3.97621e+06
161	3.97149e+06
162	3.96708e+06
163	3.96708e+06
164	3.96708e+06
165	3.96708e+06
166	3.96708e+06
167	3.96708e+06
168	3.96708e+06
169	3.96708e+06
170	3.96708e+06
171	3.96708e+06
172	3.96708e+06
173	3.96708e+06
174	3.96708e+06
175	3.96708e+06
176	3.96708e+06
177	3.96708e+06
178	3.96708e+06
179	3.96708e+06
180	3.96708e+06
181	3.96708e+06
182	3.96708e+06
183	3.96708e+06
184	3.96708e+06
185	3.96708e+06
186	3.96708e+06
187	3.96708e+06
188	3.96708e+06
189	3.96708e+06
190	3.96708e+06
191	3.96708e+06
192	3.96708e+06
193	3.96708e+06
194	3.96708e+06
195	3.96708e+06
196	3.96708e+06
197	4.0193e+06
