Generation	Geometric_mean
1	219.992
2	219.992
3	219.992
4	219.992
5	229989
6	229989
7	229989
8	229989
9	244548
10	247871
11	249924
12	250080
13	245670
14	242361
15	241542
16	242822
17	240271
18	250280
19	257801
20	259597
21	259263
22	251511
23	244093
24	238798
25	233660
26	229490
27	229349
28	227051
29	222072
30	217947
31	217663
32	211891
33	208481
34	198046
35	187403
36	181465
37	177512
38	172279
39	168988
40	166954
41	166589
42	167971
43	165950
44	164675
45	160707
46	159390
47	158471
48	145298
49	108348
50	81062.3
51	60042.4
52	41167.5
53	29216.4
54	19056.6
55	14972.9
56	12275.3
57	10572.2
58	9454.78
59	8978.25
60	8303.9
61	7562.69
62	6914.98
63	6600.89
64	6451.13
65	6457.99
66	6172.49
67	6053.38
68	5885.99
69	5690.34
70	5509.62
71	5395.54
72	5249.66
73	4984.73
74	4545
75	4355.85
76	4179.36
77	3882.95
78	3684.5
79	3432.17
80	3322.14
81	3222.66
82	3165.33
83	3149.31
84	3142.84
85	3090.3
86	2977.03
87	2917.19
88	2805.17
89	2803.54
90	2776.7
91	2622.64
92	2504.47
93	2447.31
94	2419.94
95	2386.95
96	2386.6
97	2330.95
98	2303.72
99	2288.92
100	2246.34
101	2206.88
102	2165.97
103	2154.71
104	2164.82
105	2212.04
106	2313.05
107	2329.62
108	2405.9
109	2451.63
110	2526.99
111	2569.44
112	2525.5
113	2487.12
114	2448.29
115	2386.95
116	2357.72
117	2383.05
118	2379.11
119	2357.8
120	2361.18
121	2392.91
122	2367.52
123	2355.14
124	2400.23
125	2449.95
126	2563.88
127	2712.13
128	2826.68
129	2861.26
130	2870.84
131	2912.78
132	3014.57
133	3067.44
134	3092.18
135	3122
136	3147.32
137	3167.37
138	3221.51
139	3347.02
140	3545.69
141	3704.41
142	4016.28
143	4277.38
144	4482.47
145	4650.53
146	4927.05
147	5082.94
148	5341.01
149	5557.66
150	5690.33
151	5944.51
152	6161.93
153	6372.07
154	6472.23
155	6632.79
156	6735.53
157	6759.35
158	6795.43
159	6795.43
160	6795.43
161	6795.43
162	6795.43
163	6795.43
164	6795.43
165	6795.43
166	6795.43
167	6795.43
168	6795.43
169	6795.43
170	6795.43
171	6795.43
172	6795.43
173	6795.43
174	6795.43
175	6795.43
176	6795.43
177	6795.43
178	6795.43
179	6795.43
180	6795.43
181	6795.43
182	6795.43
183	6795.43
184	6795.43
185	6795.43
186	6795.43
187	6795.43
188	6795.43
189	6795.43
190	6795.43
191	6795.43
192	6795.43
193	6795.43
194	6795.43
195	6795.43
196	6795.43
197	6850.59
