Generation	Geometric_mean
1	223.753
2	223.753
3	223.753
4	223.753
5	360203
6	360203
7	360203
8	360203
9	382385
10	387608
11	385260
12	384361
13	398131
14	413447
15	410232
16	406935
17	413207
18	412008
19	413725
20	415718
21	415376
22	422279
23	423208
24	422748
25	424998
26	433577
27	431561
28	429422
29	423477
30	410262
31	401771
32	399655
33	384052
34	378450
35	381645
36	387549
37	384149
38	376164
39	360989
40	350674
41	337854
42	330018
43	331145
44	329109
45	325627
46	337066
47	347248
48	353238
49	366848
50	364597
51	368627
52	370359
53	373834
54	377662
55	372139
56	377723
57	378492
58	381663
59	383651
60	385064
61	383924
62	373603
63	373483
64	375979
65	367649
66	368795
67	363004
68	348102
69	335304
70	322088
71	323382
72	325944
73	316153
74	305271
75	290580
76	277066
77	266059
78	261888
79	255243
80	244943
81	231327
82	224015
83	220526
84	214900
85	204295
86	196766
87	189666
88	185167
89	183997
90	183446
91	177034
92	172045
93	171766
94	167700
95	158657
96	152875
97	150075
98	147681
99	142230
100	138367
101	134563
102	126048
103	118096
104	113258
105	90716
106	53155.9
107	22311.4
108	8877.7
109	4945.66
110	3748.95
111	3452.76
112	3277.86
113	3054.82
114	2905
115	2874.49
116	2829.31
117	2617.06
118	2553.87
119	2528.4
120	2531.81
121	2505.38
122	2467.89
123	2439.79
124	2420.93
125	2411.21
126	2404.07
127	2398.9
128	2392.39
129	2385.69
130	2386.53
131	2384.6
132	2390.97
133	2399.54
134	2401.62
135	2405.94
136	2411.99
137	2416.34
138	2436.31
139	2451.14
140	2465.07
141	2488.23
142	2493.6
143	2500.09
144	2500.91
145	2503.2
146	2529.89
147	2558.37
148	2583.53
149	2598.51
150	2603.94
151	2610.31
152	2617.24
153	2640.58
154	2659.18
155	2684.67
156	2700.71
157	2717.72
158	2736.49
159	2744.2
160	2756.47
161	2759.37
162	2764.21
163	2764.21
164	2776.08
165	2781.87
166	2781.87
167	2781.87
168	2781.87
169	2781.87
170	2781.87
171	2781.87
172	2781.87
173	2781.87
174	2781.87
175	2781.87
176	2781.87
177	2781.87
178	2781.87
179	2781.87
180	2781.87
181	2781.87
182	2781.87
183	2781.87
184	2781.87
185	2781.87
186	2781.87
187	2781.87
188	2781.87
189	2781.87
190	2781.87
191	2781.87
192	2781.87
193	2781.87
194	2781.87
195	2781.87
196	3164.23
