Generation	Geometric_mean
1	114.958
2	114.958
3	114.958
4	114.958
5	4.28969e+06
6	4.28969e+06
7	4.28969e+06
8	4.28969e+06
9	4.34822e+06
10	4.37886e+06
11	4.38809e+06
12	4.38501e+06
13	4.45872e+06
14	4.51384e+06
15	4.52528e+06
16	4.54071e+06
17	4.5967e+06
18	4.61162e+06
19	4.60243e+06
20	4.60699e+06
21	4.60459e+06
22	4.60019e+06
23	4.59381e+06
24	4.57177e+06
25	4.56101e+06
26	4.57363e+06
27	4.5808e+06
28	4.61925e+06
29	4.62375e+06
30	4.62437e+06
31	4.6215e+06
32	4.64267e+06
33	4.64822e+06
34	4.65728e+06
35	4.67704e+06
36	4.65784e+06
37	4.62718e+06
38	4.61575e+06
39	4.62324e+06
40	4.63619e+06
41	4.63845e+06
42	4.60744e+06
43	4.59513e+06
44	4.60154e+06
45	4.59509e+06
46	4.62443e+06
47	4.62859e+06
48	4.64777e+06
49	4.66335e+06
50	4.67319e+06
51	4.67457e+06
52	4.67455e+06
53	4.67957e+06
54	4.6668e+06
55	4.64834e+06
56	4.64885e+06
57	4.62749e+06
58	4.61512e+06
59	4.62173e+06
60	4.62889e+06
61	4.64348e+06
62	4.63875e+06
63	4.60454e+06
64	4.594e+06
65	4.53508e+06
66	4.54052e+06
67	4.59286e+06
68	4.62009e+06
69	4.66848e+06
70	4.67891e+06
71	4.68471e+06
72	4.69712e+06
73	4.68111e+06
74	4.7042e+06
75	4.70013e+06
76	4.68454e+06
77	4.63362e+06
78	4.61672e+06
79	4.59938e+06
80	4.62256e+06
81	4.63165e+06
82	4.63118e+06
83	4.62307e+06
84	4.64091e+06
85	4.64549e+06
86	4.63139e+06
87	4.62914e+06
88	4.62443e+06
89	4.62155e+06
90	4.61553e+06
91	4.59146e+06
92	4.58725e+06
93	4.61835e+06
94	4.63634e+06
95	4.64527e+06
96	4.66305e+06
97	4.6496e+06
98	4.67401e+06
99	4.66627e+06
100	4.68205e+06
101	4.69244e+06
102	4.6697e+06
103	4.63518e+06
104	4.61792e+06
105	4.61512e+06
106	4.62032e+06
107	4.633e+06
108	4.63026e+06
109	4.64868e+06
110	4.64759e+06
111	4.64755e+06
112	4.67288e+06
113	4.68873e+06
114	4.68361e+06
115	4.66843e+06
116	4.65964e+06
117	4.6474e+06
118	4.65572e+06
119	4.61325e+06
120	4.58956e+06
121	4.56232e+06
122	4.52989e+06
123	4.54931e+06
124	4.55503e+06
125	4.6023e+06
126	4.61807e+06
127	4.63409e+06
128	4.66032e+06
129	4.68364e+06
130	4.71136e+06
131	4.74934e+06
132	4.7755e+06
133	4.79011e+06
134	4.80557e+06
135	4.82618e+06
136	4.83208e+06
137	4.83779e+06
138	4.84408e+06
139	4.84768e+06
140	4.85785e+06
141	4.85965e+06
142	4.86669e+06
143	4.86669e+06
144	4.86669e+06
145	4.87225e+06
146	4.87225e+06
147	4.87417e+06
148	4.87417e+06
149	4.87417e+06
150	4.87417e+06
151	4.87417e+06
152	4.87417e+06
153	4.87417e+06
154	4.87417e+06
155	4.87417e+06
156	4.87417e+06
157	4.87417e+06
158	4.87417e+06
159	4.87417e+06
160	4.87417e+06
161	4.87417e+06
162	4.87417e+06
163	4.87417e+06
164	4.87417e+06
165	4.87417e+06
166	4.87417e+06
167	4.87417e+06
168	4.87417e+06
169	4.87417e+06
170	4.87417e+06
171	4.87417e+06
172	4.87417e+06
173	4.87417e+06
174	4.87417e+06
175	4.87417e+06
176	4.87417e+06
177	4.87417e+06
178	4.87417e+06
179	4.87417e+06
180	4.86932e+06
