Generation	Geometric_mean
1	319.709
2	319.709
3	319.709
4	319.709
5	319.709
6	397.944
7	918.682
8	63515.8
9	63515.8
10	62886.2
11	64518
12	65504.2
13	65950.7
14	66113.2
15	67147.4
16	68287.9
17	68138.3
18	67102.1
19	66325.2
20	67428.7
21	67943.3
22	68001.4
23	68034.4
24	69624.5
25	69875.6
26	72673.2
27	73595.5
28	73854.1
29	72510.9
30	72964.7
31	73137
32	71905.4
33	72855.7
34	73013.9
35	73073
36	71987.6
37	70469.2
38	69719.4
39	68908.4
40	68889.4
41	70387.9
42	70763.6
43	71908.9
44	74170.7
45	73358.4
46	74424.6
47	74881.6
48	75608.5
49	79020.5
50	79399.8
51	80305.6
52	79732.5
53	80138
54	82645.9
55	82883.9
56	83406
57	87823.6
58	88873.2
59	90624.1
60	91681.3
61	92867.4
62	94335.1
63	93580.6
64	95057.8
65	95898.9
66	93807.6
67	96935.9
68	97743.4
69	101264
70	103521
71	105304
72	107987
73	109374
74	111586
75	116084
76	120119
77	124345
78	126545
79	131989
80	135314
81	141179
82	144597
83	146032
84	146278
85	147916
86	147769
87	149689
88	149701
89	148187
90	147113
91	147089
92	146983
93	147124
94	149318
95	150954
96	151295
97	153181
98	153954
99	154329
100	153834
101	152096
102	151525
103	153655
104	151746
105	149349
106	147000
107	146513
108	145817
109	143223
110	139570
111	136310
112	134411
113	134669
114	134514
115	134005
116	134272
117	134975
118	135156
119	137333
120	139068
121	140337
122	139777
123	139428
124	137763
125	137333
126	137543
127	138030
128	137722
129	136870
130	137280
131	134069
132	134160
133	133070
134	130173
135	129601
136	130388
137	130237
138	130414
139	129645
140	127381
141	127975
142	127808
143	126759
144	124768
145	124153
146	124381
147	123950
148	124066
149	125088
150	124018
151	123341
152	122459
153	120737
154	119666
155	118553
156	117498
157	116629
158	116629
159	116080
160	115987
161	115752
162	115669
163	115669
164	115669
165	115669
166	115669
167	115669
168	115669
169	115669
170	115669
171	115669
172	115669
173	115669
174	115669
175	115669
176	115669
177	115669
178	115669
179	115669
180	115669
181	115669
182	115669
183	115669
184	115669
185	115669
186	115669
187	115669
188	115669
189	115669
190	115669
191	115669
192	83397.3
193	2477.84
194	2477.84
195	2477.84
196	2477.84
197	2111.03
