Generation	Geometric_mean
1	81.6316
2	81.6316
3	81.6316
4	81.6316
5	26351.5
6	26351.5
7	26351.5
8	26351.5
9	26113.3
10	25799
11	25050.4
12	24834.4
13	25295.7
14	25502.9
15	25824
16	26208.9
17	27698
18	28173.5
19	27799.9
20	27020.4
21	26553.2
22	27141.2
23	27049.2
24	27320.7
25	27252.7
26	27353.3
27	27439.5
28	27361.2
29	27250.5
30	27515
31	27596.4
32	27428.3
33	27630
34	27993.3
35	27973.8
36	27729.1
37	27581.3
38	26828.9
39	26617.1
40	26242.7
41	26702.9
42	26245.1
43	26093.1
44	25577.2
45	25081.9
46	25248.5
47	25254.6
48	25250.3
49	24590.4
50	23754.3
51	22959.9
52	22249.6
53	21731
54	21178.6
55	20059.6
56	18619.7
57	17828.3
58	17254.8
59	17251.4
60	17730
61	17771.2
62	17362.4
63	16464.8
64	15501.6
65	14936.2
66	14523.5
67	13421.5
68	13074.2
69	13165.4
70	12629.3
71	12318.4
72	11161.9
73	9916.07
74	8859.38
75	8193.97
76	8005.59
77	5819.91
78	4412.84
79	1575.11
80	704.71
81	325.897
82	270.201
83	205.601
84	185.006
85	172.254
86	169.164
87	162.273
88	159.279
89	145.595
90	143.953
91	139.836
92	137.479
93	138.166
94	136.912
95	135.7
96	137.528
97	136.952
98	134.695
99	134.328
100	137.109
101	138.53
102	143.754
103	171.894
104	177.764
105	184.035
106	315.07
107	943.241
108	1593.45
109	3416.66
110	7476.28
111	19230
112	28618.8
113	31321.7
114	32914.9
115	38411.2
116	38617.6
117	39327.3
118	40605.6
119	41533
120	41693.9
121	42411
122	43996
123	47239.3
124	48892.6
125	53180
126	58394.9
127	65316.3
128	73928.9
129	79964.2
130	86459.8
131	93935.3
132	99353.5
133	103492
134	109152
135	111823
136	114236
137	117955
138	121722
139	126379
140	128725
141	131281
142	135263
143	141072
144	145855
145	152243
146	157482
147	163191
148	168726
149	172966
150	176351
151	176505
152	179128
153	183432
154	184259
155	185628
156	186720
157	186720
158	186720
159	186720
160	186720
161	186720
162	186720
163	186720
164	186720
165	186720
166	186720
167	186720
168	186720
169	186720
170	186720
171	186720
172	186720
173	186720
174	186720
175	186720
176	186720
177	186720
178	186720
179	186720
180	186720
181	186720
182	186720
183	186720
184	186720
185	186720
186	186720
187	186720
188	186720
189	186720
190	186720
191	186720
192	186720
193	186720
194	186720
195	186720
196	185475
