Generation	Geometric_mean
1	2.13461e+06
2	2.13461e+06
3	2.13461e+06
4	2.13461e+06
5	2.14693e+06
6	2.11301e+06
7	2.07569e+06
8	2.03233e+06
9	2.02146e+06
10	2.01246e+06
11	2.00303e+06
12	1.93788e+06
13	1.83255e+06
14	1.77136e+06
15	1.65994e+06
16	1.35539e+06
17	526184
18	455957
19	300609
20	67867.5
21	13130.2
22	11251
23	7901.95
24	1685.98
25	321.243
26	264.271
27	164.571
28	111.198
29	114.034
30	114.034
31	439.25
32	39072.2
33	3.9128e+06
34	3.9128e+06
35	3.95912e+06
36	3.93892e+06
37	3.77233e+06
38	3.74422e+06
39	3.74931e+06
40	3.76024e+06
41	4.02843e+06
42	4.15503e+06
43	4.19511e+06
44	4.16086e+06
45	4.09575e+06
46	4.07241e+06
47	4.04602e+06
48	4.12413e+06
49	4.20445e+06
50	4.29678e+06
51	4.30497e+06
52	4.30184e+06
53	4.26982e+06
54	4.26713e+06
55	4.27571e+06
56	4.27345e+06
57	4.30792e+06
58	4.28211e+06
59	4.28696e+06
60	4.28295e+06
61	4.29003e+06
62	4.32769e+06
63	4.32141e+06
64	4.35401e+06
65	4.39883e+06
66	4.4307e+06
67	4.4239e+06
68	4.42402e+06
69	4.42628e+06
70	4.4139e+06
71	4.46609e+06
72	4.47126e+06
73	4.47866e+06
74	4.48543e+06
75	4.46432e+06
76	4.479e+06
77	4.46327e+06
78	4.48908e+06
79	4.52094e+06
80	4.55082e+06
81	4.59714e+06
82	4.60992e+06
83	4.63501e+06
84	4.64994e+06
85	4.63739e+06
86	4.61358e+06
87	4.59177e+06
88	4.58006e+06
89	4.57071e+06
90	4.51912e+06
91	4.52075e+06
92	4.49552e+06
93	4.48955e+06
94	4.58708e+06
95	4.56555e+06
96	4.59635e+06
97	4.64591e+06
98	4.65332e+06
99	4.65706e+06
100	4.67589e+06
101	4.68618e+06
102	4.66957e+06
103	4.66589e+06
104	4.66688e+06
105	4.643e+06
106	4.60588e+06
107	4.61101e+06
108	4.60584e+06
109	4.58647e+06
110	4.57306e+06
111	4.58723e+06
112	4.57905e+06
113	4.55276e+06
114	4.55328e+06
115	4.55961e+06
116	4.54815e+06
117	4.54755e+06
118	4.55067e+06
119	4.58398e+06
120	4.60097e+06
121	4.63417e+06
122	4.67968e+06
123	4.70355e+06
124	4.72078e+06
125	4.71474e+06
126	4.71362e+06
127	4.72048e+06
128	4.74567e+06
129	4.7584e+06
130	4.77121e+06
131	4.79227e+06
132	4.82832e+06
133	4.84707e+06
134	4.87399e+06
135	4.88441e+06
136	4.90833e+06
137	4.92301e+06
138	4.92895e+06
139	4.93368e+06
140	4.934e+06
141	4.93691e+06
142	4.94041e+06
143	4.94041e+06
144	4.94041e+06
145	4.94041e+06
146	4.94041e+06
147	4.94041e+06
148	4.94041e+06
149	4.94041e+06
150	4.94041e+06
151	4.94041e+06
152	4.94041e+06
153	4.94041e+06
154	4.94041e+06
155	4.94041e+06
156	4.94041e+06
157	4.94041e+06
158	4.94041e+06
159	4.94041e+06
160	4.94041e+06
161	4.94041e+06
162	4.94041e+06
163	4.94041e+06
164	4.94041e+06
165	4.94041e+06
166	4.94041e+06
167	4.94041e+06
168	4.94041e+06
169	4.94041e+06
170	4.94041e+06
171	4.94041e+06
172	4.94041e+06
173	4.94041e+06
174	4.94041e+06
175	4.94041e+06
176	4.94041e+06
177	4.94041e+06
178	4.94041e+06
179	4.94041e+06
180	4.9661e+06
