Generation	Geometric_mean
1	206.989
2	206.989
3	206.989
4	206.989
5	42764.8
6	42764.8
7	42764.8
8	42764.8
9	53010.1
10	53434.7
11	54780.8
12	54820.8
13	59107.5
14	60852.1
15	61281.9
16	61055.5
17	60688.2
18	61911.8
19	61380
20	61494.6
21	61102.1
22	61661.5
23	63025.2
24	62287.2
25	62032.2
26	61716.9
27	61431.3
28	60148.5
29	59310.2
30	58200.5
31	55789.5
32	56158.9
33	55797.5
34	56130
35	55387.1
36	52819.4
37	54095.2
38	54085.1
39	54245.6
40	53204.7
41	52828.5
42	51262.8
43	50284.6
44	50261.8
45	50025.3
46	50785.6
47	50971.7
48	49402.4
49	48257.3
50	48132.7
51	47315.2
52	46297.9
53	45564.7
54	45154.8
55	44655.7
56	44789
57	45687.4
58	41813.8
59	41404.7
60	38045.6
61	35540.4
62	33631.8
63	30005.5
64	24078.3
65	19444
66	17041.3
67	13924.9
68	9302.45
69	6225.09
70	3998.23
71	3263.26
72	3024.14
73	2847.61
74	2610.46
75	2455.85
76	2404.14
77	2363.4
78	2314.01
79	2245.44
80	2191.83
81	2175.04
82	2073.19
83	2060.9
84	2059.78
85	2020.93
86	1985.13
87	1947.19
88	1958.75
89	2005.28
90	2033.22
91	2056.23
92	2041.98
93	2007.44
94	2011.53
95	2038
96	2050.13
97	2071.52
98	2075.34
99	2082.73
100	2107.5
101	2159.28
102	2190.79
103	2207.01
104	2201.64
105	2214.88
106	2394.49
107	2440.08
108	2539.1
109	2669.15
110	2742.89
111	2879.2
112	3083.43
113	3181.11
114	3262.53
115	3488.42
116	4354.11
117	4905.05
118	5941.44
119	8819.58
120	10974.5
121	17768.3
122	27240
123	45362.1
124	90681.3
125	159562
126	184030
127	204980
128	249383
129	260375
130	268669
131	271584
132	278908
133	294569
134	314798
135	331858
136	349672
137	387693
138	434394
139	481202
140	556482
141	577876
142	594527
143	611314
144	642756
145	670693
146	689150
147	749537
148	829183
149	873448
150	938804
151	1.01426e+06
152	1.04587e+06
153	1.08239e+06
154	1.08526e+06
155	1.08823e+06
156	1.09907e+06
157	1.10394e+06
158	1.10453e+06
159	1.10453e+06
160	1.10538e+06
161	1.10636e+06
162	1.10636e+06
163	1.10636e+06
164	1.10636e+06
165	1.10636e+06
166	1.10636e+06
167	1.10636e+06
168	1.10636e+06
169	1.10636e+06
170	1.10636e+06
171	1.10636e+06
172	1.10636e+06
173	1.10636e+06
174	1.10636e+06
175	1.10636e+06
176	1.10636e+06
177	1.10636e+06
178	1.10636e+06
179	1.10636e+06
180	1.10636e+06
181	1.10636e+06
182	1.10636e+06
183	1.10636e+06
184	1.10636e+06
185	1.10636e+06
186	1.10636e+06
187	1.10636e+06
188	1.10636e+06
189	1.10636e+06
190	1.10636e+06
191	1.10636e+06
192	1.10636e+06
193	1.10636e+06
194	1.10636e+06
195	1.10636e+06
196	1.10636e+06
197	1.09587e+06
