Generation	Geometric_mean
1	245.939
2	245.939
3	245.939
4	245.939
5	103371
6	103371
7	103371
8	103371
9	106450
10	107452
11	107472
12	107680
13	111767
14	111866
15	109761
16	108744
17	109290
18	110882
19	111468
20	111439
21	111488
22	112882
23	114960
24	115728
25	116856
26	116942
27	118537
28	121790
29	123079
30	121485
31	119964
32	117932
33	116153
34	113177
35	112840
36	111706
37	111735
38	110769
39	109080
40	107522
41	104638
42	103838
43	104177
44	104464
45	101655
46	98536.5
47	98072
48	94637.2
49	92943.2
50	90007.4
51	87353.7
52	83449.7
53	79484.2
54	77747.2
55	75891.4
56	73479
57	72194.2
58	71612
59	72430.2
60	69997.9
61	66891
62	66534.3
63	65465.6
64	65468
65	66455.1
66	61874.6
67	51179.3
68	35388.8
69	15228.5
70	7718.57
71	3598.53
72	2491.05
73	2104.05
74	1856.69
75	1448.94
76	1338.08
77	1295.79
78	1241.77
79	1149.76
80	1064.74
81	972.68
82	916.071
83	889.932
84	897.088
85	896.305
86	903.858
87	917.431
88	907.295
89	903.2
90	930.707
91	943.693
92	961.978
93	975.413
94	1002.9
95	1020.85
96	1050.12
97	1103.21
98	1163.24
99	1316.54
100	1848.67
101	3145.21
102	7137.04
103	15095.5
104	36185.1
105	94649
106	163266
107	234128
108	325473
109	408584
110	431284
111	435153
112	477966
113	468026
114	462596
115	456131
116	487439
117	506978
118	520648
119	535984
120	530601
121	550283
122	555615
123	583344
124	603255
125	676072
126	709488
127	718779
128	769159
129	805987
130	840045
131	849620
132	842362
133	844469
134	848114
135	844676
136	852286
137	845325
138	845955
139	849743
140	860382
141	864789
142	883556
143	884122
144	897709
145	944879
146	1.01597e+06
147	1.06898e+06
148	1.15758e+06
149	1.16607e+06
150	1.20319e+06
151	1.21954e+06
152	1.24023e+06
153	1.27598e+06
154	1.30247e+06
155	1.3123e+06
156	1.35452e+06
157	1.39245e+06
158	1.40477e+06
159	1.45277e+06
160	1.50297e+06
161	1.55243e+06
162	1.55243e+06
163	1.55243e+06
164	1.55243e+06
165	1.55243e+06
166	1.55243e+06
167	1.55243e+06
168	1.55243e+06
169	1.55243e+06
170	1.55243e+06
171	1.55243e+06
172	1.55243e+06
173	1.55243e+06
174	1.55243e+06
175	1.55243e+06
176	1.55243e+06
177	1.55243e+06
178	1.55243e+06
179	1.55243e+06
180	1.55243e+06
181	1.55243e+06
182	1.55243e+06
183	1.55243e+06
184	1.55243e+06
185	1.55243e+06
186	1.55243e+06
187	1.55243e+06
188	1.55243e+06
189	1.55243e+06
190	1.55243e+06
191	1.55243e+06
192	1.55243e+06
193	1.55243e+06
194	1.55243e+06
195	1.55243e+06
196	1.57876e+06
