Generation	Geometric_mean
1	122.634
2	122.634
3	122.634
4	122.634
5	4.06407e+06
6	4.06407e+06
7	4.06407e+06
8	4.06407e+06
9	4.2469e+06
10	4.30363e+06
11	4.30516e+06
12	4.30544e+06
13	4.34386e+06
14	4.32831e+06
15	4.32272e+06
16	4.33628e+06
17	4.36486e+06
18	4.41748e+06
19	4.4334e+06
20	4.44756e+06
21	4.42878e+06
22	4.45734e+06
23	4.43093e+06
24	4.40795e+06
25	4.4124e+06
26	4.4034e+06
27	4.39942e+06
28	4.39887e+06
29	4.40041e+06
30	4.3825e+06
31	4.35454e+06
32	4.37082e+06
33	4.39156e+06
34	4.41347e+06
35	4.46272e+06
36	4.49601e+06
37	4.48412e+06
38	4.42123e+06
39	4.43569e+06
40	4.44527e+06
41	4.48814e+06
42	4.54495e+06
43	4.51866e+06
44	4.49359e+06
45	4.48073e+06
46	4.44759e+06
47	4.44354e+06
48	4.4469e+06
49	4.43628e+06
50	4.44147e+06
51	4.46513e+06
52	4.48409e+06
53	4.45554e+06
54	4.41708e+06
55	4.36456e+06
56	4.35064e+06
57	4.37758e+06
58	4.3495e+06
59	4.35057e+06
60	4.37362e+06
61	4.39613e+06
62	4.45417e+06
63	4.47998e+06
64	4.51329e+06
65	4.49863e+06
66	4.48223e+06
67	4.48389e+06
68	4.46333e+06
69	4.45795e+06
70	4.47095e+06
71	4.489e+06
72	4.5089e+06
73	4.5224e+06
74	4.47876e+06
75	4.46268e+06
76	4.4219e+06
77	4.40482e+06
78	4.4072e+06
79	4.41528e+06
80	4.43898e+06
81	4.44181e+06
82	4.45164e+06
83	4.4529e+06
84	4.44642e+06
85	4.40548e+06
86	4.4039e+06
87	4.43596e+06
88	4.41864e+06
89	4.42884e+06
90	4.44883e+06
91	4.43342e+06
92	4.46917e+06
93	4.48382e+06
94	4.49729e+06
95	4.49538e+06
96	4.50147e+06
97	4.46304e+06
98	4.44375e+06
99	4.43911e+06
100	4.43389e+06
101	4.43577e+06
102	4.42673e+06
103	4.41302e+06
104	4.41686e+06
105	4.40988e+06
106	4.37204e+06
107	4.35177e+06
108	4.30071e+06
109	4.27075e+06
110	4.22944e+06
111	4.20051e+06
112	4.24056e+06
113	4.27564e+06
114	4.30473e+06
115	4.32266e+06
116	4.35972e+06
117	4.35266e+06
118	4.33864e+06
119	4.34737e+06
120	4.35209e+06
121	4.35965e+06
122	4.39137e+06
123	4.4368e+06
124	4.47476e+06
125	4.50188e+06
126	4.54203e+06
127	4.53947e+06
128	4.53503e+06
129	4.54652e+06
130	4.55313e+06
131	4.57544e+06
132	4.59138e+06
133	4.60987e+06
134	4.65377e+06
135	4.67118e+06
136	4.69141e+06
137	4.71957e+06
138	4.72594e+06
139	4.73557e+06
140	4.74829e+06
141	4.74925e+06
142	4.74899e+06
143	4.75008e+06
144	4.75008e+06
145	4.75008e+06
146	4.74965e+06
147	4.74965e+06
148	4.74997e+06
149	4.74997e+06
150	4.74997e+06
151	4.74997e+06
152	4.74997e+06
153	4.74997e+06
154	4.74997e+06
155	4.74997e+06
156	4.74997e+06
157	4.74997e+06
158	4.74997e+06
159	4.74997e+06
160	4.74997e+06
161	4.74997e+06
162	4.74997e+06
163	4.74997e+06
164	4.74997e+06
165	4.74997e+06
166	4.74997e+06
167	4.74997e+06
168	4.74997e+06
169	4.74997e+06
170	4.74997e+06
171	4.74997e+06
172	4.74997e+06
173	4.74997e+06
174	4.74997e+06
175	4.74997e+06
176	4.78003e+06
