Generation	Geometric_mean
1	115.948
2	115.948
3	115.948
4	115.948
5	3.86434e+06
6	3.86434e+06
7	3.86434e+06
8	3.86434e+06
9	3.77197e+06
10	3.80042e+06
11	3.81837e+06
12	3.81771e+06
13	3.83839e+06
14	3.93102e+06
15	3.93916e+06
16	3.94274e+06
17	3.986e+06
18	4.09563e+06
19	4.11353e+06
20	4.11294e+06
21	4.17499e+06
22	4.11843e+06
23	4.08263e+06
24	4.04921e+06
25	4.0317e+06
26	4.04617e+06
27	4.08153e+06
28	4.17713e+06
29	4.18183e+06
30	4.21132e+06
31	4.2117e+06
32	4.19685e+06
33	4.17623e+06
34	4.18197e+06
35	4.1676e+06
36	4.14925e+06
37	4.14329e+06
38	4.0707e+06
39	4.08182e+06
40	4.07416e+06
41	4.09407e+06
42	4.1168e+06
43	4.10022e+06
44	4.09618e+06
45	4.11083e+06
46	4.0494e+06
47	4.06227e+06
48	4.12341e+06
49	4.10154e+06
50	4.1225e+06
51	4.12082e+06
52	4.09885e+06
53	4.05885e+06
54	4.01783e+06
55	3.9886e+06
56	3.97446e+06
57	3.95802e+06
58	3.90723e+06
59	3.91734e+06
60	3.98875e+06
61	4.06861e+06
62	4.11633e+06
63	4.14698e+06
64	4.08576e+06
65	4.00623e+06
66	4.01343e+06
67	4.05665e+06
68	4.09164e+06
69	4.1177e+06
70	4.12959e+06
71	4.11123e+06
72	4.07953e+06
73	4.06667e+06
74	4.0115e+06
75	3.9398e+06
76	3.81957e+06
77	3.7432e+06
78	3.70906e+06
79	3.72661e+06
80	3.75688e+06
81	3.76331e+06
82	3.83291e+06
83	3.78857e+06
84	3.82394e+06
85	3.80627e+06
86	3.81819e+06
87	3.80535e+06
88	3.76155e+06
89	3.73545e+06
90	3.72176e+06
91	3.67678e+06
92	3.63892e+06
93	3.49769e+06
94	3.35101e+06
95	3.26632e+06
96	3.27174e+06
97	3.24534e+06
98	3.16748e+06
99	3.12311e+06
100	3.01106e+06
101	2.96358e+06
102	2.97522e+06
103	2.99602e+06
104	2.95249e+06
105	2.90858e+06
106	2.72619e+06
107	2.47349e+06
108	2.35054e+06
109	2.211e+06
110	2.02583e+06
111	1.91241e+06
112	1.79235e+06
113	1.64871e+06
114	1.43413e+06
115	1.34021e+06
116	1.07668e+06
117	860915
118	528787
119	294788
120	158713
121	93240.9
122	61917.5
123	44693.7
124	41171.4
125	39760.5
126	39413.8
127	39051.6
128	38815.6
129	38681.5
130	38705.2
131	38688.2
132	38726.7
133	38886.6
134	39000.2
135	39065.1
136	39180.9
137	39318.4
138	39755.2
139	40060.2
140	40202.4
141	40512.6
142	40512.6
143	40512.6
144	40512.6
145	40512.6
146	40512.6
147	40512.6
148	40512.6
149	40512.6
150	40512.6
151	40512.6
152	40512.6
153	40512.6
154	40512.6
155	40512.6
156	40512.6
157	40512.6
158	40512.6
159	40512.6
160	40512.6
161	40512.6
162	40512.6
163	40512.6
164	40512.6
165	40512.6
166	40512.6
167	40512.6
168	40512.6
169	40512.6
170	40512.6
171	40512.6
172	40512.6
173	47999.9
