Generation	Geometric_mean
1	244.751
2	244.751
3	244.751
4	244.751
5	7642.02
6	7642.02
7	7642.02
8	7642.02
9	9097.66
10	9604.6
11	9642.91
12	9626.15
13	9778.85
14	9607.83
15	9529.77
16	9402.53
17	9245.97
18	9133.65
19	9040.65
20	9112.71
21	9314.17
22	9285.08
23	8950.3
24	8769.71
25	8746.09
26	8705.93
27	8620.81
28	8591.56
29	8587.35
30	8398.28
31	8261.35
32	7719.96
33	7462.48
34	7208.43
35	7056.91
36	6973.89
37	6733.31
38	6336.48
39	6128
40	5853.5
41	5555.93
42	5387.66
43	5250.16
44	5026.36
45	4774.42
46	4593.35
47	4431.36
48	4368.02
49	4450.44
50	4472.18
51	4471.07
52	4410.16
53	4335.72
54	4285.58
55	4193.23
56	4173.57
57	4140.04
58	4021.02
59	3975.54
60	3960.69
61	3960.74
62	4055.21
63	4223.09
64	4336.83
65	4447.39
66	4559.39
67	4560.68
68	4660.53
69	4763.91
70	4881.53
71	4911.45
72	4949.98
73	4908.58
74	4889.67
75	4927.3
76	4974.78
77	5011.59
78	5099.32
79	5312.64
80	5455.89
81	5543.98
82	5738.97
83	5821.82
84	5946.43
85	6141.55
86	6222.04
87	6192.27
88	6317.71
89	6411.64
90	6694.19
91	6969.31
92	7160.02
93	7421.62
94	7479.31
95	7948.57
96	7978.92
97	8348.26
98	8210.63
99	8097.2
100	8222.73
101	8377.75
102	8581.06
103	8708.46
104	8901.79
105	9028.1
106	9143.05
107	9020.37
108	9067.37
109	9281.56
110	9450
111	9727.47
112	9909.79
113	10062.4
114	10131.7
115	10038.1
116	10014.4
117	10271.2
118	10288.9
119	10316.5
120	10242
121	10324.8
122	10364.3
123	10429.6
124	10385
125	10362.1
126	10523.8
127	10714.6
128	10940.8
129	11014.8
130	11171.9
131	10928.9
132	10776.8
133	10679.6
134	10665.7
135	10536.8
136	10519.8
137	10464.2
138	10283
139	10146.2
140	10059
141	9964.76
142	9829.55
143	9689.68
144	9513.81
145	9343.21
146	9137.52
147	8994.22
148	8888.69
149	8811.1
150	8744.77
151	8656.18
152	8429.24
153	8325.59
154	8016.83
155	7751.64
156	7485.11
157	7185.39
158	7016.74
159	6855.82
160	6728.23
161	6441.29
162	6349.38
163	6149.09
164	6108.27
165	6040.69
166	6016.9
167	6000.26
168	5983.97
169	5983.97
170	5983.97
171	5983.97
172	5983.97
173	5983.97
174	5983.97
175	5983.97
176	5983.97
177	5983.97
178	5983.97
179	5983.97
180	5983.97
181	5983.97
182	5983.97
183	5983.97
184	5983.97
185	5983.97
186	5983.97
187	5983.97
188	5983.97
189	5940.75
190	5940.75
191	5860.1
192	5651.8
193	5163.57
194	5163.57
195	5163.57
196	5163.57
197	4960.09
