Generation	Geometric_mean
1	245.234
2	245.234
3	245.234
4	3780.51
5	3.99511e+06
6	3.99511e+06
7	3.99511e+06
8	4.02167e+06
9	4.27314e+06
10	4.26967e+06
11	4.26205e+06
12	4.26721e+06
13	4.26665e+06
14	4.29383e+06
15	4.31026e+06
16	4.334e+06
17	4.29008e+06
18	4.25265e+06
19	4.19815e+06
20	4.13906e+06
21	4.16593e+06
22	4.20907e+06
23	4.21453e+06
24	4.27331e+06
25	4.2972e+06
26	4.31826e+06
27	4.34862e+06
28	4.36312e+06
29	4.36186e+06
30	4.32798e+06
31	4.29453e+06
32	4.2409e+06
33	4.22628e+06
34	4.25878e+06
35	4.28977e+06
36	4.34966e+06
37	4.39259e+06
38	4.36167e+06
39	4.34602e+06
40	4.31863e+06
41	4.26698e+06
42	4.22469e+06
43	4.15593e+06
44	4.15572e+06
45	4.1751e+06
46	4.18817e+06
47	4.24312e+06
48	4.27164e+06
49	4.26754e+06
50	4.28541e+06
51	4.30848e+06
52	4.32519e+06
53	4.35563e+06
54	4.35024e+06
55	4.34072e+06
56	4.30797e+06
57	4.25349e+06
58	4.20971e+06
59	4.18319e+06
60	4.20977e+06
61	4.21614e+06
62	4.24069e+06
63	4.24826e+06
64	4.2047e+06
65	4.23222e+06
66	4.26016e+06
67	4.26857e+06
68	4.28883e+06
69	4.25104e+06
70	4.23105e+06
71	4.21956e+06
72	4.24577e+06
73	4.25823e+06
74	4.24132e+06
75	4.23384e+06
76	4.19474e+06
77	4.20302e+06
78	4.19222e+06
79	4.14291e+06
80	4.13393e+06
81	4.1252e+06
82	4.12846e+06
83	4.10424e+06
84	4.11111e+06
85	4.07267e+06
86	4.04135e+06
87	3.97804e+06
88	3.93493e+06
89	3.952e+06
90	3.95909e+06
91	3.98224e+06
92	4.03763e+06
93	4.08798e+06
94	4.13352e+06
95	4.18251e+06
96	4.21136e+06
97	4.23052e+06
98	4.24838e+06
99	4.22566e+06
100	4.17524e+06
101	4.14293e+06
102	4.15363e+06
103	4.13164e+06
104	4.11307e+06
105	4.0704e+06
106	4.0755e+06
107	4.07908e+06
108	4.10682e+06
109	4.10256e+06
110	4.03622e+06
111	3.9948e+06
112	3.99082e+06
113	4.00332e+06
114	4.02077e+06
115	4.04514e+06
116	4.03015e+06
117	3.9886e+06
118	3.93349e+06
119	3.91515e+06
120	3.88041e+06
121	3.87417e+06
122	3.8473e+06
123	3.82758e+06
124	3.74295e+06
125	3.70966e+06
126	3.55337e+06
127	3.45729e+06
128	3.43986e+06
129	3.34317e+06
130	3.2684e+06
131	3.25983e+06
132	3.26576e+06
133	3.26014e+06
134	3.24243e+06
135	3.22861e+06
136	3.18309e+06
137	3.14055e+06
138	3.0742e+06
139	3.037e+06
140	3.00094e+06
141	2.91378e+06
142	2.87036e+06
143	2.79297e+06
144	2.69494e+06
145	2.62868e+06
146	2.58033e+06
147	2.51285e+06
148	2.46666e+06
149	2.42919e+06
150	2.32906e+06
151	2.29421e+06
152	2.2261e+06
153	2.14777e+06
154	2.07509e+06
155	2.03783e+06
156	2.02371e+06
157	2.01383e+06
158	1.9921e+06
159	1.98223e+06
160	1.96707e+06
161	1.9538e+06
162	1.94985e+06
163	1.9318e+06
164	1.90321e+06
165	1.88746e+06
166	1.87481e+06
167	1.85548e+06
168	1.83171e+06
169	1.80921e+06
170	1.78927e+06
171	1.78062e+06
172	1.747e+06
173	1.747e+06
174	1.747e+06
175	1.68215e+06
176	37210.1
177	37210.1
178	37210.1
179	37210.1
180	754.746
181	754.746
182	754.746
183	754.746
184	629.028
