Generation	Geometric_mean
1	420.92
2	420.92
3	420.92
4	420.92
5	2147.15
6	2339.93
7	2534.16
8	2598.17
9	3167.59
10	3793.68
11	4621.2
12	4806.02
13	6079.53
14	7315.24
15	7361.04
16	7292.42
17	7130.36
18	7031.49
19	6941.16
20	6889.77
21	6670.39
22	6566.27
23	6733.26
24	6788.83
25	6799.65
26	6729.38
27	6638.59
28	6530.7
29	6556.34
30	6631.49
31	6597.41
32	6507.85
33	6264.04
34	5860.86
35	5776.76
36	5659.96
37	5618.51
38	5545.06
39	5469.99
40	5309.23
41	5137.34
42	4976.87
43	4914.19
44	4904.37
45	4831.89
46	4812.62
47	4717.15
48	4625.22
49	4495.64
50	4399.76
51	4348.82
52	4395.73
53	4334.11
54	4307.92
55	4237.05
56	4155.45
57	4182.63
58	4210.65
59	4236.74
60	4179.31
61	4136.53
62	4163.05
63	4196.87
64	4128.04
65	4069.38
66	4002.3
67	3933.64
68	3967.08
69	3978.75
70	3946.48
71	3836.24
72	3744.04
73	3616.83
74	3549.3
75	3649.88
76	3849.23
77	4016.3
78	4288.62
79	4375.77
80	4332.09
81	4396.42
82	4380.03
83	4360.36
84	4406.23
85	4481.61
86	4445.77
87	4431.44
88	4307.41
89	4183.67
90	4158.68
91	4130.13
92	4116.6
93	4170.2
94	4190.64
95	4247.02
96	4328.19
97	4362.53
98	4406.45
99	4489.02
100	4509.91
101	4463.95
102	4493.22
103	4491.89
104	4511.65
105	4504.65
106	4501.52
107	4472.47
108	4461.4
109	4428.6
110	4467.67
111	4559.44
112	4710.79
113	4704.73
114	4660.45
115	4584.17
116	4564.71
117	4528.98
118	4526.69
119	4541.31
120	4438.58
121	4364.37
122	4293.74
123	4286.97
124	4266.16
125	4188.56
126	4141.74
127	4119.96
128	4180.53
129	4202.43
130	4178.7
131	4174.5
132	4138.64
133	4088.8
134	3943.67
135	3803.18
136	3764.1
137	3721.52
138	3769.95
139	3838.21
140	3872.4
141	3848.03
142	3847.6
143	3840.9
144	3806.91
145	3779.18
146	3856.75
147	3926.67
148	4042.55
149	4151.11
150	4271.16
151	4374.72
152	4418.75
153	4519.08
154	4684.9
155	4765.01
156	4752.47
157	4708.65
158	4695.1
159	4734.97
160	4729.56
161	4729.95
162	4727.67
163	4727.67
164	4727.67
165	4692.05
166	4656.69
167	4622.99
168	4589.51
169	4573.23
170	4556.14
171	4556.14
172	4556.14
173	4556.14
174	4556.14
175	4556.14
176	4556.14
177	4556.14
178	4556.14
179	4556.14
180	4556.14
181	4556.14
182	4556.14
183	4556.14
184	4556.14
185	4556.14
186	4556.14
187	4556.14
188	4556.14
189	4556.14
190	4654.41
191	5546.86
192	9984.83
193	25390.5
194	25390.5
195	25390.5
196	25390.5
197	26616.3
