Generation	Geometric_mean
1	231.353
2	231.353
3	231.353
4	231.353
5	69146.9
6	69146.9
7	69146.9
8	69146.9
9	78976.6
10	79969.5
11	80292.1
12	80551.9
13	81160.7
14	80426.4
15	80359.6
16	79886
17	80521.4
18	81344.7
19	81521.5
20	81408.2
21	81714.7
22	80988.5
23	81154.6
24	80468.9
25	81397.9
26	81531.6
27	80687.7
28	79810.2
29	78567.2
30	79721.4
31	80415
32	79860.1
33	78570.4
34	77934.2
35	75965.2
36	74561.7
37	74727.1
38	75417.2
39	76390.5
40	76246.2
41	76260.5
42	76220.6
43	76636.2
44	77162.9
45	76399.3
46	76155
47	76832.4
48	77441.4
49	77196.5
50	76964.8
51	76363.7
52	75451.2
53	72638.1
54	72888.3
55	74745.4
56	75430.9
57	74136.6
58	73743
59	71070
60	65095.3
61	56033.1
62	44390.5
63	33472
64	24308
65	19698
66	16091.6
67	11259
68	6017.03
69	4485.18
70	3442.54
71	3234.3
72	2436.58
73	2297.95
74	2126.39
75	2067.09
76	1977.98
77	1988.94
78	1878.62
79	1857.43
80	1803.76
81	1778.31
82	1750.14
83	1741.12
84	1734.45
85	1709.61
86	1722.34
87	1713.56
88	1705.18
89	1711.49
90	1712.69
91	1729.23
92	1718.92
93	1689.59
94	1705.93
95	1746.09
96	1778.5
97	1845.98
98	1879.4
99	1910.36
100	1952.33
101	1976.35
102	2001.67
103	2024.35
104	2078.17
105	2145.09
106	2228.15
107	2294.05
108	2385.78
109	2523.37
110	2650.28
111	2760.51
112	2799.5
113	2956.88
114	3037.47
115	3353.67
116	3558.46
117	3631.16
118	3938.22
119	4403.43
120	4802.27
121	5429.39
122	6465.45
123	8054.75
124	8989.14
125	9812.51
126	10543.2
127	10978
128	11424.1
129	11834.7
130	12048.8
131	12573.7
132	13064.2
133	13214.7
134	13534.5
135	14268.5
136	14998.3
137	15384.7
138	15592.1
139	15972.3
140	16028.2
141	15828.4
142	15877.5
143	15737.4
144	16057.9
145	16037.8
146	16051.7
147	16418.2
148	16333.7
149	16311.3
150	16294.8
151	16473.9
152	16578.8
153	16621.8
154	16617.7
155	16607.7
156	16567.5
157	16563.6
158	16549.1
159	16546.2
160	16546.2
161	16548.8
162	16547.6
163	16547.6
164	16547.6
165	16547.6
166	16547.6
167	16547.6
168	16547.6
169	16547.6
170	16547.6
171	16547.6
172	16547.6
173	16547.6
174	16547.6
175	16547.6
176	16547.6
177	16547.6
178	16547.6
179	16547.6
180	16547.6
181	16547.6
182	16547.6
183	16547.6
184	16547.6
185	16547.6
186	16547.6
187	16547.6
188	16547.6
189	16547.6
190	16547.6
191	16547.6
192	16547.6
193	16547.6
194	16547.6
195	16547.6
196	16547.6
197	16356.8
