Generation	Geometric_mean
1	280.226
2	280.226
3	280.226
4	280.226
5	12223
6	12223
7	12223
8	12223
9	12825.7
10	13329.3
11	13304.9
12	13280.4
13	13947.5
14	14290.1
15	14292.5
16	14402.1
17	14516
18	14454.5
19	13981.3
20	13813.9
21	13434.3
22	13344.9
23	13234.1
24	12820
25	12263.7
26	12116.7
27	12057.2
28	11899
29	11534.2
30	11262.4
31	11025.3
32	10548
33	9826.78
34	8394.06
35	7725.85
36	6272.68
37	5369.21
38	4022.48
39	2963.9
40	2352.37
41	1965.55
42	1633.53
43	1398.74
44	1377.11
45	1327.7
46	1238.43
47	1226.38
48	1211.13
49	1171.17
50	1163.7
51	1177.5
52	1196.49
53	1239.25
54	1301.6
55	1365.89
56	1419.98
57	1475.18
58	1527.01
59	1728.63
60	2283.84
61	2887.33
62	4744.12
63	9113.21
64	16465.2
65	30579.7
66	45758.4
67	76971.8
68	103039
69	104768
70	109666
71	116662
72	116108
73	120959
74	122324
75	120872
76	121595
77	122583
78	125764
79	127966
80	133774
81	137922
82	141388
83	143154
84	152278
85	152235
86	151935
87	149563
88	150992
89	147411
90	146259
91	147924
92	146817
93	148566
94	152095
95	154446
96	154046
97	154586
98	153572
99	154339
100	156110
101	159004
102	159189
103	161520
104	163512
105	162382
106	162289
107	162966
108	162353
109	164138
110	162644
111	158418
112	154222
113	150011
114	149641
115	150926
116	150629
117	153727
118	154951
119	158067
120	161042
121	163476
122	165947
123	167420
124	169584
125	172193
126	168845
127	164073
128	162981
129	155757
130	153749
131	155213
132	162323
133	167074
134	169497
135	169039
136	170295
137	173545
138	175550
139	178347
140	179217
141	178150
142	177592
143	178854
144	181337
145	183638
146	186214
147	186993
148	187487
149	187405
150	186947
151	187156
152	189021
153	191177
154	190590
155	187268
156	186071
157	183955
158	181429
159	178813
160	176807
161	174969
162	172758
163	170210
164	169806
165	168200
166	168200
167	167132
168	162874
169	157791
170	157791
171	157791
172	157791
173	157791
174	157791
175	157791
176	157791
177	157791
178	157791
179	157791
180	157791
181	157791
182	157791
183	157791
184	157791
185	157791
186	157791
187	157791
188	157791
189	157791
190	157791
191	148448
192	74706.9
193	8440.06
194	8440.06
195	8440.06
196	8440.06
197	7454.82
