Generation	Geometric_mean
1	210.333
2	210.333
3	210.333
4	210.333
5	100324
6	100324
7	100324
8	100324
9	113225
10	117981
11	118757
12	119190
13	125258
14	127259
15	129006
16	129635
17	127485
18	125797
19	126063
20	127946
21	132255
22	136345
23	136399
24	136757
25	136032
26	130394
27	129684
28	129232
29	127536
30	128132
31	127115
32	125076
33	123194
34	118394
35	112630
36	110841
37	108670
38	108519
39	108502
40	106320
41	106143
42	105808
43	106140
44	104765
45	104652
46	103450
47	102066
48	101257
49	98541.1
50	95843.7
51	94227.1
52	93055.7
53	91939.3
54	90186.6
55	87969
56	86116.5
57	84762.9
58	82029.5
59	80355.7
60	78285.7
61	76164.3
62	73754.9
63	70701.6
64	66466.5
65	63857.6
66	58940.7
67	48879.5
68	40439.1
69	18405.2
70	8879.09
71	4928.12
72	3077.47
73	2794.92
74	2048.19
75	1760.11
76	1622.11
77	1573.66
78	1502.01
79	1435.22
80	1421.01
81	1414.62
82	1365.39
83	1332.64
84	1297.27
85	1272.54
86	1275.23
87	1261.35
88	1243.47
89	1243.44
90	1241.54
91	1248.24
92	1274.66
93	1304.69
94	1317.64
95	1353.32
96	1382.76
97	1411.39
98	1413.39
99	1456.45
100	1512.03
101	1571.62
102	1583.73
103	1571.8
104	1643.85
105	1847.97
106	2975.91
107	5329.56
108	11509.6
109	28513.7
110	42615.3
111	64392.4
112	72123
113	86961.8
114	91319
115	97702.7
116	111334
117	127412
118	128232
119	131025
120	137839
121	145867
122	154798
123	183887
124	197801
125	206429
126	219145
127	239485
128	246915
129	260965
130	271292
131	289401
132	294537
133	300183
134	317863
135	325164
136	343147
137	360006
138	373459
139	388464
140	390727
141	392194
142	393551
143	413048
144	429285
145	452435
146	468290
147	474794
148	483137
149	507640
150	537041
151	586781
152	682469
153	718725
154	807846
155	880656
156	933361
157	954437
158	1.0094e+06
159	1.03261e+06
160	1.04864e+06
161	1.05712e+06
162	1.06548e+06
163	1.06548e+06
164	1.06548e+06
165	1.06548e+06
166	1.06548e+06
167	1.06548e+06
168	1.06548e+06
169	1.07134e+06
170	1.07134e+06
171	1.0828e+06
172	1.09971e+06
173	1.10563e+06
174	1.12279e+06
175	1.12279e+06
176	1.12279e+06
177	1.12279e+06
178	1.12279e+06
179	1.12279e+06
180	1.12279e+06
181	1.12279e+06
182	1.12279e+06
183	1.12279e+06
184	1.12279e+06
185	1.12279e+06
186	1.12279e+06
187	1.12279e+06
188	1.12279e+06
189	1.12279e+06
190	1.12279e+06
191	1.12279e+06
192	1.12279e+06
193	1.12279e+06
194	1.12279e+06
195	1.12279e+06
196	1.12279e+06
197	1.10754e+06
