Generation	Geometric_mean
1	7602.32
2	7602.32
3	7602.32
4	7602.32
5	6573.17
6	6155.45
7	5701.67
8	5104.41
9	4610.09
10	3898.84
11	2846.88
12	1573.11
13	492.418
14	243.611
15	181.031
16	169.79
17	187.789
18	229.002
19	470.862
20	920.381
21	7381.84
22	57089.6
23	166202
24	197271
25	223693
26	222808
27	220232
28	218756
29	222828
30	223136
31	227311
32	228676
33	229714
34	239372
35	253898
36	253449
37	255518
38	256405
39	256485
40	259569
41	262703
42	263572
43	274782
44	278993
45	283770
46	288902
47	295326
48	302661
49	302989
50	302023
51	300754
52	296110
53	291589
54	285439
55	290447
56	290946
57	294419
58	297887
59	302653
60	303558
61	313514
62	315664
63	313114
64	310491
65	307067
66	302953
67	297165
68	284872
69	284374
70	284082
71	284281
72	285802
73	286747
74	289822
75	290370
76	291155
77	293597
78	300882
79	298286
80	289661
81	285836
82	282004
83	287339
84	292153
85	298229
86	303709
87	308358
88	305596
89	301333
90	298938
91	299631
92	300816
93	296433
94	290428
95	286588
96	286358
97	288580
98	296079
99	304641
100	306565
101	305655
102	300624
103	298049
104	296315
105	293903
106	294636
107	292220
108	289485
109	284183
110	282686
111	283342
112	284100
113	286079
114	289152
115	288852
116	291828
117	289439
118	288488
119	287620
120	283640
121	278667
122	273822
123	266625
124	262292
125	259535
126	258531
127	263367
128	266609
129	272865
130	275357
131	268954
132	266063
133	265009
134	263166
135	261776
136	261454
137	259367
138	257368
139	252888
140	248948
141	248000
142	248206
143	246851
144	247179
145	241436
146	239368
147	237752
148	236421
149	234220
150	229881
151	227017
152	222213
153	219000
154	216944
155	217355
156	217893
157	217527
158	217810
159	215484
160	214658
161	210330
162	207042
163	205156
164	204075
165	201566
166	199643
167	198072
168	191701
169	190804
170	190804
171	190804
172	190804
173	189294
174	186286
175	184046
176	183289
177	183289
178	183289
179	183289
180	183289
181	183289
182	183289
183	183289
184	183289
185	183289
186	182291
187	180202
188	173133
189	173133
190	169312
191	161941
192	7059.15
193	7059.15
194	7059.15
195	7059.15
196	6030.49
