Generation	Geometric_mean
1	215.899
2	215.899
3	215.899
4	215.899
5	174294
6	174294
7	174294
8	174294
9	174841
10	177668
11	176260
12	175668
13	186731
14	193385
15	193899
16	193456
17	197810
18	196330
19	192541
20	195518
21	191504
22	189357
23	190058
24	189951
25	192602
26	188003
27	185608
28	186380
29	184968
30	180658
31	176676
32	171824
33	170671
34	175461
35	179262
36	181782
37	180088
38	170611
39	167696
40	166015
41	165581
42	166829
43	165244
44	163446
45	164805
46	166532
47	160690
48	156058
49	154227
50	152951
51	150155
52	142575
53	136397
54	132558
55	128402
56	127594
57	127011
58	126028
59	124561
60	119500
61	113129
62	107104
63	106402
64	105245
65	99139.4
66	89523.5
67	82289.9
68	75266.2
69	71561.5
70	66294.2
71	60569.7
72	51952.4
73	42654.4
74	32592.8
75	24710.4
76	8681.97
77	4127.76
78	2475.46
79	1672.82
80	1265.43
81	937.951
82	779.529
83	712.248
84	674.788
85	629.45
86	589.729
87	599.554
88	592.755
89	596.303
90	619.04
91	633.989
92	652.104
93	681.313
94	875.799
95	1067.82
96	1716.19
97	3377.47
98	17975.8
99	67695.1
100	166532
101	345392
102	568896
103	739282
104	946132
105	1.15936e+06
106	1.20214e+06
107	1.40787e+06
108	1.57373e+06
109	1.82697e+06
110	2.01389e+06
111	2.05194e+06
112	2.09537e+06
113	2.1033e+06
114	2.09748e+06
115	2.30654e+06
116	2.56188e+06
117	2.73873e+06
118	2.86492e+06
119	2.88908e+06
120	2.95654e+06
121	2.95006e+06
122	2.99493e+06
123	3.01695e+06
124	3.04707e+06
125	3.06688e+06
126	3.06361e+06
127	3.05051e+06
128	2.98017e+06
129	2.96766e+06
130	2.93023e+06
131	2.91503e+06
132	2.902e+06
133	2.91234e+06
134	2.89008e+06
135	2.92624e+06
136	2.93907e+06
137	2.97371e+06
138	3.12846e+06
139	3.19409e+06
140	3.20845e+06
141	3.21373e+06
142	3.23845e+06
143	3.26108e+06
144	3.28265e+06
145	3.29738e+06
146	3.32753e+06
147	3.3579e+06
148	3.3666e+06
149	3.38632e+06
150	3.40111e+06
151	3.40788e+06
152	3.40725e+06
153	3.4256e+06
154	3.42757e+06
155	3.442e+06
156	3.45897e+06
157	3.47553e+06
158	3.48498e+06
159	3.49221e+06
160	3.49386e+06
161	3.49837e+06
162	3.49837e+06
163	3.49837e+06
164	3.49837e+06
165	3.49837e+06
166	3.49837e+06
167	3.49837e+06
168	3.49837e+06
169	3.49837e+06
170	3.49837e+06
171	3.49837e+06
172	3.49837e+06
173	3.49837e+06
174	3.49837e+06
175	3.49837e+06
176	3.49837e+06
177	3.49837e+06
178	3.49837e+06
179	3.49837e+06
180	3.49837e+06
181	3.49837e+06
182	3.49837e+06
183	3.49837e+06
184	3.49837e+06
185	3.49837e+06
186	3.49837e+06
187	3.49837e+06
188	3.49837e+06
189	3.49837e+06
190	3.49837e+06
191	3.49837e+06
192	3.49837e+06
193	3.49837e+06
194	3.49837e+06
195	3.49837e+06
196	3.49837e+06
197	3.57636e+06
