Generation	Geometric_mean
1	207.466
2	207.466
3	207.466
4	207.466
5	184513
6	184513
7	184513
8	184513
9	172704
10	168176
11	168706
12	168238
13	175012
14	185154
15	183681
16	183256
17	184179
18	183674
19	182810
20	183543
21	179770
22	179844
23	183545
24	182211
25	182472
26	182703
27	184364
28	183670
29	185537
30	185556
31	186585
32	185287
33	182331
34	180221
35	183971
36	186165
37	190405
38	191039
39	189251
40	186147
41	184935
42	185206
43	181523
44	182384
45	185181
46	184573
47	181907
48	182181
49	174223
50	167992
51	164670
52	165177
53	164214
54	163019
55	161104
56	161154
57	158516
58	160753
59	161060
60	163327
61	163201
62	162247
63	162131
64	159363
65	156800
66	155313
67	154054
68	151625
69	146551
70	143884
71	138960
72	136659
73	138305
74	140091
75	140997
76	143107
77	145405
78	150026
79	155220
80	158025
81	157942
82	157328
83	157943
84	153547
85	150711
86	145796
87	140600
88	138181
89	135811
90	135324
91	135089
92	136875
93	132213
94	127391
95	124240
96	119699
97	116153
98	114679
99	111254
100	107604
101	99160.1
102	71296.7
103	41728.4
104	17144.6
105	7305.4
106	4884.22
107	3769.73
108	2982.43
109	2656.57
110	2566.19
111	2547.06
112	2533.27
113	2529.7
114	2539.07
115	2534.06
116	2521.94
117	2492.76
118	2491.68
119	2464.46
120	2433.22
121	2412.59
122	2388.82
123	2333.07
124	2293.83
125	2287.19
126	2267.45
127	2263.35
128	2257.88
129	2248.91
130	2236.32
131	2234.72
132	2225.96
133	2226.23
134	2220.72
135	2221.05
136	2220.7
137	2235.38
138	2243.82
139	2242.52
140	2251.79
141	2258.48
142	2269.04
143	2305.47
144	2320.6
145	2362.07
146	2384.6
147	2425.39
148	2450.02
149	2478.36
150	2512.12
151	2551.52
152	2602.34
153	2663.88
154	2717.68
155	2753.38
156	2775.61
157	2798.79
158	2804.71
159	2806.67
160	2808.6
161	2808.6
162	2808.6
163	2808.6
164	2808.6
165	2808.6
166	2808.6
167	2808.6
168	2808.6
169	2808.6
170	2808.6
171	2808.6
172	2808.6
173	2808.6
174	2808.6
175	2808.6
176	2808.6
177	2808.6
178	2808.6
179	2808.6
180	2808.6
181	2808.6
182	2808.6
183	2808.6
184	2808.6
185	2808.6
186	2808.6
187	2808.6
188	2808.6
189	2808.6
190	2808.6
191	2808.6
192	2808.6
193	2808.6
194	2808.6
195	2808.6
196	2808.6
197	2982.09
