Generation	Geometric_mean
1	116.439
2	116.439
3	116.439
4	116.439
5	3.85892e+06
6	3.85892e+06
7	3.85892e+06
8	3.85892e+06
9	4.23552e+06
10	4.34402e+06
11	4.35313e+06
12	4.35723e+06
13	4.46028e+06
14	4.5061e+06
15	4.52789e+06
16	4.53596e+06
17	4.55822e+06
18	4.55476e+06
19	4.55226e+06
20	4.55321e+06
21	4.59105e+06
22	4.63441e+06
23	4.64646e+06
24	4.62919e+06
25	4.59825e+06
26	4.53831e+06
27	4.53609e+06
28	4.54245e+06
29	4.55075e+06
30	4.53445e+06
31	4.51559e+06
32	4.53726e+06
33	4.54671e+06
34	4.6107e+06
35	4.64024e+06
36	4.66763e+06
37	4.65288e+06
38	4.65678e+06
39	4.66675e+06
40	4.64379e+06
41	4.63785e+06
42	4.63099e+06
43	4.61767e+06
44	4.62727e+06
45	4.64121e+06
46	4.64344e+06
47	4.63973e+06
48	4.65449e+06
49	4.67473e+06
50	4.67535e+06
51	4.67903e+06
52	4.69053e+06
53	4.67446e+06
54	4.65619e+06
55	4.63972e+06
56	4.6327e+06
57	4.62212e+06
58	4.63429e+06
59	4.65248e+06
60	4.67757e+06
61	4.68491e+06
62	4.68942e+06
63	4.70509e+06
64	4.70325e+06
65	4.69294e+06
66	4.67862e+06
67	4.66902e+06
68	4.67227e+06
69	4.65915e+06
70	4.66035e+06
71	4.67566e+06
72	4.68684e+06
73	4.69177e+06
74	4.6691e+06
75	4.65854e+06
76	4.64934e+06
77	4.65086e+06
78	4.62802e+06
79	4.61084e+06
80	4.58836e+06
81	4.57547e+06
82	4.56277e+06
83	4.58145e+06
84	4.58768e+06
85	4.5736e+06
86	4.58566e+06
87	4.59051e+06
88	4.58193e+06
89	4.56106e+06
90	4.57233e+06
91	4.56818e+06
92	4.57257e+06
93	4.54444e+06
94	4.50173e+06
95	4.46995e+06
96	4.42816e+06
97	4.35908e+06
98	4.3401e+06
99	4.36607e+06
100	4.36591e+06
101	4.35388e+06
102	4.3551e+06
103	4.3507e+06
104	4.35179e+06
105	4.37059e+06
106	4.40002e+06
107	4.42458e+06
108	4.4279e+06
109	4.47428e+06
110	4.491e+06
111	4.479e+06
112	4.43416e+06
113	4.41106e+06
114	4.40245e+06
115	4.40757e+06
116	4.44631e+06
117	4.44363e+06
118	4.44655e+06
119	4.47348e+06
120	4.51497e+06
121	4.53262e+06
122	4.53267e+06
123	4.53537e+06
124	4.51971e+06
125	4.54392e+06
126	4.55694e+06
127	4.57003e+06
128	4.6009e+06
129	4.60931e+06
130	4.62681e+06
131	4.63361e+06
132	4.63327e+06
133	4.66782e+06
134	4.66958e+06
135	4.67012e+06
136	4.70284e+06
137	4.72109e+06
138	4.73571e+06
139	4.74102e+06
140	4.75391e+06
141	4.78452e+06
142	4.79977e+06
143	4.81532e+06
144	4.81662e+06
145	4.82179e+06
146	4.82544e+06
147	4.8239e+06
148	4.82639e+06
149	4.84441e+06
150	4.85067e+06
151	4.85516e+06
152	4.85448e+06
153	4.85295e+06
154	4.85225e+06
155	4.85225e+06
156	4.85225e+06
157	4.85225e+06
158	4.85225e+06
159	4.85225e+06
160	4.85225e+06
161	4.85225e+06
162	4.85225e+06
163	4.85225e+06
164	4.85225e+06
165	4.85225e+06
166	4.85225e+06
167	4.85225e+06
168	4.85225e+06
169	4.85225e+06
170	4.85225e+06
171	4.85225e+06
172	4.85225e+06
173	4.85225e+06
174	4.85225e+06
175	4.85225e+06
176	4.85225e+06
177	4.85225e+06
178	4.85225e+06
179	4.85225e+06
180	4.85225e+06
181	4.85225e+06
182	4.85225e+06
183	4.85225e+06
184	4.85225e+06
185	4.85225e+06
186	4.85225e+06
187	4.85225e+06
188	4.85225e+06
189	4.84771e+06
