Generation	Geometric_mean
1	213.722
2	213.722
3	213.722
4	213.722
5	918762
6	918762
7	918762
8	918762
9	889736
10	887374
11	888954
12	887209
13	837356
14	818560
15	825214
16	818690
17	833969
18	840954
19	833651
20	834043
21	843356
22	827200
23	819258
24	838091
25	862864
26	896406
27	913293
28	906833
29	904634
30	898975
31	880671
32	864275
33	858443
34	864936
35	883714
36	909597
37	910494
38	908541
39	905724
40	903391
41	923225
42	945811
43	954634
44	966886
45	959829
46	910260
47	887206
48	866644
49	864347
50	864290
51	883742
52	898865
53	904549
54	913849
55	904456
56	862467
57	848580
58	821055
59	790957
60	730681
61	666481
62	632409
63	614152
64	611838
65	591534
66	553238
67	522200
68	458117
69	447276
70	428481
71	386683
72	360353
73	341756
74	320718
75	305367
76	285882
77	253895
78	245067
79	210038
80	188701
81	180728
82	174498
83	171463
84	170014
85	155299
86	120735
87	111384
88	102634
89	74085.4
90	49434.7
91	39160.4
92	27868.5
93	15566
94	11873.3
95	8814.3
96	7482.13
97	7011.13
98	5470.19
99	5175.04
100	4923.27
101	4574.67
102	4447.44
103	4300.97
104	4192.41
105	4217.3
106	4170.88
107	4142.88
108	4063.26
109	4007.67
110	3867.61
111	3776.15
112	3736.41
113	3652.14
114	3468.76
115	3383.11
116	3278.42
117	3082.02
118	2963.4
119	2747.38
120	2548.11
121	2480.05
122	2402.44
123	2358.93
124	2351.77
125	2304.63
126	2182.3
127	2162.73
128	2086.94
129	2037.45
130	1968.09
131	1927.98
132	1877.09
133	1870.92
134	1897.85
135	1899.29
136	1878.19
137	1843.59
138	1849.96
139	1837.22
140	1847.24
141	1858.6
142	1827.77
143	1789.88
144	1772.12
145	1764.63
146	1787.93
147	1849.87
148	1928.18
149	1989.19
150	2065.3
151	2147.01
152	2282.73
153	2492.89
154	2611.32
155	2763.48
156	2921.77
157	3162.08
158	3520.31
159	3811.01
160	4316.29
161	4815.63
162	5265
163	5464.21
164	5583.65
165	5762.74
166	5871.48
167	5887.63
168	5952.39
169	6044.68
170	6161.45
171	6161.45
172	6161.45
173	6161.45
174	6161.45
175	6161.45
176	6161.45
177	6161.45
178	6161.45
179	6161.45
180	6161.45
181	6161.45
182	6161.45
183	6161.45
184	6161.45
185	6161.45
186	6161.45
187	6161.45
188	6161.45
189	6161.45
190	6161.45
191	6161.45
192	6161.45
193	6161.45
194	6161.45
195	6161.45
196	6485.43
