Generation	Geometric_mean
1	204.874
2	204.874
3	204.874
4	204.874
5	321797
6	321797
7	321797
8	321797
9	351312
10	366865
11	365890
12	365460
13	343982
14	333146
15	327613
16	320060
17	328048
18	337671
19	338709
20	334823
21	320701
22	320594
23	315685
24	322132
25	325934
26	332389
27	342090
28	347552
29	349086
30	360653
31	361607
32	360989
33	364149
34	347154
35	337842
36	327876
37	304747
38	289317
39	282426
40	281367
41	292846
42	306587
43	308445
44	293765
45	295502
46	283681
47	273956
48	268639
49	253226
50	227884
51	212676
52	210644
53	210373
54	208610
55	204165
56	199915
57	199724
58	193924
59	175263
60	171376
61	155580
62	142112
63	132475
64	125423
65	103309
66	90444.5
67	68326.1
68	49669.8
69	33173.3
70	20744.2
71	13710
72	11873.5
73	9090.02
74	8329.83
75	7954.37
76	7349.21
77	6969.81
78	6499.81
79	6368.42
80	6350.13
81	6248.27
82	6081.92
83	5970.63
84	5837.33
85	5836.72
86	5865.86
87	5823.66
88	5866.17
89	5813.49
90	5597.71
91	5440.69
92	5203.08
93	5048.73
94	5001.33
95	4915.89
96	4718.12
97	4586.96
98	4350.28
99	4248.79
100	4190.98
101	4092.02
102	4121.76
103	4087.92
104	3954.82
105	3748.31
106	3545.84
107	3405.62
108	3334.41
109	3342.39
110	3245.95
111	3178.11
112	3092.93
113	2992.95
114	2856.7
115	2770.27
116	2699.37
117	2676.82
118	2579.96
119	2463.41
120	2331.36
121	2237.48
122	2192.89
123	2133.35
124	2021.03
125	1928.18
126	1849.82
127	1868.97
128	1888.92
129	1905.31
130	1930.54
131	1950.78
132	1970.77
133	2112.28
134	2106.24
135	2164.38
136	2161.58
137	2160.13
138	2171.18
139	2183.94
140	2312.05
141	2306.05
142	2329.81
143	2328.95
144	2477.2
145	2612.4
146	2813.24
147	3024.35
148	3118.05
149	3210.97
150	3309.04
151	3491.64
152	3949.27
153	4289.96
154	4492.81
155	4795.69
156	5230.6
157	5668.55
158	6166.96
159	6479.25
160	6884.42
161	7454.68
162	8075.85
163	8523.17
164	9067.41
165	9407.66
166	9623.87
167	9672.49
168	9672.49
169	9672.49
170	9672.49
171	9672.49
172	9672.49
173	9672.49
174	9672.49
175	9672.49
176	9672.49
177	9672.49
178	9672.49
179	9672.49
180	9672.49
181	9672.49
182	9672.49
183	9672.49
184	9672.49
185	9672.49
186	9672.49
187	9672.49
188	9672.49
189	9672.49
190	9672.49
191	9672.49
192	9672.49
193	9672.49
194	9672.49
195	9672.49
196	9672.49
197	10141.1
