Generation	Geometric_mean
1	284.754
2	284.754
3	284.754
4	284.754
5	1655.93
6	1815.23
7	2040.86
8	2269.73
9	6211.13
10	8012.34
11	11001.9
12	11895.5
13	14036.7
14	14196.7
15	14385.4
16	14452.5
17	14418.5
18	14179.8
19	14250.9
20	14191.1
21	14279.9
22	14047.2
23	14044.4
24	13992.7
25	14251.9
26	14301.9
27	14226.5
28	14085.5
29	14102.2
30	13900.6
31	13512
32	13176.6
33	13088
34	13059.2
35	13034.1
36	12941.1
37	12789.5
38	12594.1
39	12373
40	12105.3
41	11967.8
42	11960.6
43	11635.9
44	11553.1
45	11473.9
46	11458.4
47	11290.7
48	11023.5
49	10995.1
50	11128.3
51	11116
52	11379.6
53	11101.1
54	11030.1
55	11077
56	11317.3
57	11519.2
58	11646.7
59	11889.9
60	11562.9
61	10966
62	11019
63	10979.2
64	10613.4
65	9668.17
66	8726.74
67	7928.52
68	7829.78
69	7513.46
70	7435.99
71	7004.15
72	6707.55
73	6571.04
74	6427.69
75	6369.75
76	6269.62
77	6157.16
78	6232.56
79	6291.82
80	6303.8
81	6180.19
82	6074.76
83	6001.79
84	6034.16
85	5988.25
86	5961.43
87	5949.88
88	6001.49
89	6031.62
90	6084.3
91	6165.09
92	6217.76
93	6166.71
94	6292.73
95	6315.5
96	6271.35
97	6211.01
98	6117.83
99	6032.04
100	5907.47
101	5859.49
102	5856.01
103	5750.04
104	5783.1
105	5895.72
106	5911.72
107	5865.3
108	5830.11
109	5871.93
110	6009.04
111	5938.51
112	5874.5
113	5879.58
114	5864.87
115	5804.91
116	5716.59
117	5644.53
118	5431.3
119	5302.37
120	5286.12
121	5297.48
122	5265.31
123	5263.23
124	5331.83
125	5392.93
126	5297.85
127	5254.33
128	5197.41
129	5136.37
130	5170.55
131	5171.57
132	5105.07
133	4945.29
134	4920.83
135	4814.07
136	4750.65
137	4740.64
138	4660.83
139	4563.86
140	4558.67
141	4507.68
142	4533.13
143	4573.86
144	4588.85
145	4601.24
146	4576.17
147	4549.77
148	4465.47
149	4457.77
150	4489.93
151	4539.34
152	4555.93
153	4620.16
154	4673.9
155	4724.95
156	4744.54
157	4781.68
158	4787.2
159	4797.51
160	4833.24
161	4869.46
162	4882.02
163	4882.02
164	4882.02
165	4882.02
166	4882.02
167	4882.02
168	4882.02
169	4882.02
170	4882.02
171	4882.02
172	4882.02
173	4882.02
174	4882.02
175	4882.02
176	4882.02
177	4882.02
178	4882.02
179	4882.02
180	4882.02
181	4882.02
182	4882.02
183	4882.02
184	4882.02
185	4882.02
186	4899.97
187	4918
188	4951.37
189	5020.56
190	5037.24
191	5037.24
192	5037.24
193	5053.32
194	5053.32
195	5053.32
196	5053.32
197	5162.26
