Generation	Geometric_mean
1	96.9819
2	96.9819
3	96.9819
4	96.9819
5	4.11667e+06
6	4.11667e+06
7	4.11667e+06
8	4.11667e+06
9	4.36317e+06
10	4.41139e+06
11	4.41683e+06
12	4.41895e+06
13	4.44498e+06
14	4.48965e+06
15	4.53263e+06
16	4.54992e+06
17	4.60088e+06
18	4.62825e+06
19	4.60901e+06
20	4.61112e+06
21	4.60948e+06
22	4.59062e+06
23	4.58601e+06
24	4.61196e+06
25	4.63233e+06
26	4.65298e+06
27	4.64723e+06
28	4.64665e+06
29	4.63549e+06
30	4.64136e+06
31	4.67966e+06
32	4.67267e+06
33	4.68444e+06
34	4.69199e+06
35	4.69815e+06
36	4.70722e+06
37	4.69388e+06
38	4.69635e+06
39	4.71639e+06
40	4.72376e+06
41	4.73325e+06
42	4.73684e+06
43	4.7426e+06
44	4.74321e+06
45	4.73749e+06
46	4.70686e+06
47	4.65289e+06
48	4.65443e+06
49	4.65543e+06
50	4.68178e+06
51	4.71428e+06
52	4.71178e+06
53	4.72115e+06
54	4.71765e+06
55	4.69747e+06
56	4.65208e+06
57	4.65047e+06
58	4.65074e+06
59	4.65679e+06
60	4.65844e+06
61	4.66565e+06
62	4.67884e+06
63	4.68337e+06
64	4.71575e+06
65	4.73557e+06
66	4.71476e+06
67	4.70131e+06
68	4.69119e+06
69	4.67976e+06
70	4.68707e+06
71	4.69373e+06
72	4.702e+06
73	4.68731e+06
74	4.67862e+06
75	4.67282e+06
76	4.67091e+06
77	4.6887e+06
78	4.68315e+06
79	4.68571e+06
80	4.70271e+06
81	4.71745e+06
82	4.71676e+06
83	4.70366e+06
84	4.68559e+06
85	4.68653e+06
86	4.69568e+06
87	4.70697e+06
88	4.73366e+06
89	4.74496e+06
90	4.74317e+06
91	4.75041e+06
92	4.76538e+06
93	4.76888e+06
94	4.77184e+06
95	4.78307e+06
96	4.75715e+06
97	4.74377e+06
98	4.73331e+06
99	4.72937e+06
100	4.72761e+06
101	4.72951e+06
102	4.7011e+06
103	4.67145e+06
104	4.64898e+06
105	4.63887e+06
106	4.64453e+06
107	4.64745e+06
108	4.6537e+06
109	4.6416e+06
110	4.65264e+06
111	4.67056e+06
112	4.6924e+06
113	4.71641e+06
114	4.7459e+06
115	4.74892e+06
116	4.76736e+06
117	4.77202e+06
118	4.75147e+06
119	4.75282e+06
120	4.75326e+06
121	4.7629e+06
122	4.78499e+06
123	4.80388e+06
124	4.80856e+06
125	4.82837e+06
126	4.84664e+06
127	4.85881e+06
128	4.86159e+06
129	4.88376e+06
130	4.8891e+06
131	4.89537e+06
132	4.90818e+06
133	4.92333e+06
134	4.92672e+06
135	4.93087e+06
136	4.93385e+06
137	4.93521e+06
138	4.93685e+06
139	4.93685e+06
140	4.93656e+06
141	4.93704e+06
142	4.93704e+06
143	4.93704e+06
144	4.93704e+06
145	4.93704e+06
146	4.93704e+06
147	4.93704e+06
148	4.93704e+06
149	4.93704e+06
150	4.93704e+06
151	4.93704e+06
152	4.93704e+06
153	4.93704e+06
154	4.93704e+06
155	4.93704e+06
156	4.93704e+06
157	4.93704e+06
158	4.93704e+06
159	4.93704e+06
160	4.93704e+06
161	4.93704e+06
162	4.93704e+06
163	4.93704e+06
164	4.93704e+06
165	4.93704e+06
166	4.93704e+06
167	4.93704e+06
168	4.93704e+06
169	4.93704e+06
170	4.93704e+06
171	4.93704e+06
172	4.93704e+06
173	4.93704e+06
174	4.93704e+06
175	4.95427e+06
