Generation	Geometric_mean
1	134.138
2	134.138
3	134.138
4	134.138
5	4.25309e+06
6	4.25309e+06
7	4.25309e+06
8	4.25309e+06
9	4.48495e+06
10	4.52977e+06
11	4.55704e+06
12	4.55625e+06
13	4.64792e+06
14	4.69136e+06
15	4.69779e+06
16	4.70351e+06
17	4.69572e+06
18	4.70514e+06
19	4.7045e+06
20	4.7171e+06
21	4.7295e+06
22	4.72867e+06
23	4.75605e+06
24	4.7746e+06
25	4.79031e+06
26	4.8028e+06
27	4.80213e+06
28	4.80983e+06
29	4.79167e+06
30	4.79041e+06
31	4.79519e+06
32	4.8087e+06
33	4.82847e+06
34	4.82537e+06
35	4.80414e+06
36	4.78999e+06
37	4.77993e+06
38	4.77596e+06
39	4.77646e+06
40	4.77781e+06
41	4.77576e+06
42	4.77739e+06
43	4.75997e+06
44	4.7591e+06
45	4.75349e+06
46	4.72607e+06
47	4.71809e+06
48	4.72901e+06
49	4.73773e+06
50	4.74414e+06
51	4.74998e+06
52	4.74649e+06
53	4.73951e+06
54	4.73212e+06
55	4.7288e+06
56	4.71527e+06
57	4.71232e+06
58	4.70199e+06
59	4.69458e+06
60	4.7163e+06
61	4.73386e+06
62	4.72958e+06
63	4.75611e+06
64	4.74754e+06
65	4.74465e+06
66	4.7488e+06
67	4.74594e+06
68	4.72623e+06
69	4.71007e+06
70	4.71133e+06
71	4.71971e+06
72	4.73944e+06
73	4.74716e+06
74	4.73787e+06
75	4.74714e+06
76	4.74919e+06
77	4.74864e+06
78	4.75772e+06
79	4.72648e+06
80	4.71039e+06
81	4.72588e+06
82	4.72535e+06
83	4.72788e+06
84	4.72713e+06
85	4.71069e+06
86	4.69188e+06
87	4.69246e+06
88	4.66974e+06
89	4.68084e+06
90	4.70393e+06
91	4.68427e+06
92	4.70084e+06
93	4.70684e+06
94	4.69928e+06
95	4.7086e+06
96	4.70903e+06
97	4.69925e+06
98	4.65211e+06
99	4.62891e+06
100	4.6083e+06
101	4.61988e+06
102	4.63079e+06
103	4.63552e+06
104	4.63771e+06
105	4.65371e+06
106	4.66012e+06
107	4.6754e+06
108	4.69241e+06
109	4.68358e+06
110	4.70456e+06
111	4.71891e+06
112	4.69328e+06
113	4.66193e+06
114	4.67109e+06
115	4.6755e+06
116	4.66272e+06
117	4.70736e+06
118	4.70425e+06
119	4.67444e+06
120	4.66789e+06
121	4.66746e+06
122	4.64985e+06
123	4.6765e+06
124	4.66735e+06
125	4.69035e+06
126	4.70022e+06
127	4.71648e+06
128	4.71147e+06
129	4.71531e+06
130	4.73587e+06
131	4.74922e+06
132	4.786e+06
133	4.80842e+06
134	4.82378e+06
135	4.84199e+06
136	4.85623e+06
137	4.86156e+06
138	4.86618e+06
139	4.87021e+06
140	4.88131e+06
141	4.89268e+06
142	4.89588e+06
143	4.89625e+06
144	4.89603e+06
145	4.89624e+06
146	4.89764e+06
147	4.89764e+06
148	4.89764e+06
149	4.89764e+06
150	4.89764e+06
151	4.89764e+06
152	4.89764e+06
153	4.89764e+06
154	4.89764e+06
155	4.89764e+06
156	4.89764e+06
157	4.89764e+06
158	4.89764e+06
159	4.89764e+06
160	4.89764e+06
161	4.89764e+06
162	4.89764e+06
163	4.89764e+06
164	4.89764e+06
165	4.89764e+06
166	4.89764e+06
167	4.89764e+06
168	4.89764e+06
169	4.89764e+06
170	4.89764e+06
171	4.89764e+06
172	4.89764e+06
173	4.89764e+06
174	4.89764e+06
175	4.89764e+06
176	4.89764e+06
177	4.89764e+06
178	4.89764e+06
179	4.89764e+06
180	4.89764e+06
181	4.89764e+06
182	4.89764e+06
183	4.89764e+06
184	4.87026e+06
