Generation	Geometric_mean
1	257.263
2	257.263
3	257.263
4	257.263
5	24361.1
6	24361.1
7	24361.1
8	24361.1
9	28025.8
10	28521.9
11	28536.7
12	28531.3
13	29643.4
14	30177.3
15	30358.7
16	30436.7
17	31255.5
18	31694.2
19	32352.8
20	32476.2
21	31831.5
22	30951.3
23	30307
24	29716.7
25	29864.3
26	29908.3
27	29798.7
28	29695.4
29	29456
30	28950.8
31	28965.3
32	28553.2
33	28635
34	28397.8
35	27928.5
36	27538.8
37	27107.3
38	26834.1
39	26646.7
40	26006.8
41	25860.8
42	25564.8
43	25697.1
44	24964.6
45	24191.7
46	22211.3
47	19968.5
48	18279.9
49	16758.8
50	13964.6
51	12155.1
52	9652.6
53	6879.22
54	4421.26
55	3623.88
56	2825.51
57	2573.58
58	2411.23
59	2138.33
60	2071.26
61	2028.4
62	1988.25
63	1995.04
64	1977.46
65	1955.61
66	1912.11
67	1827.37
68	1800.35
69	1787.68
70	1762.1
71	1748.44
72	1731.16
73	1739.28
74	1746.88
75	1746.41
76	1756.08
77	1725.44
78	1700.96
79	1693.13
80	1679.74
81	1695.44
82	1728.59
83	1738.36
84	1767.44
85	1794.08
86	1834.93
87	1866.15
88	1908.46
89	1924.19
90	1952.03
91	2002.77
92	2079.79
93	2156.46
94	2181.39
95	2252
96	2299.39
97	2328.83
98	2341.19
99	2361.28
100	2416.08
101	2542.72
102	2729.26
103	3272.85
104	4269.17
105	6332.26
106	9109.67
107	13326.5
108	19087.3
109	26400.8
110	43008.3
111	64775.7
112	100158
113	136787
114	164029
115	178372
116	190651
117	236210
118	257971
119	269642
120	272275
121	292730
122	311317
123	312946
124	320928
125	337325
126	344830
127	354660
128	357432
129	362863
130	373869
131	398916
132	414709
133	436071
134	448097
135	457374
136	453962
137	455204
138	456604
139	458580
140	467587
141	476749
142	479523
143	484493
144	479534
145	478189
146	479023
147	482784
148	492551
149	500988
150	505410
151	512898
152	513387
153	514176
154	516169
155	516767
156	517462
157	517872
158	515895
159	514275
160	514708
161	514708
162	514025
163	514025
164	514025
165	514025
166	514025
167	514025
168	514025
169	514025
170	514025
171	514025
172	514025
173	514025
174	514025
175	514025
176	514025
177	514025
178	514025
179	514025
180	514025
181	514025
182	514025
183	514025
184	514025
185	514025
186	514025
187	514025
188	514025
189	514025
190	514025
191	514025
192	514025
193	514025
194	514025
195	514025
196	514025
197	517390
