Generation	Geometric_mean
1	207.478
2	207.478
3	207.478
4	207.478
5	4.26045e+06
6	4.26045e+06
7	4.26045e+06
8	4.26045e+06
9	4.38431e+06
10	4.4475e+06
11	4.45047e+06
12	4.45664e+06
13	4.58686e+06
14	4.65571e+06
15	4.68773e+06
16	4.69368e+06
17	4.71336e+06
18	4.72539e+06
19	4.7384e+06
20	4.7227e+06
21	4.7238e+06
22	4.75592e+06
23	4.77647e+06
24	4.77353e+06
25	4.76928e+06
26	4.76361e+06
27	4.74514e+06
28	4.73418e+06
29	4.72935e+06
30	4.72082e+06
31	4.72786e+06
32	4.73768e+06
33	4.75958e+06
34	4.78618e+06
35	4.80082e+06
36	4.80629e+06
37	4.79621e+06
38	4.77493e+06
39	4.76041e+06
40	4.73191e+06
41	4.72735e+06
42	4.72199e+06
43	4.72091e+06
44	4.7216e+06
45	4.70662e+06
46	4.70276e+06
47	4.71325e+06
48	4.7323e+06
49	4.7683e+06
50	4.79288e+06
51	4.79867e+06
52	4.79854e+06
53	4.78769e+06
54	4.77229e+06
55	4.76085e+06
56	4.74442e+06
57	4.7292e+06
58	4.72077e+06
59	4.73594e+06
60	4.75341e+06
61	4.77423e+06
62	4.78622e+06
63	4.79319e+06
64	4.78074e+06
65	4.77551e+06
66	4.77623e+06
67	4.75838e+06
68	4.7461e+06
69	4.76144e+06
70	4.7515e+06
71	4.74295e+06
72	4.70738e+06
73	4.68957e+06
74	4.68392e+06
75	4.69416e+06
76	4.68647e+06
77	4.70347e+06
78	4.70003e+06
79	4.703e+06
80	4.72387e+06
81	4.73459e+06
82	4.75845e+06
83	4.77652e+06
84	4.77743e+06
85	4.76016e+06
86	4.74543e+06
87	4.72114e+06
88	4.72491e+06
89	4.70656e+06
90	4.72876e+06
91	4.72221e+06
92	4.72548e+06
93	4.72241e+06
94	4.71687e+06
95	4.7185e+06
96	4.72149e+06
97	4.74628e+06
98	4.75231e+06
99	4.76579e+06
100	4.7706e+06
101	4.75162e+06
102	4.70507e+06
103	4.69413e+06
104	4.6859e+06
105	4.68706e+06
106	4.70534e+06
107	4.71535e+06
108	4.70483e+06
109	4.7186e+06
110	4.71932e+06
111	4.72868e+06
112	4.73717e+06
113	4.72903e+06
114	4.7354e+06
115	4.74548e+06
116	4.74125e+06
117	4.75403e+06
118	4.75379e+06
119	4.74086e+06
120	4.74433e+06
121	4.77657e+06
122	4.77656e+06
123	4.76925e+06
124	4.77094e+06
125	4.77079e+06
126	4.78428e+06
127	4.79341e+06
128	4.78325e+06
129	4.78165e+06
130	4.77077e+06
131	4.77083e+06
132	4.774e+06
133	4.77619e+06
134	4.80135e+06
135	4.81039e+06
136	4.82862e+06
137	4.84001e+06
138	4.84838e+06
139	4.86241e+06
140	4.87653e+06
141	4.90509e+06
142	4.91385e+06
143	4.92653e+06
144	4.93607e+06
145	4.93684e+06
146	4.93912e+06
147	4.93912e+06
148	4.94131e+06
149	4.9415e+06
150	4.94231e+06
151	4.94231e+06
152	4.94231e+06
153	4.94239e+06
154	4.94276e+06
155	4.94276e+06
156	4.94276e+06
157	4.94276e+06
158	4.94276e+06
159	4.94276e+06
160	4.94276e+06
161	4.94276e+06
162	4.94276e+06
163	4.94276e+06
164	4.94276e+06
165	4.94276e+06
166	4.94276e+06
167	4.94276e+06
168	4.94276e+06
169	4.94276e+06
170	4.94276e+06
171	4.94276e+06
172	4.94276e+06
173	4.94276e+06
174	4.94276e+06
175	4.94276e+06
176	4.94276e+06
177	4.94276e+06
178	4.94276e+06
179	4.94276e+06
180	4.94276e+06
181	4.94276e+06
182	4.94276e+06
183	4.94276e+06
184	4.94808e+06
