Generation	Geometric_mean
1	233.436
2	233.436
3	233.436
4	233.436
5	116882
6	116882
7	116882
8	116882
9	119352
10	123655
11	123257
12	123393
13	126160
14	130382
15	132020
16	134296
17	139299
18	144324
19	148523
20	146060
21	142321
22	136440
23	130113
24	127998
25	127280
26	125087
27	123284
28	122472
29	121314
30	121756
31	122902
32	123287
33	122422
34	118076
35	110625
36	101112
37	96024
38	89440.6
39	80567
40	77144.4
41	66390.6
42	54312.8
43	44020.2
44	39968.7
45	36522.5
46	33580.9
47	33585.1
48	33258.5
49	33201.4
50	33539.7
51	33946.4
52	33903.7
53	32905.3
54	31566.4
55	30626.9
56	29433.1
57	27801.7
58	26723.3
59	25254
60	24708.5
61	23840.3
62	22989.8
63	22116
64	21603.8
65	21284.6
66	21080
67	20622.8
68	18616.6
69	15314.5
70	12255
71	11213.3
72	9853.49
73	8371.54
74	6813.85
75	4775.87
76	4092.62
77	3848.51
78	3400.67
79	3056.13
80	2978.37
81	2885.01
82	2857.08
83	2729.1
84	2698.13
85	2642.57
86	2540.19
87	2507.79
88	2414.41
89	2358.24
90	2274.92
91	2184.44
92	2144.61
93	2113.74
94	2067.47
95	2071.17
96	2123.32
97	2128.46
98	2117.67
99	2124.53
100	2143.7
101	2166.69
102	2264.44
103	2283.54
104	2265.93
105	2272.73
106	2290.32
107	2296.48
108	2269.06
109	2276.02
110	2270.58
111	2257.88
112	2262.8
113	2305.82
114	2289.62
115	2328.22
116	2352.44
117	2372.76
118	2325.18
119	2278.76
120	2295.37
121	2315.47
122	2401.83
123	2422.27
124	2414.93
125	2433.18
126	2467.02
127	2504.33
128	2547.34
129	2597.55
130	2642.83
131	2796.94
132	2983.34
133	3182.41
134	3307.47
135	3583.54
136	3700.15
137	3817.08
138	4047.38
139	4226.49
140	4449.7
141	4725.02
142	5456.43
143	5985.49
144	6189.36
145	6330.61
146	6504.66
147	6711.65
148	6903.81
149	7061.24
150	7351.75
151	7660.9
152	8140.53
153	8668.2
154	8980.57
155	9332.51
156	9712.03
157	10051.3
158	10309.1
159	10456.2
160	10519.1
161	10601.2
162	10601.2
163	10601.2
164	10638.1
165	10638.1
166	10638.1
167	10638.1
168	10638.1
169	10638.1
170	10638.1
171	10638.1
172	10638.1
173	10638.1
174	10638.1
175	10638.1
176	10638.1
177	10638.1
178	10638.1
179	10638.1
180	10638.1
181	10638.1
182	10638.1
183	10638.1
184	10638.1
185	10638.1
186	10638.1
187	10638.1
188	10638.1
189	10638.1
190	10638.1
191	10638.1
192	10638.1
193	10638.1
194	10638.1
195	10638.1
196	10638.1
197	10628.2
