Generation	Geometric_mean
1	216.049
2	216.049
3	216.049
4	216.049
5	9765.63
6	9765.63
7	9765.63
8	9765.63
9	11657.2
10	11646.1
11	11625.3
12	11611.5
13	12529.8
14	12765.9
15	12862.4
16	12975.4
17	13197.7
18	13266
19	13200.3
20	13176.1
21	13201.5
22	13208.3
23	13109.8
24	13053
25	13158.8
26	13196.1
27	12864.3
28	12808.6
29	12837.1
30	13023.1
31	12964.2
32	13072.3
33	12967
34	12586.4
35	12321.8
36	11853.9
37	11604.4
38	11671.9
39	11691.7
40	11532.5
41	11365.6
42	10977.3
43	10789.1
44	10731.7
45	10868.7
46	10960.4
47	10889.7
48	10877.1
49	10764.6
50	10518.7
51	10374.7
52	10531.8
53	10563.3
54	10542.6
55	10567.8
56	10392.1
57	10182.8
58	10241.1
59	10133.7
60	10114.1
61	9915.26
62	9627.39
63	9352.17
64	9220.83
65	9183.26
66	9171.05
67	9026.5
68	8981.67
69	8747.32
70	8568.39
71	8313.65
72	8462.63
73	8351.24
74	8030.8
75	7753.27
76	7534.8
77	7350.69
78	7360.81
79	7306.88
80	7195.44
81	6940.53
82	6731.42
83	6569.94
84	6351.82
85	6195.14
86	6047.47
87	5949.49
88	5894.4
89	5728.27
90	5499.2
91	5411.83
92	5355.69
93	5250.38
94	5153.14
95	4953.95
96	4780.18
97	4772.47
98	4782.4
99	4851.46
100	4548.53
101	4474.08
102	4491.76
103	4488.08
104	4389.94
105	4412.09
106	4451.47
107	4353.84
108	4166.07
109	4233.65
110	4181.74
111	4174.56
112	4102.87
113	4099.85
114	3991.47
115	3933.74
116	3934.44
117	3983.79
118	3940.22
119	3948.73
120	3985.61
121	4002.64
122	3999.35
123	3962.06
124	4004.26
125	3973.41
126	3968.03
127	3866.26
128	3774.12
129	3654.63
130	3508.59
131	3373.37
132	3281.44
133	3205.84
134	3180.27
135	3202.26
136	3277.72
137	3390.15
138	3442.03
139	3456.93
140	3512.78
141	3631.14
142	3659.43
143	3782.18
144	3932.25
145	4184.23
146	4419.16
147	4613.58
148	4709.41
149	4829.2
150	4871.51
151	5056.47
152	5433.9
153	5697.26
154	5958.33
155	6029.73
156	6077.2
157	6181.42
158	6324.24
159	6596.09
160	6657.68
161	6882.79
162	7295.69
163	7420.33
164	7614.87
165	7639.33
166	7664.92
167	7664.92
168	7664.92
169	7664.92
170	7664.92
171	7664.92
172	7664.92
173	7664.92
174	7664.92
175	7664.92
176	8022.97
177	8022.97
178	8415.12
179	9202.87
180	9901.76
181	10217.8
182	10769
183	11192.6
184	11449.9
185	11988.2
186	13338
187	13825.9
188	16257.7
189	20014.2
190	24193.3
191	31781.7
192	39366.8
193	49456.8
194	49456.8
195	49456.8
196	49456.8
197	51234.2
