Generation	Geometric_mean
1	96.4838
2	96.4838
3	96.4838
4	96.4838
5	4.20175e+06
6	4.20175e+06
7	4.20175e+06
8	4.20175e+06
9	4.5169e+06
10	4.60856e+06
11	4.6242e+06
12	4.6242e+06
13	4.71726e+06
14	4.77269e+06
15	4.78356e+06
16	4.78322e+06
17	4.72222e+06
18	4.69352e+06
19	4.68336e+06
20	4.6562e+06
21	4.69734e+06
22	4.74227e+06
23	4.75283e+06
24	4.77157e+06
25	4.76091e+06
26	4.74698e+06
27	4.71974e+06
28	4.72539e+06
29	4.73086e+06
30	4.74666e+06
31	4.74914e+06
32	4.75821e+06
33	4.77743e+06
34	4.76033e+06
35	4.75914e+06
36	4.75604e+06
37	4.75185e+06
38	4.77372e+06
39	4.77473e+06
40	4.78001e+06
41	4.7789e+06
42	4.78054e+06
43	4.79969e+06
44	4.81188e+06
45	4.82206e+06
46	4.81865e+06
47	4.80741e+06
48	4.781e+06
49	4.77174e+06
50	4.7749e+06
51	4.77238e+06
52	4.77762e+06
53	4.79308e+06
54	4.79521e+06
55	4.7705e+06
56	4.77872e+06
57	4.76633e+06
58	4.75111e+06
59	4.78421e+06
60	4.78197e+06
61	4.7893e+06
62	4.79953e+06
63	4.79067e+06
64	4.7734e+06
65	4.78128e+06
66	4.77268e+06
67	4.78089e+06
68	4.78905e+06
69	4.78987e+06
70	4.78717e+06
71	4.78777e+06
72	4.76553e+06
73	4.7649e+06
74	4.76444e+06
75	4.76255e+06
76	4.75226e+06
77	4.73924e+06
78	4.71002e+06
79	4.68755e+06
80	4.66898e+06
81	4.67764e+06
82	4.68156e+06
83	4.68507e+06
84	4.6965e+06
85	4.70164e+06
86	4.71726e+06
87	4.71873e+06
88	4.71948e+06
89	4.7235e+06
90	4.71931e+06
91	4.72173e+06
92	4.72855e+06
93	4.71732e+06
94	4.71716e+06
95	4.72242e+06
96	4.72516e+06
97	4.71253e+06
98	4.69601e+06
99	4.70417e+06
100	4.71637e+06
101	4.71537e+06
102	4.70252e+06
103	4.68776e+06
104	4.68158e+06
105	4.68291e+06
106	4.69327e+06
107	4.71899e+06
108	4.7467e+06
109	4.74556e+06
110	4.73103e+06
111	4.7103e+06
112	4.71298e+06
113	4.7161e+06
114	4.73008e+06
115	4.74323e+06
116	4.75653e+06
117	4.72975e+06
118	4.72008e+06
119	4.69767e+06
120	4.6821e+06
121	4.69151e+06
122	4.69596e+06
123	4.68938e+06
124	4.70245e+06
125	4.70394e+06
126	4.71209e+06
127	4.72449e+06
128	4.73301e+06
129	4.74632e+06
130	4.75752e+06
131	4.74783e+06
132	4.73759e+06
133	4.71373e+06
134	4.71282e+06
135	4.72626e+06
136	4.74405e+06
137	4.78603e+06
138	4.79107e+06
139	4.8107e+06
140	4.83613e+06
141	4.85115e+06
142	4.86861e+06
143	4.88581e+06
144	4.88854e+06
145	4.89074e+06
146	4.89188e+06
147	4.89293e+06
148	4.89344e+06
149	4.89344e+06
150	4.8943e+06
151	4.89492e+06
152	4.89473e+06
153	4.89423e+06
154	4.89423e+06
155	4.89423e+06
156	4.89423e+06
157	4.89423e+06
158	4.89423e+06
159	4.89423e+06
160	4.89423e+06
161	4.89423e+06
162	4.89423e+06
163	4.89423e+06
164	4.89423e+06
165	4.89423e+06
166	4.89423e+06
167	4.89423e+06
168	4.89423e+06
169	4.89423e+06
170	4.89423e+06
171	4.89423e+06
172	4.89423e+06
173	4.89423e+06
174	4.89423e+06
175	4.89423e+06
176	4.89423e+06
177	4.89423e+06
178	4.89423e+06
179	4.89423e+06
180	4.89423e+06
181	4.89423e+06
182	4.89423e+06
183	4.89423e+06
184	4.89423e+06
185	4.88188e+06
