Generation	Geometric_mean
1	246.028
2	246.028
3	246.028
4	246.028
5	11920.5
6	11920.5
7	11920.5
8	11920.5
9	13835.8
10	14177
11	14357
12	14409.6
13	14906.7
14	15197.1
15	15258.8
16	15280.2
17	15711
18	15909.9
19	15994.4
20	15852.7
21	15661
22	15315
23	15123.5
24	15118.4
25	14864.1
26	14734.8
27	14225.8
28	14057.3
29	13985.8
30	13676.3
31	13643
32	12949
33	12498.1
34	12539.4
35	12706.9
36	12696.1
37	12615.7
38	12477
39	11992.2
40	11404.2
41	11067.8
42	10915.7
43	10618
44	10488.1
45	10141
46	9842.64
47	9433.72
48	9181.51
49	8955.85
50	8438.4
51	8255.03
52	8146.95
53	8025.72
54	7719.19
55	7346.98
56	7281.32
57	7060.11
58	6897.83
59	6627.79
60	6302.16
61	6002.71
62	5657.21
63	5555.16
64	5450.99
65	5294.95
66	5186.8
67	5021.97
68	4996.86
69	5013.68
70	4987.49
71	4956.55
72	4843.74
73	4798.86
74	4767.57
75	4744.94
76	4708.98
77	4654.4
78	4598.71
79	4633.33
80	4596.15
81	4638.88
82	4539.53
83	4636.36
84	4691.07
85	4539.74
86	4578.74
87	4559.15
88	4521.11
89	4507.45
90	4406.36
91	4415.63
92	4433.89
93	4424.57
94	4546.68
95	4514.23
96	4481.28
97	4585.09
98	4695.84
99	4877.95
100	5002.89
101	5136.44
102	5243.89
103	5361.63
104	5321.15
105	5422.1
106	5561.13
107	5674.1
108	5694.85
109	5703
110	5892.47
111	6009.06
112	6089.95
113	6113.76
114	6094
115	6128.93
116	6140.81
117	6211.92
118	6336.86
119	6399.09
120	6401.59
121	6454.83
122	6491.16
123	6526.43
124	6588.93
125	6628.2
126	6680.95
127	6948.78
128	7187.01
129	7376.32
130	7446.33
131	7472.63
132	7432.95
133	7441.13
134	7666.04
135	7745.08
136	7679.49
137	7820.25
138	7887.9
139	7895.97
140	7886.05
141	7941.4
142	8137.7
143	8422.82
144	8583.86
145	8662.72
146	8700.64
147	8753.34
148	8764.42
149	8814.58
150	8869.98
151	8824.49
152	8882.92
153	8959.84
154	8997.86
155	9103.15
156	9122.99
157	9152.67
158	9169.48
159	9165.99
160	9165.99
161	9165.99
162	9165.99
163	9165.99
164	9165.99
165	9165.99
166	9165.99
167	9165.99
168	9165.99
169	9165.99
170	9165.99
171	9165.99
172	9165.99
173	9165.99
174	9165.99
175	9165.99
176	9165.99
177	9165.99
178	9165.99
179	9165.99
180	9165.99
181	9165.99
182	9165.99
183	9165.99
184	9165.99
185	9165.99
186	9165.99
187	9165.99
188	9165.99
189	9165.99
190	9165.99
191	9165.99
192	9165.99
193	9165.99
194	9165.99
195	9165.99
196	9159.72
