Generation	Geometric_mean
1	273.791
2	273.791
3	273.791
4	273.791
5	24551.6
6	24551.6
7	24551.6
8	24551.6
9	26462.6
10	26919.7
11	26901.7
12	26928.9
13	27168.6
14	27760
15	28107.4
16	28111.4
17	29735.4
18	30701.7
19	31117.5
20	31096.6
21	30613.6
22	30673.2
23	30993.4
24	30693.4
25	30525.5
26	30133.1
27	30358.1
28	30574.1
29	30281.9
30	30272.8
31	29919.9
32	29587.2
33	29118.4
34	28474.6
35	27399.2
36	26804.9
37	26535.9
38	24682.2
39	25057.3
40	25065.1
41	24466.3
42	23849.8
43	18946
44	17040.9
45	11732.4
46	6043.96
47	2506.41
48	1784.15
49	1665.81
50	1394.07
51	1089.93
52	1026.83
53	1015.49
54	982.74
55	977.282
56	971.69
57	946.854
58	954.428
59	921.416
60	932.802
61	953.56
62	977.858
63	1071.28
64	1114.63
65	1114.8
66	1152.75
67	1245.41
68	1670.96
69	2453.4
70	5523.59
71	31369.1
72	111848
73	882312
74	1.94199e+06
75	2.75974e+06
76	2.9962e+06
77	3.39785e+06
78	3.47682e+06
79	3.50875e+06
80	3.47105e+06
81	3.47817e+06
82	3.47357e+06
83	3.50198e+06
84	3.53388e+06
85	3.49421e+06
86	3.51742e+06
87	3.5364e+06
88	3.50753e+06
89	3.58988e+06
90	3.64275e+06
91	3.6906e+06
92	3.70613e+06
93	3.71517e+06
94	3.68153e+06
95	3.62022e+06
96	3.58972e+06
97	3.52697e+06
98	3.51846e+06
99	3.65016e+06
100	3.60992e+06
101	3.61009e+06
102	3.60588e+06
103	3.56834e+06
104	3.63788e+06
105	3.64954e+06
106	3.64357e+06
107	3.68038e+06
108	3.70119e+06
109	3.66426e+06
110	3.68194e+06
111	3.7959e+06
112	3.77482e+06
113	3.76766e+06
114	3.7534e+06
115	3.67883e+06
116	3.60951e+06
117	3.59434e+06
118	3.52313e+06
119	3.47039e+06
120	3.44265e+06
121	3.46814e+06
122	3.52364e+06
123	3.55183e+06
124	3.58932e+06
125	3.60863e+06
126	3.62339e+06
127	3.67348e+06
128	3.69401e+06
129	3.75904e+06
130	3.77518e+06
131	3.78683e+06
132	3.7886e+06
133	3.74998e+06
134	3.71182e+06
135	3.64721e+06
136	3.63747e+06
137	3.64203e+06
138	3.63276e+06
139	3.61418e+06
140	3.62839e+06
141	3.64522e+06
142	3.67001e+06
143	3.71273e+06
144	3.72454e+06
145	3.737e+06
146	3.76941e+06
147	3.7771e+06
148	3.7985e+06
149	3.8567e+06
150	3.90077e+06
151	3.9465e+06
152	3.98605e+06
153	4.04874e+06
154	4.06726e+06
155	4.08489e+06
156	4.11176e+06
157	4.12362e+06
158	4.1423e+06
159	4.15468e+06
160	4.15756e+06
161	4.16483e+06
162	4.1666e+06
163	4.16871e+06
164	4.17121e+06
165	4.17121e+06
166	4.17121e+06
167	4.17121e+06
168	4.17121e+06
169	4.17121e+06
170	4.17121e+06
171	4.17121e+06
172	4.17121e+06
173	4.17121e+06
174	4.17121e+06
175	4.17121e+06
176	4.17121e+06
177	4.17121e+06
178	4.17121e+06
179	4.17121e+06
180	4.17121e+06
181	4.17121e+06
182	4.17121e+06
183	4.17121e+06
184	4.17121e+06
185	4.17121e+06
186	4.17121e+06
187	4.17121e+06
188	4.17121e+06
189	4.17121e+06
190	4.17121e+06
191	4.17121e+06
192	4.17121e+06
193	4.17121e+06
194	4.17121e+06
195	4.17121e+06
196	4.17121e+06
197	4.28826e+06
