Generation	Geometric_mean
1	91.0726
2	91.0726
3	91.0726
4	91.0726
5	3.82211e+06
6	3.82211e+06
7	3.82211e+06
8	3.82211e+06
9	3.99584e+06
10	4.06418e+06
11	4.07927e+06
12	4.0853e+06
13	4.208e+06
14	4.24872e+06
15	4.25038e+06
16	4.25868e+06
17	4.25187e+06
18	4.25919e+06
19	4.31332e+06
20	4.33459e+06
21	4.35658e+06
22	4.42052e+06
23	4.4547e+06
24	4.45761e+06
25	4.4753e+06
26	4.46605e+06
27	4.49949e+06
28	4.52376e+06
29	4.53202e+06
30	4.53943e+06
31	4.53593e+06
32	4.5645e+06
33	4.60435e+06
34	4.59309e+06
35	4.60189e+06
36	4.5501e+06
37	4.50667e+06
38	4.49863e+06
39	4.50162e+06
40	4.5523e+06
41	4.55956e+06
42	4.56238e+06
43	4.57684e+06
44	4.56643e+06
45	4.55182e+06
46	4.56006e+06
47	4.57571e+06
48	4.6052e+06
49	4.65953e+06
50	4.69169e+06
51	4.68577e+06
52	4.66976e+06
53	4.64428e+06
54	4.63588e+06
55	4.60735e+06
56	4.61298e+06
57	4.58965e+06
58	4.57801e+06
59	4.59389e+06
60	4.6065e+06
61	4.60728e+06
62	4.60638e+06
63	4.59118e+06
64	4.56773e+06
65	4.55849e+06
66	4.56995e+06
67	4.56308e+06
68	4.57047e+06
69	4.6077e+06
70	4.62051e+06
71	4.63912e+06
72	4.60798e+06
73	4.58679e+06
74	4.58198e+06
75	4.58326e+06
76	4.61873e+06
77	4.63382e+06
78	4.63812e+06
79	4.62576e+06
80	4.57474e+06
81	4.56004e+06
82	4.54157e+06
83	4.52916e+06
84	4.56832e+06
85	4.5498e+06
86	4.55761e+06
87	4.55228e+06
88	4.54454e+06
89	4.54101e+06
90	4.52976e+06
91	4.50922e+06
92	4.49312e+06
93	4.51129e+06
94	4.51596e+06
95	4.5213e+06
96	4.5275e+06
97	4.54084e+06
98	4.51422e+06
99	4.50083e+06
100	4.50266e+06
101	4.52032e+06
102	4.51049e+06
103	4.5193e+06
104	4.50358e+06
105	4.48459e+06
106	4.50512e+06
107	4.50343e+06
108	4.51453e+06
109	4.52113e+06
110	4.53084e+06
111	4.52021e+06
112	4.53588e+06
113	4.56252e+06
114	4.57029e+06
115	4.56611e+06
116	4.5956e+06
117	4.59727e+06
118	4.61815e+06
119	4.6173e+06
120	4.6071e+06
121	4.61763e+06
122	4.60656e+06
123	4.5906e+06
124	4.55536e+06
125	4.547e+06
126	4.546e+06
127	4.55128e+06
128	4.55983e+06
129	4.58788e+06
130	4.60109e+06
131	4.59889e+06
132	4.60526e+06
133	4.61259e+06
134	4.61159e+06
135	4.60943e+06
136	4.59489e+06
137	4.60021e+06
138	4.60466e+06
139	4.62114e+06
140	4.61466e+06
141	4.60997e+06
142	4.60295e+06
143	4.59907e+06
144	4.59173e+06
145	4.58666e+06
146	4.58721e+06
147	4.58341e+06
148	4.58119e+06
149	4.58119e+06
150	4.58119e+06
151	4.58119e+06
152	4.58119e+06
153	4.58119e+06
154	4.58119e+06
155	4.58119e+06
156	4.58119e+06
157	4.58119e+06
158	4.58119e+06
159	4.58119e+06
160	4.58119e+06
161	4.58119e+06
162	4.58119e+06
163	4.58119e+06
164	4.58119e+06
165	4.58119e+06
166	4.58119e+06
167	4.58119e+06
168	4.58119e+06
169	4.58119e+06
170	4.58119e+06
171	4.58119e+06
172	4.58119e+06
173	4.58119e+06
174	4.58119e+06
175	4.58119e+06
176	4.58119e+06
177	4.58119e+06
178	4.58119e+06
179	4.58119e+06
180	4.58119e+06
181	4.47721e+06
