Generation	Geometric_mean
1	1927.48
2	1927.48
3	1927.48
4	1927.48
5	1320.67
6	1204.49
7	165.48
8	139.897
9	144.044
10	151.71
11	129265
12	528091
13	1.23713e+06
14	1.41515e+06
15	1.72331e+06
16	1.75186e+06
17	1.72634e+06
18	1.71326e+06
19	1.76982e+06
20	1.78352e+06
21	1.82099e+06
22	1.8405e+06
23	1.88579e+06
24	1.88158e+06
25	1.88761e+06
26	1.92687e+06
27	1.91856e+06
28	1.85684e+06
29	1.77728e+06
30	1.73015e+06
31	1.73537e+06
32	1.74806e+06
33	1.80449e+06
34	1.80563e+06
35	1.84872e+06
36	1.875e+06
37	1.86037e+06
38	1.8513e+06
39	1.89944e+06
40	1.92857e+06
41	1.97845e+06
42	2.0353e+06
43	2.03279e+06
44	2.0523e+06
45	2.09571e+06
46	2.0822e+06
47	2.08184e+06
48	2.06022e+06
49	2.04409e+06
50	2.04433e+06
51	2.10901e+06
52	2.15984e+06
53	2.1482e+06
54	2.1877e+06
55	2.19852e+06
56	2.19062e+06
57	2.19836e+06
58	2.17505e+06
59	2.13246e+06
60	2.11818e+06
61	2.07947e+06
62	2.03166e+06
63	1.98551e+06
64	1.98221e+06
65	2.012e+06
66	2.01083e+06
67	1.99201e+06
68	2.02271e+06
69	2.0808e+06
70	2.08091e+06
71	2.07939e+06
72	2.09423e+06
73	2.09093e+06
74	2.07237e+06
75	2.10681e+06
76	2.13524e+06
77	2.13779e+06
78	2.16651e+06
79	2.1937e+06
80	2.22467e+06
81	2.236e+06
82	2.26684e+06
83	2.28858e+06
84	2.31116e+06
85	2.30138e+06
86	2.29803e+06
87	2.29805e+06
88	2.25264e+06
89	2.20107e+06
90	2.15563e+06
91	2.12187e+06
92	2.11912e+06
93	2.11689e+06
94	2.09928e+06
95	2.03655e+06
96	2.03615e+06
97	2.00107e+06
98	1.98758e+06
99	1.97914e+06
100	1.97038e+06
101	1.96151e+06
102	1.94432e+06
103	1.91497e+06
104	1.88868e+06
105	1.90782e+06
106	1.916e+06
107	1.94952e+06
108	1.99878e+06
109	2.03003e+06
110	1.9576e+06
111	1.95767e+06
112	1.95953e+06
113	1.96545e+06
114	2.00206e+06
115	2.0397e+06
116	2.0832e+06
117	2.11844e+06
118	2.12083e+06
119	2.15361e+06
120	2.15008e+06
121	2.13148e+06
122	2.13757e+06
123	2.13679e+06
124	2.10831e+06
125	2.10252e+06
126	2.09783e+06
127	2.07545e+06
128	2.04923e+06
129	1.98162e+06
130	1.9037e+06
131	1.85615e+06
132	1.79523e+06
133	1.7681e+06
134	1.71472e+06
135	1.68529e+06
136	1.62321e+06
137	1.57399e+06
138	1.53281e+06
139	1.50591e+06
140	1.4891e+06
141	1.47226e+06
142	1.44322e+06
143	1.42633e+06
144	1.40964e+06
145	1.3882e+06
146	1.38075e+06
147	1.33881e+06
148	1.31713e+06
149	1.29312e+06
150	1.27248e+06
151	1.22692e+06
152	1.199e+06
153	1.19432e+06
154	1.18083e+06
155	1.16274e+06
156	1.14052e+06
157	1.1104e+06
158	1.07656e+06
159	1.04332e+06
160	1.01202e+06
161	1.00526e+06
162	993597
163	987383
164	970048
165	946175
166	894348
167	840679
168	802067
169	747562
170	706931
171	684628
172	675362
173	653995
174	621082
175	606378
176	590929
177	567910
178	554811
179	544048
180	532122
181	510601
182	436304
183	270045
184	270045
185	270045
186	270045
187	5941.18
188	5941.18
189	5941.18
190	5941.18
191	4988.82
