Generation	Geometric_mean
1	92.135
2	92.135
3	92.135
4	92.135
5	3.98121e+06
6	3.98121e+06
7	3.98121e+06
8	3.98121e+06
9	4.04384e+06
10	4.08595e+06
11	4.09109e+06
12	4.09277e+06
13	4.18433e+06
14	4.32833e+06
15	4.35677e+06
16	4.34559e+06
17	4.41103e+06
18	4.41982e+06
19	4.40415e+06
20	4.39089e+06
21	4.4086e+06
22	4.44511e+06
23	4.47208e+06
24	4.493e+06
25	4.50069e+06
26	4.53573e+06
27	4.54757e+06
28	4.54966e+06
29	4.51763e+06
30	4.47925e+06
31	4.42616e+06
32	4.43367e+06
33	4.45383e+06
34	4.49282e+06
35	4.57017e+06
36	4.59276e+06
37	4.6177e+06
38	4.61729e+06
39	4.63755e+06
40	4.63595e+06
41	4.62212e+06
42	4.63255e+06
43	4.59235e+06
44	4.56713e+06
45	4.53976e+06
46	4.52804e+06
47	4.50398e+06
48	4.51504e+06
49	4.51871e+06
50	4.50166e+06
51	4.49851e+06
52	4.49785e+06
53	4.49033e+06
54	4.52832e+06
55	4.53766e+06
56	4.58722e+06
57	4.63147e+06
58	4.63914e+06
59	4.6278e+06
60	4.60686e+06
61	4.57094e+06
62	4.5012e+06
63	4.48583e+06
64	4.45983e+06
65	4.48763e+06
66	4.52981e+06
67	4.571e+06
68	4.56409e+06
69	4.5874e+06
70	4.60106e+06
71	4.62864e+06
72	4.65009e+06
73	4.64602e+06
74	4.65037e+06
75	4.63067e+06
76	4.61524e+06
77	4.62313e+06
78	4.60028e+06
79	4.60528e+06
80	4.61328e+06
81	4.59629e+06
82	4.57399e+06
83	4.59221e+06
84	4.6017e+06
85	4.6478e+06
86	4.69189e+06
87	4.67923e+06
88	4.63895e+06
89	4.61239e+06
90	4.5483e+06
91	4.53827e+06
92	4.55256e+06
93	4.53239e+06
94	4.54819e+06
95	4.53724e+06
96	4.50155e+06
97	4.49448e+06
98	4.4958e+06
99	4.5045e+06
100	4.50511e+06
101	4.52137e+06
102	4.53166e+06
103	4.56334e+06
104	4.55552e+06
105	4.57796e+06
106	4.55752e+06
107	4.55545e+06
108	4.55069e+06
109	4.53088e+06
110	4.53462e+06
111	4.53796e+06
112	4.53045e+06
113	4.53872e+06
114	4.56259e+06
115	4.55176e+06
116	4.54984e+06
117	4.56138e+06
118	4.58583e+06
119	4.61428e+06
120	4.64313e+06
121	4.65014e+06
122	4.65198e+06
123	4.65561e+06
124	4.6567e+06
125	4.67196e+06
126	4.68797e+06
127	4.70232e+06
128	4.72743e+06
129	4.73683e+06
130	4.75037e+06
131	4.77022e+06
132	4.784e+06
133	4.80855e+06
134	4.81466e+06
135	4.8258e+06
136	4.843e+06
137	4.85242e+06
138	4.86764e+06
139	4.88836e+06
140	4.89872e+06
141	4.91068e+06
142	4.92023e+06
143	4.92658e+06
144	4.92898e+06
145	4.93366e+06
146	4.93757e+06
147	4.93791e+06
148	4.93791e+06
149	4.93791e+06
150	4.93791e+06
151	4.93791e+06
152	4.93791e+06
153	4.93791e+06
154	4.93791e+06
155	4.93791e+06
156	4.93791e+06
157	4.93791e+06
158	4.93791e+06
159	4.93791e+06
160	4.93791e+06
161	4.93791e+06
162	4.93791e+06
163	4.93791e+06
164	4.93791e+06
165	4.93791e+06
166	4.93791e+06
167	4.93791e+06
168	4.93791e+06
169	4.93791e+06
170	4.93791e+06
171	4.93791e+06
172	4.93791e+06
173	4.93791e+06
174	4.93791e+06
175	4.93791e+06
176	4.93791e+06
177	4.93791e+06
178	4.93791e+06
179	4.93791e+06
180	4.93791e+06
181	4.93791e+06
182	4.93791e+06
183	4.93791e+06
184	4.93791e+06
185	4.93791e+06
186	4.96872e+06
