Generation	Geometric_mean
1	82.1148
2	82.1148
3	82.1148
4	82.1148
5	26542.9
6	26542.9
7	26542.9
8	26542.9
9	27063.2
10	26811.6
11	26782.2
12	26803.3
13	27265
14	27234.5
15	26959.3
16	26792.6
17	27101.6
18	27270
19	27390.2
20	27555.3
21	27534.5
22	27638.8
23	27705.9
24	28339.6
25	28983.2
26	29674.3
27	30239.8
28	30362.5
29	30106
30	29983.6
31	29529.6
32	29094.1
33	29171.1
34	28990.2
35	28574.4
36	27463.9
37	26931.5
38	27077.3
39	26586.5
40	25970.2
41	25697.5
42	25522
43	24837.2
44	24611.4
45	23635.6
46	23080.1
47	22934.5
48	22318.4
49	22440.9
50	22421.3
51	22039.2
52	21634.1
53	21129.8
54	21245.6
55	21554
56	20894.9
57	20070.1
58	19508.5
59	19077.9
60	19025.3
61	18146.6
62	17355.5
63	16837.1
64	16568.5
65	15693.5
66	15266.1
67	14601.7
68	14301.8
69	14374.7
70	15210.1
71	14784.9
72	13981.3
73	13250.3
74	11500.5
75	11094.1
76	7998.07
77	5265.76
78	2443.34
79	973.048
80	596.459
81	364.378
82	236.352
83	193.283
84	180.107
85	150.722
86	143.481
87	134.569
88	132.398
89	130.051
90	130.168
91	130.904
92	129.936
93	130.426
94	127.09
95	126.708
96	128.714
97	136.348
98	141.556
99	141.603
100	146.128
101	153.134
102	190.797
103	361.874
104	607.973
105	1656.46
106	4297.46
107	6930.76
108	12004.3
109	23007.5
110	28221.8
111	48887.6
112	50232.2
113	53139.5
114	54838.5
115	53251.9
116	52973.2
117	53302
118	52700.1
119	52164.8
120	51384.2
121	51723.9
122	53486.8
123	53994.9
124	53419.4
125	55604.6
126	56515.1
127	67625.6
128	76010.3
129	86551.3
130	91272.1
131	95111.1
132	99890.1
133	103710
134	106747
135	114142
136	119834
137	124294
138	127511
139	130739
140	131607
141	132868
142	135150
143	135613
144	138010
145	139554
146	141050
147	142595
148	144966
149	145599
150	146803
151	148265
152	151300
153	159838
154	168663
155	171439
156	172545
157	173191
158	174515
159	175728
160	176163
161	176471
162	176471
163	177312
164	178911
165	180048
166	183360
167	184222
168	184222
169	185017
170	185017
171	185017
172	185017
173	185017
174	185017
175	185017
176	185017
177	185017
178	185017
179	185017
180	185017
181	185017
182	185017
183	185017
184	185017
185	185017
186	185017
187	185017
188	185017
189	185017
190	185017
191	185017
192	185017
193	185017
194	185017
195	185017
196	184202
