Generation	Geometric_mean
1	924956
2	924956
3	924956
4	924956
5	1.00632e+06
6	1.0403e+06
7	1.077e+06
8	1.08051e+06
9	1.10127e+06
10	1.10099e+06
11	1.0941e+06
12	1.09436e+06
13	1.08229e+06
14	1.08801e+06
15	1.073e+06
16	1.06779e+06
17	1.06255e+06
18	1.01621e+06
19	988410
20	979462
21	963999
22	908481
23	878452
24	840886
25	834471
26	799391
27	740467
28	741203
29	740504
30	696417
31	608324
32	436528
33	424654
34	291541
35	42445.9
36	12999.7
37	12999.7
38	7781.57
39	1037.38
40	293.886
41	293.886
42	167.665
43	76.0353
44	68.183
45	68.183
46	219.447
47	72560.8
48	2.34459e+06
49	2.34459e+06
50	3.88062e+06
51	3.834e+06
52	3.68886e+06
53	3.68086e+06
54	3.63188e+06
55	3.67959e+06
56	3.76126e+06
57	3.77736e+06
58	3.79418e+06
59	3.72494e+06
60	3.76255e+06
61	3.7892e+06
62	3.82646e+06
63	3.88441e+06
64	3.89351e+06
65	3.9e+06
66	3.90206e+06
67	3.87348e+06
68	3.87497e+06
69	3.89295e+06
70	3.90983e+06
71	3.93255e+06
72	3.97911e+06
73	4.02417e+06
74	4.03584e+06
75	3.98805e+06
76	3.98484e+06
77	3.97486e+06
78	4.00211e+06
79	4.02027e+06
80	4.07452e+06
81	4.03687e+06
82	4.02935e+06
83	4.00345e+06
84	4.05877e+06
85	4.05012e+06
86	4.01382e+06
87	4.02047e+06
88	4.00399e+06
89	4.0077e+06
90	4.02949e+06
91	4.06134e+06
92	4.06198e+06
93	4.11124e+06
94	4.17145e+06
95	4.16719e+06
96	4.18819e+06
97	4.22815e+06
98	4.2283e+06
99	4.21497e+06
100	4.23085e+06
101	4.21887e+06
102	4.19037e+06
103	4.15654e+06
104	4.12471e+06
105	4.15504e+06
106	4.13381e+06
107	4.13038e+06
108	4.16764e+06
109	4.18129e+06
110	4.25796e+06
111	4.28154e+06
112	4.27144e+06
113	4.26427e+06
114	4.24332e+06
115	4.26656e+06
116	4.3018e+06
117	4.34411e+06
118	4.37692e+06
119	4.40787e+06
120	4.41632e+06
121	4.45488e+06
122	4.42261e+06
123	4.43355e+06
124	4.42469e+06
125	4.44568e+06
126	4.46533e+06
127	4.49938e+06
128	4.53275e+06
129	4.533e+06
130	4.51296e+06
131	4.5437e+06
132	4.5594e+06
133	4.58892e+06
134	4.61291e+06
135	4.66061e+06
136	4.7143e+06
137	4.73058e+06
138	4.75418e+06
139	4.76394e+06
140	4.78994e+06
141	4.8139e+06
142	4.83244e+06
143	4.859e+06
144	4.86896e+06
145	4.8796e+06
146	4.88503e+06
147	4.88593e+06
148	4.88628e+06
149	4.88628e+06
150	4.88628e+06
151	4.88628e+06
152	4.88653e+06
153	4.88653e+06
154	4.88653e+06
155	4.88653e+06
156	4.88653e+06
157	4.88653e+06
158	4.88653e+06
159	4.88653e+06
160	4.88653e+06
161	4.88653e+06
162	4.88653e+06
163	4.88653e+06
164	4.88653e+06
165	4.88653e+06
166	4.88653e+06
167	4.88653e+06
168	4.88653e+06
169	4.88653e+06
170	4.88653e+06
171	4.88653e+06
172	4.88653e+06
173	4.88653e+06
174	4.88653e+06
175	4.88653e+06
176	4.88653e+06
177	4.88653e+06
178	4.88653e+06
179	4.88653e+06
180	4.88653e+06
181	4.88653e+06
182	4.88653e+06
183	4.88653e+06
184	4.90066e+06
