Generation	Geometric_mean
1	203.747
2	203.747
3	203.747
4	203.747
5	542904
6	542904
7	542904
8	542904
9	533274
10	535802
11	533858
12	531890
13	540339
14	531129
15	528405
16	529798
17	528624
18	534433
19	541329
20	539003
21	532255
22	529999
23	531215
24	537340
25	534984
26	552500
27	560420
28	561701
29	537924
30	537037
31	536052
32	519805
33	506170
34	493925
35	479536
36	459226
37	444424
38	443125
39	441501
40	436139
41	430057
42	410965
43	399975
44	393353
45	382370
46	379106
47	361408
48	355508
49	348004
50	326272
51	296659
52	280783
53	266168
54	255470
55	233748
56	222036
57	206143
58	196075
59	184440
60	179580
61	176168
62	157113
63	151174
64	139234
65	123275
66	103842
67	69508.7
68	37393.1
69	25964.9
70	17760.4
71	15714.4
72	12919.8
73	9780.89
74	8879.81
75	8749.25
76	8439.58
77	8178.48
78	7417.21
79	7308.37
80	7030.61
81	6873.36
82	6551.64
83	6535.39
84	6610.63
85	6557.11
86	6503.2
87	6391.26
88	5986.95
89	5835.39
90	5629.6
91	5496.73
92	5394.8
93	5338.42
94	5297.72
95	5183.93
96	5050.49
97	4848.17
98	4631.65
99	4365.67
100	4110.5
101	4101.26
102	4068.31
103	3981.48
104	3757.45
105	3559.34
106	3479.36
107	3390.69
108	3332.47
109	3168.83
110	3018.11
111	3010.17
112	2921.49
113	2854.31
114	2710.17
115	2501.23
116	2330.13
117	2164.04
118	2068.64
119	2057.87
120	2081.83
121	2065.92
122	2025.16
123	1965.73
124	1957.81
125	1954.87
126	1958.29
127	1957.01
128	1969.26
129	1948.93
130	1936.66
131	1900.19
132	1913.68
133	1894.39
134	1890.45
135	1907.94
136	1934.41
137	2000.8
138	2083.08
139	2152.97
140	2164.23
141	2172.22
142	2213.41
143	2391.73
144	2529.24
145	2649.35
146	2822.09
147	3070
148	3108.57
149	3141.59
150	3203.25
151	3438.15
152	3843.79
153	4051.96
154	4469.4
155	4783.88
156	5521.09
157	6022.83
158	6642.6
159	7031.85
160	7677.42
161	8619.98
162	9326.03
163	10354.7
164	11005.3
165	11419.7
166	11559.9
167	11699.4
168	11837.2
169	12267.2
170	12704.7
171	12704.7
172	12704.7
173	12704.7
174	12704.7
175	12704.7
176	12704.7
177	12704.7
178	12704.7
179	12704.7
180	12704.7
181	12704.7
182	12704.7
183	12704.7
184	12704.7
185	12704.7
186	12704.7
187	12704.7
188	12704.7
189	12704.7
190	12704.7
191	12704.7
192	12704.7
193	12704.7
194	12704.7
195	12704.7
196	12704.7
197	13510.8
