Generation	Geometric_mean
1	210.925
2	210.925
3	210.925
4	210.925
5	1.1282e+06
6	1.1282e+06
7	1.1282e+06
8	1.1282e+06
9	1.15551e+06
10	1.14607e+06
11	1.13955e+06
12	1.14231e+06
13	1.23163e+06
14	1.26899e+06
15	1.28583e+06
16	1.28553e+06
17	1.3199e+06
18	1.31817e+06
19	1.32245e+06
20	1.32057e+06
21	1.2833e+06
22	1.28447e+06
23	1.28077e+06
24	1.24188e+06
25	1.20842e+06
26	1.19776e+06
27	1.18669e+06
28	1.14795e+06
29	1.17284e+06
30	1.16117e+06
31	1.15183e+06
32	1.13211e+06
33	1.1032e+06
34	1.1131e+06
35	1.10412e+06
36	1.11092e+06
37	1.08966e+06
38	1.10014e+06
39	1.09784e+06
40	1.0939e+06
41	1.10099e+06
42	1.10154e+06
43	1.10428e+06
44	1.13405e+06
45	1.14813e+06
46	1.16991e+06
47	1.19154e+06
48	1.21116e+06
49	1.18377e+06
50	1.16322e+06
51	1.16656e+06
52	1.17236e+06
53	1.14373e+06
54	1.14213e+06
55	1.14093e+06
56	1.10516e+06
57	1.10166e+06
58	1.10033e+06
59	1.10995e+06
60	1.13696e+06
61	1.13434e+06
62	1.14821e+06
63	1.17147e+06
64	1.17037e+06
65	1.12568e+06
66	1.10436e+06
67	1.0917e+06
68	1.07643e+06
69	999290
70	965351
71	920795
72	856713
73	803165
74	741224
75	699353
76	693971
77	695848
78	691950
79	674704
80	637538
81	576604
82	540784
83	521374
84	509800
85	500418
86	482787
87	475424
88	433278
89	382902
90	356411
91	319671
92	285285
93	264857
94	245004
95	219364
96	210879
97	197503
98	172111
99	155511
100	143429
101	124582
102	102666
103	74550.6
104	47105
105	29676.5
106	18682.7
107	13562
108	9692.85
109	7188.14
110	5569.56
111	4561.08
112	3231.49
113	2922.53
114	2779.82
115	2678.32
116	2612.63
117	2597.01
118	2561.68
119	2544.23
120	2523.59
121	2502.4
122	2485.85
123	2445.63
124	2379.21
125	2317.74
126	2292.02
127	2259.43
128	2228.73
129	2207.64
130	2195.81
131	2153.95
132	2122.15
133	2064.17
134	2049.1
135	2025.41
136	2077.53
137	2074.06
138	2082.39
139	2086.08
140	2084.99
141	2100.65
142	2121.19
143	2124.57
144	2129.83
145	2130.6
146	2161.69
147	2208.43
148	2266.6
149	2294.68
150	2346.79
151	2404.42
152	2446.43
153	2491.53
154	2557.68
155	2630.69
156	2684.58
157	2724.57
158	2760.49
159	2864.92
160	2983.52
161	3053.61
162	3077.23
163	3093
164	3101.23
165	3123.66
166	3153.57
167	3181.88
168	3188.86
169	3188.86
170	3188.86
171	3188.86
172	3188.86
173	3188.86
174	3188.86
175	3188.86
176	3188.86
177	3188.86
178	3188.86
179	3188.86
180	3188.86
181	3188.86
182	3188.86
183	3188.86
184	3188.86
185	3188.86
186	3188.86
187	3188.86
188	3188.86
189	3188.86
190	3188.86
191	3188.86
192	3188.86
193	3188.86
194	3188.86
195	3188.86
196	3188.86
197	3490.23
