Generation	Geometric_mean
1	4513.51
2	4513.51
3	4513.51
4	4513.51
5	4187.89
6	3445.76
7	151.38
8	118.246
9	117.776
10	124.977
11	521725
12	1.3956e+06
13	1.76625e+06
14	2.47708e+06
15	2.5025e+06
16	2.57473e+06
17	2.59644e+06
18	2.56547e+06
19	2.70768e+06
20	2.74014e+06
21	2.7448e+06
22	2.74032e+06
23	2.72314e+06
24	2.66466e+06
25	2.62551e+06
26	2.62003e+06
27	2.63074e+06
28	2.70382e+06
29	2.75095e+06
30	2.73528e+06
31	2.73257e+06
32	2.74101e+06
33	2.77515e+06
34	2.78198e+06
35	2.77959e+06
36	2.78661e+06
37	2.75958e+06
38	2.7906e+06
39	2.79869e+06
40	2.81082e+06
41	2.80053e+06
42	2.77402e+06
43	2.77426e+06
44	2.828e+06
45	2.83831e+06
46	2.92061e+06
47	3.01101e+06
48	3.02891e+06
49	3.06912e+06
50	3.07278e+06
51	3.00656e+06
52	2.98228e+06
53	2.98094e+06
54	2.97745e+06
55	2.92551e+06
56	2.9288e+06
57	2.94324e+06
58	2.97471e+06
59	3.01815e+06
60	3.07162e+06
61	3.09468e+06
62	3.05398e+06
63	3.02793e+06
64	3.04261e+06
65	3.03452e+06
66	3.08813e+06
67	3.09678e+06
68	3.06887e+06
69	3.07059e+06
70	3.05398e+06
71	3.05467e+06
72	3.05098e+06
73	3.06526e+06
74	3.04419e+06
75	3.06139e+06
76	3.04792e+06
77	3.04072e+06
78	2.9813e+06
79	2.90592e+06
80	2.91978e+06
81	2.89957e+06
82	2.98746e+06
83	3.00463e+06
84	3.04652e+06
85	3.09461e+06
86	3.11025e+06
87	3.13228e+06
88	3.13601e+06
89	3.18029e+06
90	3.16354e+06
91	3.15829e+06
92	3.10798e+06
93	3.05398e+06
94	3.07323e+06
95	3.07842e+06
96	3.08981e+06
97	3.15869e+06
98	3.15862e+06
99	3.15577e+06
100	3.15081e+06
101	3.12456e+06
102	3.07768e+06
103	3.06403e+06
104	3.01559e+06
105	2.9686e+06
106	2.89183e+06
107	2.90443e+06
108	2.89864e+06
109	2.91867e+06
110	3.02976e+06
111	3.01545e+06
112	3.02852e+06
113	3.0288e+06
114	3.00192e+06
115	3.04681e+06
116	3.05488e+06
117	3.05606e+06
118	3.06798e+06
119	3.08944e+06
120	3.13023e+06
121	3.09127e+06
122	3.04991e+06
123	3.04914e+06
124	3.06455e+06
125	3.06538e+06
126	3.03132e+06
127	3.02669e+06
128	2.99295e+06
129	2.92816e+06
130	2.81781e+06
131	2.7988e+06
132	2.80588e+06
133	2.74095e+06
134	2.75001e+06
135	2.82113e+06
136	2.85023e+06
137	2.89474e+06
138	2.87935e+06
139	2.82883e+06
140	2.83208e+06
141	2.83212e+06
142	2.85351e+06
143	2.86622e+06
144	2.88889e+06
145	2.885e+06
146	2.90038e+06
147	2.90248e+06
148	2.94613e+06
149	2.96018e+06
150	2.94258e+06
151	2.93442e+06
152	2.92166e+06
153	2.9228e+06
154	2.9223e+06
155	2.90677e+06
156	2.89317e+06
157	2.86083e+06
158	2.84811e+06
159	2.75933e+06
160	2.64822e+06
161	2.48036e+06
162	2.4006e+06
163	2.3424e+06
164	2.30013e+06
165	2.23217e+06
166	2.17641e+06
167	2.11664e+06
168	2.11664e+06
169	2.0853e+06
170	2.05444e+06
171	2.03912e+06
172	1.97921e+06
173	1.89001e+06
174	1.8752e+06
175	1.83077e+06
176	1.7456e+06
177	1.6915e+06
178	1.63241e+06
179	1.56464e+06
180	1.49992e+06
181	1.38672e+06
182	1.14935e+06
183	206323
184	206323
185	206323
186	206323
187	4493.68
188	4493.68
189	4493.68
190	4493.68
191	3753.52
