Generation	Geometric_mean
1	286.424
2	286.424
3	286.424
4	286.424
5	2850.72
6	2850.72
7	2850.72
8	2850.72
9	11968
10	12000.1
11	11997.8
12	11942.8
13	12420.3
14	12528.6
15	12574.8
16	12569.1
17	13866.4
18	14565.5
19	15003.8
20	15071.1
21	14645.4
22	14494
23	14239.2
24	14243.7
25	14245.1
26	14303.3
27	14537.4
28	14818.8
29	15053.4
30	15161.4
31	15204.1
32	14936.4
33	14866.4
34	14641.5
35	14578.4
36	14624.8
37	14849.2
38	15098.6
39	15222.8
40	15246.6
41	15336.3
42	15428.2
43	15478.7
44	15861.8
45	15779.4
46	15884.2
47	15734.7
48	15395
49	15258.2
50	14755.1
51	14129.1
52	13271.9
53	13211.6
54	13287.3
55	13034.2
56	13410.9
57	13428.2
58	13493.4
59	13392.1
60	13211.2
61	13121.6
62	12955.7
63	12909.7
64	12735
65	12754.2
66	12585.9
67	12558.3
68	12105.7
69	11797.2
70	11174.3
71	10620.6
72	10570.2
73	10452
74	10401
75	9682.54
76	8809.04
77	8718.1
78	8416.36
79	7500.22
80	6166.47
81	5461.77
82	4741.07
83	4279.63
84	3977.16
85	3821.46
86	3675.23
87	3352.33
88	3108.91
89	2944.42
90	2806.51
91	2697.71
92	2589.38
93	2375.5
94	2258.15
95	2163.51
96	2110.64
97	2089.1
98	2040.78
99	1953.52
100	1935.85
101	1940.59
102	1956.33
103	1929.63
104	1910.26
105	1922.31
106	1915.42
107	1906.3
108	1917.27
109	1871.5
110	1847.14
111	1845.44
112	1863.84
113	1934.25
114	1941.87
115	1952.61
116	1986.33
117	2005.09
118	1979.83
119	1947.37
120	1933.5
121	1858.58
122	1884.09
123	1951.07
124	1930.72
125	1948
126	1948.96
127	1930.22
128	1915.48
129	1875.86
130	1853.64
131	1888.68
132	1919.49
133	1942.18
134	1997.33
135	1998.08
136	2023.51
137	2045.91
138	2082.37
139	2175.51
140	2206.15
141	2315.98
142	2556.57
143	2855.8
144	3148.45
145	3737.83
146	4704.98
147	6182.45
148	8092.15
149	9429.49
150	10930.8
151	13545.8
152	17806.6
153	22386.8
154	28916.1
155	33971.2
156	38536.8
157	43162.7
158	45420.3
159	48555.7
160	50313.3
161	51852.7
162	52296.8
163	52963.5
164	52963.5
165	52963.5
166	52963.5
167	52963.5
168	52963.5
169	52963.5
170	52963.5
171	52963.5
172	52963.5
173	52963.5
174	52963.5
175	52963.5
176	52963.5
177	52963.5
178	52963.5
179	52963.5
180	52963.5
181	52963.5
182	52963.5
183	52963.5
184	52963.5
185	52963.5
186	52963.5
187	52963.5
188	52963.5
189	52963.5
190	52963.5
191	52963.5
192	52963.5
193	52963.5
194	52963.5
195	52963.5
196	52963.5
197	56584
