Generation	Geometric_mean
1	269864
2	269864
3	269864
4	269864
5	251973
6	244108
7	239470
8	223317
9	207615
10	194243
11	189202
12	174756
13	144721
14	136111
15	128153
16	93157.9
17	48465.7
18	30581.4
19	17424.5
20	6803.56
21	1527.91
22	772.237
23	429.871
24	234.951
25	182.678
26	187.316
27	406.824
28	3082.01
29	29222.2
30	40953.3
31	61597.5
32	195055
33	365298
34	444431
35	450375
36	456147
37	443604
38	454715
39	466931
40	491747
41	519239
42	531412
43	531919
44	552125
45	565889
46	567687
47	581511
48	589302
49	620613
50	616811
51	612278
52	602080
53	597867
54	597653
55	589100
56	601998
57	611541
58	612265
59	608960
60	612060
61	624187
62	629763
63	633432
64	642395
65	651408
66	663994
67	682764
68	695977
69	702903
70	701395
71	692444
72	679903
73	679737
74	681874
75	678003
76	686408
77	686841
78	698908
79	703549
80	717454
81	736317
82	746346
83	750998
84	759473
85	762794
86	756184
87	748494
88	728072
89	730488
90	708273
91	697990
92	702622
93	723638
94	733457
95	734670
96	695155
97	690405
98	687435
99	673693
100	666479
101	648944
102	653944
103	659880
104	676391
105	699058
106	694048
107	669621
108	637587
109	619328
110	620290
111	632810
112	646369
113	645455
114	644579
115	651868
116	654900
117	660827
118	663918
119	661229
120	633011
121	625084
122	621650
123	605882
124	600154
125	597930
126	594843
127	593848
128	590926
129	594860
130	592099
131	590894
132	592507
133	606144
134	613324
135	616022
136	630345
137	634208
138	640923
139	656176
140	664344
141	664519
142	663154
143	664147
144	662945
145	661595
146	657839
147	656392
148	656378
149	656378
150	653781
151	648149
152	636218
153	624121
154	618408
155	608611
156	599067
157	596791
158	591576
159	589022
160	573755
161	571347
162	568519
163	560415
164	549179
165	524758
166	516880
167	516880
168	516880
169	508580
170	475118
171	446065
172	428718
173	408402
174	342332
175	31145.4
176	31145.4
177	31145.4
178	31145.4
179	634.842
180	634.842
181	634.842
182	634.842
183	529.245
