Generation	Geometric_mean
1	220.787
2	220.787
3	220.787
4	220.787
5	182094
6	182094
7	182094
8	182094
9	196769
10	200111
11	201565
12	200691
13	205093
14	209406
15	210625
16	211724
17	207849
18	205375
19	205950
20	206526
21	207785
22	212179
23	214197
24	211902
25	210655
26	208038
27	204925
28	202141
29	196225
30	196842
31	197666
32	195913
33	195169
34	192952
35	186036
36	180523
37	178175
38	176404
39	176056
40	176567
41	173954
42	171292
43	167130
44	163921
45	157051
46	149961
47	142855
48	136208
49	131570
50	130644
51	124475
52	116888
53	115169
54	112113
55	109411
56	105864
57	102241
58	98827.2
59	94852.8
60	90799.9
61	86686
62	85313.6
63	81241.1
64	81548.9
65	79494.8
66	76925.4
67	76325.1
68	71561.4
69	68724.8
70	67269.2
71	61725.8
72	57848.5
73	58380.7
74	55335.4
75	50330
76	27978.4
77	17086.1
78	8777.31
79	4656.53
80	2550.07
81	1538.19
82	1215.48
83	1134.37
84	977.421
85	902.815
86	866.68
87	855.185
88	845.49
89	830.571
90	810.877
91	812.859
92	823.941
93	788.236
94	798.481
95	820.487
96	829.081
97	881.822
98	899.812
99	900.568
100	926.334
101	1481.45
102	2860.06
103	5751.09
104	10781.8
105	32999.3
106	79169.6
107	379113
108	667787
109	800506
110	877030
111	939918
112	1.06567e+06
113	1.12593e+06
114	1.13912e+06
115	1.13824e+06
116	1.13991e+06
117	1.12634e+06
118	1.14452e+06
119	1.16693e+06
120	1.18979e+06
121	1.39163e+06
122	1.52956e+06
123	1.66509e+06
124	1.88706e+06
125	1.94823e+06
126	1.97031e+06
127	2.01537e+06
128	2.15498e+06
129	2.38037e+06
130	2.59334e+06
131	2.66293e+06
132	2.72387e+06
133	2.8446e+06
134	2.80671e+06
135	2.84829e+06
136	2.87428e+06
137	2.8767e+06
138	2.9079e+06
139	2.88488e+06
140	2.88835e+06
141	2.89395e+06
142	2.94342e+06
143	2.98416e+06
144	3.02211e+06
145	2.99764e+06
146	2.98539e+06
147	3.0088e+06
148	3.02259e+06
149	3.03062e+06
150	3.03436e+06
151	3.02456e+06
152	3.02492e+06
153	3.06102e+06
154	3.07807e+06
155	3.09244e+06
156	3.09347e+06
157	3.10542e+06
158	3.11673e+06
159	3.13114e+06
160	3.13114e+06
161	3.13114e+06
162	3.13114e+06
163	3.13114e+06
164	3.13114e+06
165	3.13114e+06
166	3.13114e+06
167	3.13114e+06
168	3.13114e+06
169	3.13114e+06
170	3.13114e+06
171	3.13114e+06
172	3.13114e+06
173	3.13114e+06
174	3.13114e+06
175	3.13114e+06
176	3.13114e+06
177	3.13114e+06
178	3.13114e+06
179	3.13114e+06
180	3.13114e+06
181	3.13114e+06
182	3.13114e+06
183	3.13114e+06
184	3.13114e+06
185	3.13114e+06
186	3.13114e+06
187	3.13114e+06
188	3.13114e+06
189	3.13114e+06
190	3.13114e+06
191	3.13114e+06
192	3.13114e+06
193	3.13114e+06
194	3.13114e+06
195	3.13114e+06
196	3.13114e+06
197	3.09421e+06
