Generation	Geometric_mean
1	57602.5
2	57602.5
3	57602.5
4	57602.5
5	29044.2
6	26801.9
7	3148.31
8	2857.39
9	1756.09
10	619.565
11	133.907
12	131.019
13	134.716
14	134.716
15	49597.8
16	1.03787e+06
17	3.40999e+06
18	3.40999e+06
19	3.78807e+06
20	3.67799e+06
21	3.69644e+06
22	3.70052e+06
23	3.74312e+06
24	3.88182e+06
25	3.9442e+06
26	3.9401e+06
27	3.9522e+06
28	3.93478e+06
29	3.92413e+06
30	3.9015e+06
31	3.89344e+06
32	3.96712e+06
33	4.00963e+06
34	4.04169e+06
35	4.06834e+06
36	4.05086e+06
37	4.04322e+06
38	4.05483e+06
39	4.06812e+06
40	4.00783e+06
41	4.00511e+06
42	3.98784e+06
43	4.01235e+06
44	4.08289e+06
45	4.09812e+06
46	4.13748e+06
47	4.20348e+06
48	4.26693e+06
49	4.31316e+06
50	4.37147e+06
51	4.41427e+06
52	4.39104e+06
53	4.36844e+06
54	4.31152e+06
55	4.2699e+06
56	4.23523e+06
57	4.25773e+06
58	4.30424e+06
59	4.35192e+06
60	4.32605e+06
61	4.2825e+06
62	4.2167e+06
63	4.18536e+06
64	4.19397e+06
65	4.20203e+06
66	4.2136e+06
67	4.21782e+06
68	4.21189e+06
69	4.23431e+06
70	4.31904e+06
71	4.34173e+06
72	4.38093e+06
73	4.37417e+06
74	4.36697e+06
75	4.36122e+06
76	4.35305e+06
77	4.3565e+06
78	4.38333e+06
79	4.35616e+06
80	4.34873e+06
81	4.32148e+06
82	4.31771e+06
83	4.29889e+06
84	4.30452e+06
85	4.34537e+06
86	4.32549e+06
87	4.37852e+06
88	4.3665e+06
89	4.3449e+06
90	4.31231e+06
91	4.30625e+06
92	4.29674e+06
93	4.27926e+06
94	4.33777e+06
95	4.33728e+06
96	4.37573e+06
97	4.36866e+06
98	4.37164e+06
99	4.37371e+06
100	4.36134e+06
101	4.33066e+06
102	4.36597e+06
103	4.40057e+06
104	4.40627e+06
105	4.44063e+06
106	4.42412e+06
107	4.43828e+06
108	4.42989e+06
109	4.41383e+06
110	4.43715e+06
111	4.41133e+06
112	4.40437e+06
113	4.39982e+06
114	4.4359e+06
115	4.42405e+06
116	4.44117e+06
117	4.45578e+06
118	4.4708e+06
119	4.44912e+06
120	4.44508e+06
121	4.43521e+06
122	4.42159e+06
123	4.39716e+06
124	4.42063e+06
125	4.42331e+06
126	4.3888e+06
127	4.38849e+06
128	4.39204e+06
129	4.39313e+06
130	4.41208e+06
131	4.43034e+06
132	4.43527e+06
133	4.48398e+06
134	4.46768e+06
135	4.46841e+06
136	4.50749e+06
137	4.4839e+06
138	4.52329e+06
139	4.55809e+06
140	4.56602e+06
141	4.59762e+06
142	4.63426e+06
143	4.67325e+06
144	4.73582e+06
145	4.76313e+06
146	4.79771e+06
147	4.81228e+06
148	4.81616e+06
149	4.82078e+06
150	4.81581e+06
151	4.81221e+06
152	4.80866e+06
153	4.80866e+06
154	4.80792e+06
155	4.80653e+06
156	4.80653e+06
157	4.80653e+06
158	4.80653e+06
159	4.80653e+06
160	4.80653e+06
161	4.80653e+06
162	4.80653e+06
163	4.80653e+06
164	4.80653e+06
165	4.80653e+06
166	4.80653e+06
167	4.80653e+06
168	4.80653e+06
169	4.80653e+06
170	4.80653e+06
171	4.80653e+06
172	4.80653e+06
173	4.80653e+06
174	4.80653e+06
175	4.80653e+06
176	4.80653e+06
177	4.80653e+06
178	4.80653e+06
179	4.80653e+06
180	4.80653e+06
181	4.80653e+06
182	4.80653e+06
183	4.80653e+06
184	4.80653e+06
185	4.80653e+06
186	4.80653e+06
187	4.80653e+06
188	4.80653e+06
189	4.80653e+06
190	4.80653e+06
191	4.8629e+06
