Generation	Geometric_mean
1	108.896
2	108.896
3	108.896
4	108.896
5	4.48178e+06
6	4.48178e+06
7	4.48178e+06
8	4.48178e+06
9	4.68674e+06
10	4.70627e+06
11	4.7028e+06
12	4.70349e+06
13	4.71561e+06
14	4.72133e+06
15	4.72585e+06
16	4.73336e+06
17	4.74602e+06
18	4.78151e+06
19	4.80582e+06
20	4.80256e+06
21	4.80016e+06
22	4.79808e+06
23	4.79192e+06
24	4.79524e+06
25	4.80596e+06
26	4.82506e+06
27	4.83317e+06
28	4.82177e+06
29	4.82101e+06
30	4.80896e+06
31	4.81739e+06
32	4.81344e+06
33	4.81514e+06
34	4.82059e+06
35	4.81737e+06
36	4.81371e+06
37	4.81801e+06
38	4.82296e+06
39	4.80665e+06
40	4.79994e+06
41	4.79264e+06
42	4.80233e+06
43	4.82352e+06
44	4.82727e+06
45	4.83625e+06
46	4.82354e+06
47	4.8247e+06
48	4.82551e+06
49	4.82091e+06
50	4.82769e+06
51	4.83379e+06
52	4.84137e+06
53	4.84419e+06
54	4.83798e+06
55	4.83768e+06
56	4.84137e+06
57	4.8436e+06
58	4.85272e+06
59	4.85971e+06
60	4.8573e+06
61	4.84435e+06
62	4.83928e+06
63	4.82323e+06
64	4.80812e+06
65	4.80693e+06
66	4.81186e+06
67	4.79986e+06
68	4.79631e+06
69	4.79552e+06
70	4.79939e+06
71	4.80135e+06
72	4.79874e+06
73	4.79126e+06
74	4.79129e+06
75	4.79671e+06
76	4.78555e+06
77	4.79167e+06
78	4.80525e+06
79	4.81664e+06
80	4.82277e+06
81	4.81894e+06
82	4.82062e+06
83	4.81063e+06
84	4.8204e+06
85	4.81318e+06
86	4.8072e+06
87	4.81271e+06
88	4.80832e+06
89	4.80722e+06
90	4.80912e+06
91	4.80198e+06
92	4.81175e+06
93	4.78418e+06
94	4.76736e+06
95	4.73852e+06
96	4.72684e+06
97	4.722e+06
98	4.73589e+06
99	4.755e+06
100	4.76382e+06
101	4.76708e+06
102	4.75666e+06
103	4.73512e+06
104	4.72128e+06
105	4.70599e+06
106	4.68784e+06
107	4.69016e+06
108	4.7008e+06
109	4.72659e+06
110	4.74255e+06
111	4.75372e+06
112	4.75681e+06
113	4.75188e+06
114	4.74334e+06
115	4.74461e+06
116	4.73128e+06
117	4.72263e+06
118	4.70858e+06
119	4.70163e+06
120	4.71702e+06
121	4.73241e+06
122	4.75098e+06
123	4.76369e+06
124	4.77743e+06
125	4.77468e+06
126	4.79411e+06
127	4.79959e+06
128	4.7996e+06
129	4.81013e+06
130	4.82175e+06
131	4.82918e+06
132	4.84834e+06
133	4.86435e+06
134	4.88465e+06
135	4.89809e+06
136	4.90738e+06
137	4.91861e+06
138	4.92275e+06
139	4.92522e+06
140	4.92556e+06
141	4.92675e+06
142	4.9279e+06
143	4.92822e+06
144	4.92822e+06
145	4.92822e+06
146	4.92822e+06
147	4.92822e+06
148	4.92822e+06
149	4.92822e+06
150	4.92822e+06
151	4.92822e+06
152	4.92822e+06
153	4.92822e+06
154	4.92822e+06
155	4.92822e+06
156	4.92822e+06
157	4.92822e+06
158	4.92822e+06
159	4.92822e+06
160	4.92822e+06
161	4.92822e+06
162	4.92822e+06
163	4.92822e+06
164	4.92822e+06
165	4.92822e+06
166	4.92822e+06
167	4.92822e+06
168	4.92822e+06
169	4.92822e+06
170	4.92822e+06
171	4.92822e+06
172	4.92822e+06
173	4.92822e+06
174	4.92822e+06
175	4.92822e+06
176	4.92822e+06
177	4.92822e+06
178	4.92822e+06
179	4.94498e+06
