Generation	Geometric_mean
1	481.177
2	481.177
3	481.177
4	481.177
5	453.388
6	403.638
7	343.289
8	345.593
9	470.748
10	1382.77
11	117634
12	212617
13	213422
14	214405
15	219889
16	220542
17	219714
18	220407
19	235921
20	251698
21	262013
22	260847
23	251680
24	239391
25	234117
26	236997
27	240669
28	247223
29	249593
30	248631
31	244861
32	246387
33	260739
34	264613
35	268365
36	266036
37	260382
38	257475
39	260092
40	268736
41	271925
42	272459
43	268729
44	264181
45	261650
46	255776
47	250348
48	249590
49	242495
50	242288
51	248139
52	250143
53	261057
54	268024
55	274247
56	268972
57	272235
58	271139
59	273889
60	281166
61	286054
62	288373
63	287397
64	283298
65	277954
66	273976
67	272350
68	275974
69	279071
70	278056
71	277019
72	274608
73	279167
74	277493
75	279370
76	280236
77	280333
78	278248
79	274042
80	269700
81	266620
82	258543
83	249462
84	246436
85	245086
86	243225
87	241343
88	244362
89	238371
90	232353
91	227940
92	224683
93	221840
94	222546
95	217276
96	213133
97	213457
98	213431
99	213602
100	212176
101	214646
102	211056
103	202524
104	195118
105	188008
106	190870
107	187684
108	182063
109	178443
110	171089
111	169279
112	167911
113	165149
114	160740
115	159085
116	158079
117	158421
118	155823
119	156456
120	157115
121	155815
122	153152
123	151157
124	141586
125	137843
126	135322
127	134717
128	136909
129	137413
130	141076
131	138523
132	132225
133	126383
134	123852
135	116543
136	114315
137	111289
138	109788
139	109270
140	107425
141	99716.4
142	90939.2
143	74322.3
144	51236
145	30792.5
146	15294.6
147	7629.86
148	4279.08
149	3226.85
150	2740.62
151	2487.32
152	2463.24
153	2463.24
154	2463.24
155	2463.24
156	2463.24
157	2463.24
158	2463.24
159	2463.24
160	2463.24
161	2463.24
162	2463.24
163	2463.24
164	2463.24
165	2463.24
166	2463.24
167	2463.24
168	2463.24
169	2463.24
170	2463.24
171	2463.24
172	2463.24
173	2463.24
174	2463.24
175	2463.24
176	2463.24
177	2463.24
178	2463.24
179	2463.24
180	2463.24
181	2463.24
182	2463.24
183	2463.24
184	2463.24
185	2463.24
186	2463.24
187	2463.24
188	2463.24
189	2463.24
190	2463.24
191	2463.24
192	2463.24
193	2463.24
194	2463.24
195	2463.24
196	2463.24
197	2925.35
