Generation	Geometric_mean
1	247.976
2	247.976
3	247.976
4	247.976
5	117530
6	117530
7	117530
8	117530
9	126672
10	126905
11	126951
12	126481
13	125620
14	125225
15	123711
16	124275
17	128352
18	130960
19	130632
20	130305
21	129080
22	129646
23	130867
24	131204
25	132216
26	130894
27	127980
28	128267
29	126278
30	124741
31	125458
32	122904
33	121397
34	119848
35	117240
36	117975
37	114681
38	115156
39	116112
40	116238
41	114472
42	112407
43	108571
44	103607
45	97139.4
46	94266
47	91829.4
48	86392.7
49	84718.5
50	83139.2
51	80677.7
52	79757.5
53	78456.9
54	74763.4
55	71994.1
56	68396.8
57	65652.2
58	64904
59	65058.5
60	63109.4
61	52424.7
62	41184.9
63	26916.7
64	10852.2
65	3969.71
66	2081.74
67	1713.79
68	1145.15
69	880.744
70	809.659
71	799.432
72	690.71
73	647.495
74	626.555
75	620.954
76	617.67
77	635.066
78	630.918
79	642.282
80	658.8
81	700.663
82	775.458
83	779.857
84	2404.6
85	4235.83
86	37348.6
87	49741.7
88	208633
89	453450
90	1.03572e+06
91	1.95533e+06
92	2.31581e+06
93	2.63451e+06
94	2.75847e+06
95	2.73211e+06
96	2.66557e+06
97	2.67721e+06
98	2.74566e+06
99	2.68947e+06
100	2.70664e+06
101	2.74126e+06
102	2.76037e+06
103	2.72756e+06
104	2.71005e+06
105	2.67642e+06
106	2.61361e+06
107	2.61529e+06
108	2.62082e+06
109	2.62688e+06
110	2.68349e+06
111	2.74856e+06
112	2.83697e+06
113	2.8583e+06
114	2.81034e+06
115	2.78185e+06
116	2.81588e+06
117	2.92492e+06
118	3.0164e+06
119	3.06883e+06
120	3.19463e+06
121	3.23743e+06
122	3.24631e+06
123	3.24179e+06
124	3.24097e+06
125	3.24195e+06
126	3.25263e+06
127	3.25676e+06
128	3.18745e+06
129	3.11238e+06
130	3.0771e+06
131	3.0335e+06
132	3.02581e+06
133	3.08885e+06
134	3.13243e+06
135	3.20936e+06
136	3.22172e+06
137	3.26347e+06
138	3.25951e+06
139	3.30752e+06
140	3.2972e+06
141	3.30564e+06
142	3.30589e+06
143	3.32495e+06
144	3.35165e+06
145	3.35513e+06
146	3.37676e+06
147	3.39971e+06
148	3.4054e+06
149	3.39465e+06
150	3.40963e+06
151	3.43676e+06
152	3.47202e+06
153	3.51438e+06
154	3.53046e+06
155	3.54018e+06
156	3.54943e+06
157	3.56152e+06
158	3.56724e+06
159	3.56724e+06
160	3.56724e+06
161	3.56724e+06
162	3.56724e+06
163	3.56724e+06
164	3.56724e+06
165	3.56724e+06
166	3.56724e+06
167	3.56724e+06
168	3.56724e+06
169	3.56724e+06
170	3.56724e+06
171	3.56724e+06
172	3.56724e+06
173	3.56724e+06
174	3.56724e+06
175	3.56724e+06
176	3.56724e+06
177	3.56724e+06
178	3.56724e+06
179	3.56724e+06
180	3.56724e+06
181	3.56724e+06
182	3.56724e+06
183	3.56724e+06
184	3.56724e+06
185	3.56724e+06
186	3.56724e+06
187	3.56724e+06
188	3.56724e+06
189	3.56724e+06
190	3.56724e+06
191	3.56724e+06
192	3.56724e+06
193	3.56724e+06
194	3.56724e+06
195	3.56724e+06
196	3.56724e+06
197	3.59435e+06
