Generation	Geometric_mean
1	177.735
2	177.735
3	177.735
4	177.735
5	4.04175e+06
6	4.04175e+06
7	4.04175e+06
8	4.04175e+06
9	4.13039e+06
10	4.14628e+06
11	4.13649e+06
12	4.13198e+06
13	4.21439e+06
14	4.29202e+06
15	4.33033e+06
16	4.34082e+06
17	4.40196e+06
18	4.43841e+06
19	4.44453e+06
20	4.42324e+06
21	4.40641e+06
22	4.43894e+06
23	4.48906e+06
24	4.53002e+06
25	4.54267e+06
26	4.55666e+06
27	4.5972e+06
28	4.60031e+06
29	4.60354e+06
30	4.62456e+06
31	4.59023e+06
32	4.59092e+06
33	4.57094e+06
34	4.5493e+06
35	4.53409e+06
36	4.52461e+06
37	4.55708e+06
38	4.55597e+06
39	4.51319e+06
40	4.47628e+06
41	4.44182e+06
42	4.41779e+06
43	4.41998e+06
44	4.44261e+06
45	4.43783e+06
46	4.45261e+06
47	4.48739e+06
48	4.48927e+06
49	4.49849e+06
50	4.49087e+06
51	4.48329e+06
52	4.47289e+06
53	4.45353e+06
54	4.47915e+06
55	4.50879e+06
56	4.52053e+06
57	4.52836e+06
58	4.53321e+06
59	4.5541e+06
60	4.58456e+06
61	4.55576e+06
62	4.53639e+06
63	4.49901e+06
64	4.4381e+06
65	4.39825e+06
66	4.40377e+06
67	4.42244e+06
68	4.43706e+06
69	4.37599e+06
70	4.36896e+06
71	4.35019e+06
72	4.32277e+06
73	4.32469e+06
74	4.30189e+06
75	4.29998e+06
76	4.3312e+06
77	4.35036e+06
78	4.34341e+06
79	4.33122e+06
80	4.29446e+06
81	4.26954e+06
82	4.2624e+06
83	4.26114e+06
84	4.26518e+06
85	4.23197e+06
86	4.22757e+06
87	4.22776e+06
88	4.20569e+06
89	4.21508e+06
90	4.20101e+06
91	4.12992e+06
92	4.15018e+06
93	4.17068e+06
94	4.20577e+06
95	4.24167e+06
96	4.2854e+06
97	4.30424e+06
98	4.32408e+06
99	4.3399e+06
100	4.30016e+06
101	4.23754e+06
102	4.18179e+06
103	4.14213e+06
104	4.09886e+06
105	4.0767e+06
106	4.08216e+06
107	4.10112e+06
108	4.07605e+06
109	4.07533e+06
110	4.05045e+06
111	4.00661e+06
112	3.99087e+06
113	3.95675e+06
114	3.92728e+06
115	3.93695e+06
116	3.91737e+06
117	3.91974e+06
118	3.90234e+06
119	3.94646e+06
120	3.87619e+06
121	3.81883e+06
122	3.77561e+06
123	3.74118e+06
124	3.75291e+06
125	3.75759e+06
126	3.73806e+06
127	3.68574e+06
128	3.63131e+06
129	3.58018e+06
130	3.54143e+06
131	3.50737e+06
132	3.5035e+06
133	3.41366e+06
134	3.3425e+06
135	3.27708e+06
136	3.19915e+06
137	3.10868e+06
138	3.04667e+06
139	2.96808e+06
140	2.89455e+06
141	2.85477e+06
142	2.83806e+06
143	2.79871e+06
144	2.77807e+06
145	2.76227e+06
146	2.71993e+06
147	2.68341e+06
148	2.66231e+06
149	2.65061e+06
150	2.63485e+06
151	2.6263e+06
152	2.60853e+06
153	2.5869e+06
154	2.56814e+06
155	2.55345e+06
156	2.53977e+06
157	2.53977e+06
158	2.53977e+06
159	2.53977e+06
160	2.53977e+06
161	2.53639e+06
162	2.53639e+06
163	2.53309e+06
164	2.50609e+06
165	2.50609e+06
166	2.50609e+06
167	2.0555e+06
168	55671.6
169	55671.6
170	55671.6
171	55671.6
172	1133.99
173	1133.99
174	1133.99
175	1133.99
176	945.229
