Generation	Geometric_mean
1	238.133
2	238.133
3	238.133
4	238.133
5	104478
6	104478
7	104478
8	104478
9	101539
10	101774
11	100508
12	100429
13	109363
14	113942
15	115773
16	117486
17	120017
18	119082
19	120232
20	119739
21	119270
22	117990
23	117543
24	118657
25	117798
26	119424
27	120589
28	119880
29	119623
30	118271
31	116369
32	116039
33	113559
34	110494
35	108059
36	104740
37	104124
38	104058
39	101191
40	98903.3
41	99127.7
42	99285.5
43	98081.3
44	97249.4
45	96284.6
46	95451.9
47	94446.6
48	93207.3
49	91592.5
50	85460.1
51	81390.4
52	79716.7
53	78366.9
54	78561.5
55	78447.8
56	76010
57	71853
58	68094.1
59	62556.3
60	59743.6
61	58802
62	56319.8
63	54244.6
64	50275.1
65	49540.5
66	38075.1
67	29941.4
68	22746.3
69	12245
70	4204.67
71	2646.69
72	2077.87
73	1684.32
74	1322.56
75	1156.06
76	1095.06
77	1083.14
78	1049.29
79	1003.03
80	990.685
81	919.439
82	895.582
83	878.961
84	876.98
85	891.7
86	891.025
87	919.239
88	927.246
89	945.893
90	981.492
91	999.353
92	1015.84
93	1080.22
94	1134.33
95	1164.62
96	1218.28
97	1904.99
98	3707.97
99	6114.2
100	14481
101	88488.9
102	309113
103	390374
104	532110
105	642970
106	675248
107	790550
108	825224
109	882830
110	949543
111	947467
112	957085
113	975948
114	972921
115	970157
116	969380
117	1.05628e+06
118	1.24354e+06
119	1.37417e+06
120	1.47974e+06
121	1.63591e+06
122	1.74897e+06
123	1.87206e+06
124	1.94019e+06
125	1.93739e+06
126	1.9292e+06
127	1.91748e+06
128	1.9249e+06
129	1.91981e+06
130	1.92391e+06
131	1.91154e+06
132	1.89994e+06
133	1.8811e+06
134	1.88266e+06
135	1.93294e+06
136	1.97221e+06
137	2.02736e+06
138	2.04981e+06
139	2.07452e+06
140	2.08298e+06
141	2.11719e+06
142	2.16327e+06
143	2.21331e+06
144	2.23547e+06
145	2.26772e+06
146	2.28083e+06
147	2.27934e+06
148	2.29435e+06
149	2.38711e+06
150	2.40413e+06
151	2.44316e+06
152	2.52271e+06
153	2.54034e+06
154	2.5494e+06
155	2.55079e+06
156	2.5523e+06
157	2.5523e+06
158	2.55346e+06
159	2.55517e+06
160	2.55675e+06
161	2.55869e+06
162	2.56152e+06
163	2.56152e+06
164	2.56152e+06
165	2.56152e+06
166	2.56152e+06
167	2.56152e+06
168	2.56152e+06
169	2.56152e+06
170	2.56152e+06
171	2.56152e+06
172	2.56152e+06
173	2.56152e+06
174	2.56152e+06
175	2.56152e+06
176	2.56152e+06
177	2.56152e+06
178	2.56152e+06
179	2.56152e+06
180	2.56152e+06
181	2.56152e+06
182	2.56152e+06
183	2.56152e+06
184	2.56152e+06
185	2.56152e+06
186	2.56152e+06
187	2.56152e+06
188	2.56152e+06
189	2.56152e+06
190	2.56152e+06
191	2.56152e+06
192	2.56152e+06
193	2.56152e+06
194	2.56152e+06
195	2.56152e+06
196	2.56152e+06
197	2.58383e+06
