Generation	Geometric_mean
1	221.731
2	221.731
3	221.731
4	221.731
5	297327
6	297327
7	297327
8	297327
9	303649
10	302477
11	302599
12	302869
13	293501
14	293539
15	292804
16	293297
17	300068
18	300503
19	300355
20	298739
21	301367
22	299793
23	297135
24	293802
25	289445
26	293655
27	296992
28	295791
29	299069
30	298808
31	295118
32	291348
33	286814
34	279338
35	270669
36	266312
37	266008
38	264522
39	266156
40	264161
41	268028
42	271990
43	273512
44	271228
45	262362
46	257008
47	254784
48	253826
49	255921
50	256594
51	259538
52	262953
53	256109
54	239806
55	237114
56	235364
57	231437
58	226884
59	223531
60	223010
61	220049
62	211976
63	204210
64	197182
65	188674
66	174576
67	165594
68	153745
69	151979
70	142158
71	122911
72	106081
73	91204.4
74	84144.6
75	74398.5
76	43192
77	21294.5
78	10802.8
79	6837.44
80	2957.15
81	1512.01
82	1148.74
83	1082.8
84	887.851
85	757.063
86	711.285
87	694.678
88	677.754
89	691.477
90	713.022
91	734.494
92	751.786
93	787.659
94	1000.71
95	1066.56
96	2689.7
97	9519.15
98	49794.9
99	154287
100	369350
101	573166
102	747565
103	811717
104	820398
105	801372
106	999349
107	1.1483e+06
108	1.18389e+06
109	1.2466e+06
110	1.39926e+06
111	1.54798e+06
112	1.85042e+06
113	1.93627e+06
114	2.09515e+06
115	2.30798e+06
116	2.56509e+06
117	2.72127e+06
118	2.74684e+06
119	2.77672e+06
120	2.82e+06
121	2.87981e+06
122	3.02437e+06
123	3.08961e+06
124	3.13711e+06
125	3.16649e+06
126	3.22853e+06
127	3.27216e+06
128	3.29608e+06
129	3.31658e+06
130	3.32688e+06
131	3.34325e+06
132	3.33583e+06
133	3.31101e+06
134	3.29063e+06
135	3.24533e+06
136	3.22407e+06
137	3.20568e+06
138	3.21407e+06
139	3.26658e+06
140	3.30264e+06
141	3.31824e+06
142	3.35192e+06
143	3.39897e+06
144	3.43207e+06
145	3.44861e+06
146	3.48273e+06
147	3.54107e+06
148	3.57861e+06
149	3.63887e+06
150	3.71195e+06
151	3.73506e+06
152	3.7445e+06
153	3.76549e+06
154	3.79996e+06
155	3.82073e+06
156	3.85611e+06
157	3.86701e+06
158	3.87219e+06
159	3.8775e+06
160	3.8775e+06
161	3.8775e+06
162	3.8775e+06
163	3.8775e+06
164	3.8775e+06
165	3.8775e+06
166	3.8775e+06
167	3.8775e+06
168	3.8775e+06
169	3.8775e+06
170	3.8775e+06
171	3.8775e+06
172	3.8775e+06
173	3.8775e+06
174	3.8775e+06
175	3.8775e+06
176	3.8775e+06
177	3.8775e+06
178	3.8775e+06
179	3.8775e+06
180	3.8775e+06
181	3.8775e+06
182	3.8775e+06
183	3.8775e+06
184	3.8775e+06
185	3.8775e+06
186	3.8775e+06
187	3.8775e+06
188	3.8775e+06
189	3.8775e+06
190	3.8775e+06
191	3.8775e+06
192	3.8775e+06
193	3.8775e+06
194	3.8775e+06
195	3.8775e+06
196	3.8775e+06
197	3.86542e+06
