Generation	Geometric_mean
1	275.61
2	275.61
3	275.61
4	275.61
5	31166.3
6	31166.3
7	31166.3
8	31166.3
9	35117.2
10	36374.7
11	36698.4
12	36743.4
13	37453.7
14	37771.8
15	37686.9
16	37417.8
17	39190.8
18	39842.2
19	40265.7
20	40329
21	38879.1
22	36932.9
23	35716.5
24	35244.4
25	35186.5
26	35577.7
27	35504.8
28	34977.4
29	34167.3
30	32791.5
31	31850.6
32	31684.7
33	31474.2
34	30410.3
35	29131.4
36	28662.7
37	27915.3
38	26809.9
39	26333.7
40	25797
41	26330.6
42	26565.6
43	23665
44	17646.5
45	7404.9
46	2094.94
47	1455.07
48	1206.62
49	834.381
50	743.605
51	727.282
52	718.56
53	686.373
54	694.002
55	697.828
56	688.053
57	702.456
58	712.825
59	726.303
60	744.768
61	761.91
62	792.211
63	1025.08
64	1304.65
65	8651.44
66	58039.3
67	562365
68	1.90999e+06
69	2.48164e+06
70	2.98186e+06
71	2.8496e+06
72	2.80895e+06
73	2.74447e+06
74	2.74154e+06
75	2.78087e+06
76	2.7844e+06
77	2.81672e+06
78	2.83542e+06
79	2.84599e+06
80	2.83761e+06
81	2.84612e+06
82	2.87214e+06
83	2.90736e+06
84	2.87882e+06
85	2.84918e+06
86	2.8589e+06
87	2.8231e+06
88	2.86121e+06
89	2.9244e+06
90	2.9264e+06
91	2.85536e+06
92	2.85259e+06
93	2.81618e+06
94	2.79537e+06
95	2.81522e+06
96	2.81299e+06
97	2.87246e+06
98	2.95406e+06
99	2.95609e+06
100	2.9459e+06
101	2.9569e+06
102	2.96984e+06
103	2.94027e+06
104	2.88768e+06
105	2.8852e+06
106	2.82459e+06
107	2.83198e+06
108	2.8666e+06
109	2.82654e+06
110	2.75202e+06
111	2.75222e+06
112	2.78437e+06
113	2.92468e+06
114	2.9718e+06
115	2.99075e+06
116	3.04721e+06
117	3.09244e+06
118	3.18282e+06
119	3.22265e+06
120	3.22215e+06
121	3.22552e+06
122	3.20121e+06
123	3.19113e+06
124	3.17673e+06
125	3.08173e+06
126	3.08072e+06
127	3.04311e+06
128	3.03213e+06
129	3.05019e+06
130	3.04821e+06
131	3.09369e+06
132	3.13463e+06
133	3.16417e+06
134	3.20807e+06
135	3.2405e+06
136	3.21511e+06
137	3.21831e+06
138	3.19425e+06
139	3.15121e+06
140	3.13048e+06
141	3.04087e+06
142	3.03235e+06
143	3.02134e+06
144	3.03551e+06
145	3.05143e+06
146	3.1047e+06
147	3.13386e+06
148	3.23739e+06
149	3.31883e+06
150	3.33369e+06
151	3.34408e+06
152	3.34585e+06
153	3.36545e+06
154	3.33994e+06
155	3.32671e+06
156	3.32923e+06
157	3.31592e+06
158	3.31309e+06
159	3.31621e+06
160	3.30852e+06
161	3.30355e+06
162	3.30289e+06
163	3.29997e+06
164	3.29671e+06
165	3.29671e+06
166	3.29671e+06
167	3.29671e+06
168	3.29671e+06
169	3.29671e+06
170	3.29671e+06
171	3.29671e+06
172	3.29671e+06
173	3.29671e+06
174	3.29671e+06
175	3.29671e+06
176	3.29671e+06
177	3.29671e+06
178	3.29671e+06
179	3.29671e+06
180	3.29671e+06
181	3.29671e+06
182	3.29671e+06
183	3.29671e+06
184	3.29671e+06
185	3.29671e+06
186	3.29671e+06
187	3.29671e+06
188	3.29671e+06
189	3.29671e+06
190	3.29671e+06
191	3.29671e+06
192	3.29671e+06
193	3.29671e+06
194	3.29671e+06
195	3.29671e+06
196	3.34051e+06
