Generation	Geometric_mean
1	267.837
2	267.837
3	267.837
4	267.837
5	82496
6	82496
7	82496
8	82496
9	92759.8
10	96603
11	97203.3
12	97254.5
13	98645.7
14	100992
15	103999
16	105614
17	111567
18	113497
19	114358
20	112015
21	110468
22	110026
23	108129
24	106063
25	108056
26	105478
27	104004
28	105973
29	104332
30	103941
31	104311
32	104297
33	104027
34	100926
35	96824.9
36	92049.2
37	88795.4
38	88136.7
39	87475.2
40	86470.2
41	85355.7
42	83598.1
43	83980.3
44	83748
45	81025.1
46	79699.4
47	77743.9
48	78068.8
49	76412.1
50	74728.1
51	74189.9
52	71293.7
53	69686.7
54	67589.3
55	62307.6
56	55575
57	52531.5
58	48417.9
59	43988
60	39858.3
61	32078
62	11671.3
63	4143.56
64	2240.86
65	1704.32
66	1421.44
67	1144.45
68	960.581
69	901.578
70	806.886
71	758.96
72	745.539
73	747.601
74	749.413
75	740.927
76	729.268
77	711.127
78	712.328
79	750.689
80	776.322
81	788.737
82	1006.23
83	1115.17
84	2164.11
85	6298.06
86	9510.53
87	54005.6
88	159236
89	280689
90	585335
91	1.12653e+06
92	1.311e+06
93	1.56458e+06
94	1.9818e+06
95	2.62501e+06
96	2.76993e+06
97	2.79102e+06
98	2.7537e+06
99	2.72961e+06
100	2.72662e+06
101	2.76187e+06
102	2.80734e+06
103	2.81932e+06
104	2.84284e+06
105	2.86316e+06
106	2.89617e+06
107	2.9228e+06
108	2.93267e+06
109	2.96505e+06
110	3.01281e+06
111	3.01036e+06
112	2.98482e+06
113	2.98363e+06
114	2.976e+06
115	2.98813e+06
116	2.95925e+06
117	2.95751e+06
118	2.97229e+06
119	3.00463e+06
120	3.07145e+06
121	3.03679e+06
122	3.00363e+06
123	3.01165e+06
124	3.01049e+06
125	2.99555e+06
126	2.95865e+06
127	2.97056e+06
128	3.00632e+06
129	3.03726e+06
130	3.1062e+06
131	3.13472e+06
132	3.13698e+06
133	3.15257e+06
134	3.13335e+06
135	3.15446e+06
136	3.1532e+06
137	3.17439e+06
138	3.201e+06
139	3.25152e+06
140	3.27599e+06
141	3.3118e+06
142	3.30298e+06
143	3.27275e+06
144	3.21303e+06
145	3.18494e+06
146	3.15529e+06
147	3.15613e+06
148	3.18232e+06
149	3.20995e+06
150	3.27343e+06
151	3.34586e+06
152	3.38849e+06
153	3.41317e+06
154	3.42215e+06
155	3.45727e+06
156	3.47028e+06
157	3.47028e+06
158	3.48073e+06
159	3.49128e+06
160	3.49387e+06
161	3.49349e+06
162	3.49349e+06
163	3.49349e+06
164	3.49349e+06
165	3.49349e+06
166	3.49349e+06
167	3.49349e+06
168	3.49349e+06
169	3.49349e+06
170	3.49349e+06
171	3.49349e+06
172	3.49349e+06
173	3.49349e+06
174	3.49349e+06
175	3.49349e+06
176	3.49349e+06
177	3.49349e+06
178	3.49349e+06
179	3.49349e+06
180	3.49349e+06
181	3.49349e+06
182	3.49349e+06
183	3.49349e+06
184	3.49349e+06
185	3.49349e+06
186	3.49349e+06
187	3.49349e+06
188	3.49349e+06
189	3.49349e+06
190	3.49349e+06
191	3.49349e+06
192	3.49349e+06
193	3.49349e+06
194	3.49349e+06
195	3.49349e+06
196	3.49349e+06
197	3.55275e+06
