Generation	Geometric_mean
1	230.264
2	230.264
3	230.264
4	230.264
5	168980
6	168980
7	168980
8	168980
9	173324
10	176461
11	177202
12	177212
13	177341
14	178727
15	177239
16	176738
17	181897
18	180763
19	179786
20	179025
21	177447
22	177140
23	177814
24	180923
25	182637
26	181787
27	182337
28	184697
29	186932
30	186767
31	190895
32	190054
33	188364
34	192692
35	193476
36	196377
37	195864
38	195020
39	193941
40	191069
41	187531
42	184902
43	181201
44	181098
45	177571
46	170379
47	168886
48	166451
49	161812
50	158036
51	155681
52	152620
53	151603
54	145908
55	143850
56	141754
57	137280
58	133191
59	125819
60	122920
61	122889
62	122006
63	121508
64	119052
65	116086
66	116837
67	116150
68	113120
69	111262
70	112418
71	114733
72	115649
73	112781
74	109701
75	104861
76	99982.5
77	98319.4
78	93884.4
79	91008.5
80	88036.1
81	83784
82	78101.9
83	70442
84	61739.4
85	60394.1
86	59041.5
87	54229.3
88	47109.2
89	41076.9
90	40358.6
91	37309
92	31719.1
93	28288.4
94	25056.7
95	20988
96	16512.9
97	13188.2
98	8945.04
99	6381.7
100	4289.3
101	3316.82
102	2618.19
103	2020.3
104	1524.66
105	1259.93
106	1157.03
107	1109.78
108	1042
109	1011.64
110	982.351
111	938.522
112	894.603
113	881.968
114	895.316
115	910.177
116	891.178
117	857.019
118	813.013
119	773.6
120	760.205
121	761.4
122	774.441
123	780.561
124	803.258
125	836.473
126	850.925
127	867.937
128	901.555
129	936.733
130	954.949
131	1008.78
132	1130.61
133	1171.34
134	1194.44
135	1343.01
136	1847.9
137	3343.12
138	6549.05
139	8567.13
140	13434.4
141	18142
142	30136.6
143	44860.8
144	57884.3
145	69847.5
146	83497.2
147	94785.9
148	121233
149	146470
150	174906
151	186784
152	194634
153	205713
154	214747
155	230243
156	231324
157	233414
158	239736
159	239518
160	241181
161	240963
162	240855
163	240696
164	240696
165	240696
166	240696
167	240696
168	240696
169	240696
170	240696
171	240696
172	240696
173	240696
174	240696
175	240696
176	240696
177	240696
178	240696
179	240696
180	240696
181	240696
182	240696
183	240696
184	240696
185	240696
186	240696
187	240696
188	240696
189	240696
190	240696
191	240696
192	240696
193	240696
194	240696
195	240696
196	240696
197	253044
