Generation	Geometric_mean
1	253.232
2	253.232
3	253.232
4	253.232
5	244043
6	244043
7	244043
8	244043
9	251539
10	250149
11	251063
12	251567
13	261163
14	270433
15	269662
16	271569
17	274405
18	269474
19	266882
20	264807
21	270886
22	280938
23	286397
24	289283
25	286193
26	282365
27	284433
28	280647
29	273491
30	266148
31	265965
32	267320
33	266791
34	268103
35	261289
36	246229
37	242598
38	239085
39	231426
40	236797
41	240497
42	246381
43	247499
44	250577
45	249462
46	241095
47	230833
48	225032
49	221769
50	220866
51	221724
52	219886
53	220952
54	221278
55	223737
56	224050
57	227655
58	232205
59	235804
60	224452
61	211322
62	188681
63	164011
64	142108
65	120639
66	107958
67	101287
68	98871.1
69	98030
70	95233
71	96018.7
72	95305.9
73	91533.9
74	85109.3
75	77569.4
76	71535.8
77	64418.5
78	61160.3
79	59738.9
80	59002.7
81	55868.5
82	52163.3
83	48450.4
84	45816.5
85	42610.5
86	30132.7
87	21184.9
88	18750.4
89	11888.3
90	7137.24
91	3517.89
92	2186.71
93	1163.55
94	899.101
95	751.647
96	691.325
97	646.242
98	616.356
99	574.013
100	570.923
101	561.822
102	561.545
103	571.358
104	563.429
105	553.07
106	562.448
107	587.469
108	604.039
109	618.392
110	643.724
111	677.069
112	709.641
113	727.148
114	813.041
115	1726.12
116	6998.67
117	25339.2
118	56049.4
119	124743
120	169581
121	193985
122	207253
123	212702
124	218453
125	234560
126	279810
127	371475
128	403842
129	408427
130	406151
131	433189
132	458608
133	458979
134	460227
135	456144
136	473310
137	484169
138	511278
139	518746
140	547029
141	599686
142	616269
143	627440
144	628139
145	632244
146	643176
147	669907
148	707328
149	720608
150	735032
151	743898
152	756366
153	764533
154	781765
155	795251
156	803793
157	810029
158	815496
159	816434
160	816434
161	816434
162	816434
163	816434
164	816434
165	816434
166	816434
167	816434
168	816434
169	816434
170	816434
171	816434
172	816434
173	816434
174	816434
175	816434
176	816434
177	816434
178	816434
179	816434
180	816434
181	816434
182	816434
183	816434
184	816434
185	816434
186	816434
187	816434
188	816434
189	816434
190	816434
191	816434
192	816434
193	816434
194	816434
195	816434
196	816434
197	813777
