Generation	Geometric_mean
1	688.917
2	688.917
3	688.917
4	688.917
5	464.797
6	442.79
7	439.415
8	439.415
9	442.746
10	440.604
11	447.915
12	447.915
13	17601.6
14	192229
15	524518
16	524518
17	559176
18	561761
19	543742
20	542631
21	516467
22	500070
23	496434
24	497242
25	507869
26	513617
27	530341
28	530490
29	533813
30	524455
31	515619
32	507849
33	497780
34	499816
35	505816
36	501871
37	487353
38	495231
39	485509
40	499527
41	520790
42	529072
43	524180
44	516436
45	515118
46	519382
47	526575
48	538318
49	547437
50	547926
51	552890
52	545556
53	547910
54	545018
55	543665
56	546768
57	557042
58	564178
59	563005
60	570113
61	572450
62	570453
63	570547
64	561514
65	543683
66	530407
67	526681
68	522692
69	537296
70	538824
71	548451
72	542108
73	539127
74	537540
75	539013
76	546880
77	557528
78	564696
79	567037
80	564849
81	566011
82	571894
83	590524
84	595274
85	607732
86	609905
87	593875
88	583792
89	575196
90	569647
91	560308
92	550426
93	565575
94	565503
95	559778
96	554432
97	552398
98	540040
99	535922
100	539346
101	537916
102	546731
103	552342
104	558298
105	551318
106	544348
107	530520
108	506450
109	493240
110	473549
111	466411
112	459903
113	456083
114	450642
115	442793
116	432476
117	419257
118	419637
119	411876
120	411996
121	407172
122	415110
123	422358
124	411428
125	394752
126	388067
127	377653
128	372893
129	373905
130	356092
131	356658
132	348816
133	347266
134	345154
135	320415
136	306750
137	280555
138	259113
139	238653
140	226553
141	220578
142	218624
143	219893
144	216438
145	204585
146	196715
147	194130
148	189585
149	185170
150	178478
151	172729
152	165363
153	162564
154	154907
155	146550
156	142254
157	134146
158	127580
159	121585
160	118559
161	117093
162	110485
163	107941
164	107144
165	106473
166	105814
167	103881
168	102690
169	101471
170	97563.6
171	96917.9
172	95671.9
173	94437.4
174	94437.4
175	94437.4
176	94437.4
177	94437.4
178	94437.4
179	94437.4
180	94437.4
181	94437.4
182	94437.4
183	94437.4
184	94437.4
185	94437.4
186	94437.4
187	94437.4
188	94437.4
189	94437.4
190	94437.4
191	94437.4
192	91727.7
193	1987.66
194	1987.66
195	1987.66
196	1987.66
197	1678.42
