Generation	Geometric_mean
1	82.8496
2	82.8496
3	82.8496
4	82.8496
5	15720.3
6	15720.3
7	15720.3
8	15720.3
9	18236
10	18661.9
11	18766.3
12	18779.5
13	20768.1
14	21626.5
15	22183.1
16	22242.9
17	22450
18	22591.2
19	22806.4
20	22794.1
21	22746.1
22	22559.1
23	22125.7
24	21597.1
25	20920.1
26	20899
27	20714.9
28	20348.9
29	20480.4
30	20728.3
31	21065.4
32	21028.3
33	20840.8
34	20497.6
35	20187.8
36	19918.9
37	19613.1
38	19150.9
39	18649.4
40	18240.8
41	18248.4
42	18195.9
43	18166.4
44	18084.9
45	17855.7
46	17546.5
47	17277.6
48	17053.5
49	16838.5
50	16549.3
51	16051.3
52	15496.5
53	14919.3
54	14130.9
55	13884.5
56	13859.8
57	13438.8
58	13031.3
59	12938.5
60	12949.6
61	12683.1
62	12499.9
63	12228.8
64	11915.3
65	11440.9
66	11097.8
67	10615.8
68	9966.94
69	9865.27
70	9484.91
71	9526.48
72	9341.37
73	8500.58
74	6914.61
75	6575.98
76	3827.68
77	1486.9
78	870.654
79	467.507
80	268.272
81	225.716
82	212.008
83	204.053
84	178.82
85	164.843
86	158.765
87	157.182
88	145.05
89	141.215
90	138.218
91	137.083
92	138.951
93	144.97
94	146.135
95	146.688
96	147.986
97	146.54
98	152.812
99	154.45
100	161.794
101	177.239
102	184.955
103	204.428
104	238.088
105	482.846
106	672.619
107	1264.7
108	3634.87
109	6762.1
110	10409.9
111	18847.6
112	26830.5
113	27497
114	37368.3
115	38768.5
116	39976.2
117	41483.9
118	43719.8
119	52552.2
120	56395.5
121	60214.1
122	64428.4
123	66669.4
124	68886.2
125	67340.7
126	72381.3
127	75589.3
128	78115.2
129	83003.4
130	88038.1
131	91852.6
132	95971.1
133	100740
134	105330
135	110122
136	115648
137	121433
138	125585
139	127051
140	128156
141	132161
142	134788
143	136760
144	142045
145	145861
146	152219
147	156342
148	164580
149	170802
150	177160
151	183657
152	191448
153	194159
154	193947
155	194262
156	194578
157	194761
158	194716
159	194716
160	194716
161	194716
162	194716
163	194716
164	194716
165	194716
166	194716
167	194716
168	194716
169	194716
170	194716
171	194716
172	194716
173	194716
174	194716
175	194716
176	194716
177	194716
178	194716
179	194716
180	194716
181	194716
182	194716
183	194716
184	194716
185	194716
186	194716
187	194716
188	194716
189	194716
190	194716
191	194716
192	194716
193	194716
194	194716
195	194716
196	198670
