Generation	Geometric_mean
1	241.047
2	241.047
3	241.047
4	241.047
5	96846.1
6	96846.1
7	96846.1
8	96846.1
9	98445.2
10	99801.9
11	99865.1
12	99990.6
13	106131
14	108948
15	109021
16	109499
17	109993
18	109246
19	111522
20	112488
21	109983
22	109298
23	103543
24	103416
25	102838
26	103616
27	108219
28	110406
29	111265
30	110625
31	111315
32	109942
33	106945
34	104449
35	101405
36	100975
37	100692
38	98667.7
39	98012.9
40	97381
41	94937.9
42	95060
43	95256.8
44	93318.4
45	93266.9
46	93895.6
47	93763.5
48	95348.9
49	96626.2
50	95790
51	94742.9
52	94366.5
53	93605.1
54	91874.4
55	92094.9
56	90439.4
57	88801
58	87970.4
59	85778.2
60	84789.3
61	82536.1
62	79997.8
63	78588.3
64	74494.3
65	73428.1
66	70755.6
67	62202.1
68	47237.9
69	36108.3
70	26591.9
71	17328
72	7476.62
73	4703.4
74	3110.31
75	2901.1
76	2363.64
77	2152.08
78	1949.77
79	1909.58
80	1833.92
81	1757.11
82	1741.66
83	1694.51
84	1581.31
85	1525.31
86	1478.13
87	1441.6
88	1391.92
89	1382.95
90	1404.72
91	1420.55
92	1443.22
93	1464.77
94	1502.58
95	1524.19
96	1560.62
97	1617.17
98	1619.84
99	1636.49
100	1678.43
101	1764.17
102	1809.66
103	1828.96
104	1833.32
105	1828.17
106	1858.52
107	1879.12
108	1903.24
109	2054.28
110	2372.47
111	2786.41
112	3169.43
113	3494.24
114	4282.32
115	5866.24
116	9491.7
117	15284.4
118	26776.1
119	37674.2
120	49343.6
121	57142.5
122	69085.9
123	83266
124	87574
125	97864.2
126	112341
127	118947
128	129534
129	135634
130	145677
131	157257
132	172514
133	193398
134	204312
135	209422
136	218644
137	227382
138	250419
139	265431
140	280844
141	301385
142	344626
143	389719
144	416927
145	436873
146	459009
147	474975
148	479568
149	488038
150	501238
151	511325
152	516560
153	516466
154	517706
155	520265
156	520549
157	519207
158	519218
159	519200
160	519454
161	519517
162	519556
163	519556
164	519556
165	519556
166	519556
167	519556
168	519556
169	519556
170	519556
171	519556
172	519556
173	519556
174	519556
175	519556
176	519556
177	519556
178	519556
179	519556
180	519556
181	519556
182	519556
183	519556
184	519556
185	519556
186	519556
187	519556
188	519556
189	519556
190	519556
191	519556
192	519556
193	519556
194	519556
195	519556
196	519556
197	520264
