Generation	Geometric_mean
1	230.099
2	230.099
3	230.099
4	230.099
5	219316
6	219316
7	219316
8	219316
9	214400
10	214095
11	215656
12	216891
13	210045
14	206158
15	205135
16	201117
17	201513
18	208184
19	204969
20	208054
21	206663
22	211000
23	214337
24	208520
25	208258
26	210414
27	208501
28	213321
29	217914
30	217597
31	213030
32	213962
33	215569
34	216907
35	215738
36	207012
37	201254
38	204760
39	201887
40	200988
41	199846
42	197974
43	195824
44	190784
45	185629
46	181203
47	182522
48	170107
49	155373
50	142356
51	123037
52	93507.6
53	71683.3
54	59805.8
55	44770.6
56	40397.9
57	33075.7
58	23605.6
59	20101.4
60	16652.4
61	15067.1
62	13230.2
63	12920.7
64	12700.2
65	11729.2
66	10820.2
67	9865
68	9758.72
69	9800.13
70	9915.54
71	9868.98
72	9503.5
73	9176.63
74	8626.54
75	8464.71
76	7957.71
77	7762.05
78	7579.2
79	7423.72
80	7127.51
81	6947.55
82	6734.32
83	6480.49
84	6214.16
85	5863.53
86	5581.65
87	5372
88	5174.73
89	5104.41
90	5016.71
91	4979.39
92	5041.21
93	4971.15
94	4717.62
95	4454.49
96	4173.68
97	3947.49
98	3820.87
99	3672.83
100	3472.26
101	3361
102	3272.74
103	3250.26
104	3075.05
105	2917.73
106	2791.25
107	2738.75
108	2584.81
109	2410.96
110	2315.63
111	2215.77
112	2143.84
113	2094.35
114	2053.05
115	2043.22
116	1985.67
117	1957.38
118	1862.85
119	1902.56
120	1881.53
121	1862.2
122	1868.15
123	1867.68
124	1842.82
125	1816.93
126	1791.3
127	1704.38
128	1697.5
129	1678.26
130	1653.85
131	1629.23
132	1633.9
133	1662.16
134	1631.55
135	1591.08
136	1546.64
137	1525.66
138	1521.38
139	1604.71
140	1649.64
141	1648.86
142	1701.69
143	1818.71
144	1889.62
145	1945.29
146	2013.63
147	2201.37
148	2359.33
149	2498.79
150	2592.93
151	2819.61
152	3009.53
153	3279.37
154	4123.08
155	4781.51
156	5292.29
157	5865.98
158	6275.8
159	6854.25
160	7519.07
161	7744.2
162	8166.2
163	8942.11
164	9623.51
165	9852.89
166	10579
167	10908.7
168	11326.1
169	11813.5
170	12309.6
171	12309.6
172	12309.6
173	12633.1
174	12797.9
175	12960.4
176	13461.4
177	13631.2
178	13975.8
179	13975.8
180	13975.8
181	13975.8
182	13975.8
183	13975.8
184	13975.8
185	13975.8
186	13975.8
187	13975.8
188	13975.8
189	13975.8
190	13975.8
191	13975.8
192	13975.8
193	13975.8
194	13975.8
195	13975.8
196	13975.8
197	14882.5
