Generation	Geometric_mean
1	68.4531
2	68.4531
3	68.4531
4	68.4531
5	3.96134e+06
6	3.96134e+06
7	3.96134e+06
8	3.96134e+06
9	4.13293e+06
10	4.16635e+06
11	4.16948e+06
12	4.16655e+06
13	4.19979e+06
14	4.24194e+06
15	4.27771e+06
16	4.28865e+06
17	4.26069e+06
18	4.29134e+06
19	4.30921e+06
20	4.31604e+06
21	4.37517e+06
22	4.44098e+06
23	4.45175e+06
24	4.47041e+06
25	4.46062e+06
26	4.46518e+06
27	4.44228e+06
28	4.40805e+06
29	4.40618e+06
30	4.42515e+06
31	4.44026e+06
32	4.44408e+06
33	4.48386e+06
34	4.46913e+06
35	4.44521e+06
36	4.41477e+06
37	4.38544e+06
38	4.37758e+06
39	4.37887e+06
40	4.40285e+06
41	4.4321e+06
42	4.43811e+06
43	4.46641e+06
44	4.45442e+06
45	4.45403e+06
46	4.43063e+06
47	4.41493e+06
48	4.38649e+06
49	4.37621e+06
50	4.35889e+06
51	4.31212e+06
52	4.3041e+06
53	4.28487e+06
54	4.25284e+06
55	4.25323e+06
56	4.25739e+06
57	4.28838e+06
58	4.32973e+06
59	4.33956e+06
60	4.3809e+06
61	4.39204e+06
62	4.40744e+06
63	4.39986e+06
64	4.41998e+06
65	4.43556e+06
66	4.40732e+06
67	4.35747e+06
68	4.30135e+06
69	4.26197e+06
70	4.20828e+06
71	4.19771e+06
72	4.22977e+06
73	4.21948e+06
74	4.26079e+06
75	4.31785e+06
76	4.33794e+06
77	4.35935e+06
78	4.32125e+06
79	4.29268e+06
80	4.28091e+06
81	4.28424e+06
82	4.27548e+06
83	4.2606e+06
84	4.24988e+06
85	4.28271e+06
86	4.29422e+06
87	4.2981e+06
88	4.30801e+06
89	4.34306e+06
90	4.35019e+06
91	4.36869e+06
92	4.37011e+06
93	4.40188e+06
94	4.44805e+06
95	4.45992e+06
96	4.45665e+06
97	4.4299e+06
98	4.39181e+06
99	4.3734e+06
100	4.33785e+06
101	4.33347e+06
102	4.30639e+06
103	4.30322e+06
104	4.24059e+06
105	4.22678e+06
106	4.26976e+06
107	4.25893e+06
108	4.29359e+06
109	4.34468e+06
110	4.36669e+06
111	4.38261e+06
112	4.39781e+06
113	4.38626e+06
114	4.35178e+06
115	4.34629e+06
116	4.33607e+06
117	4.28992e+06
118	4.24992e+06
119	4.23528e+06
120	4.2554e+06
121	4.24669e+06
122	4.27151e+06
123	4.29398e+06
124	4.30468e+06
125	4.34624e+06
126	4.37591e+06
127	4.41207e+06
128	4.44019e+06
129	4.45794e+06
130	4.47436e+06
131	4.47797e+06
132	4.46419e+06
133	4.40695e+06
134	4.38013e+06
135	4.37602e+06
136	4.38942e+06
137	4.39825e+06
138	4.44166e+06
139	4.47436e+06
140	4.50719e+06
141	4.53126e+06
142	4.5337e+06
143	4.55728e+06
144	4.57696e+06
145	4.58344e+06
146	4.59653e+06
147	4.61528e+06
148	4.63211e+06
149	4.63211e+06
150	4.64008e+06
151	4.64222e+06
152	4.64846e+06
153	4.64672e+06
154	4.64633e+06
155	4.65329e+06
156	4.65329e+06
157	4.65329e+06
158	4.65329e+06
159	4.65329e+06
160	4.65329e+06
161	4.65329e+06
162	4.65329e+06
163	4.65329e+06
164	4.65329e+06
165	4.65329e+06
166	4.65329e+06
167	4.65329e+06
168	4.65329e+06
169	4.65329e+06
170	4.65329e+06
171	4.65329e+06
172	4.65329e+06
173	4.65329e+06
174	4.65329e+06
175	4.65329e+06
176	4.65329e+06
177	4.65329e+06
178	4.65329e+06
179	4.65329e+06
180	4.65329e+06
181	4.65329e+06
182	4.65329e+06
183	4.65329e+06
184	4.65329e+06
185	4.65329e+06
186	4.65329e+06
187	4.65329e+06
188	4.65329e+06
189	4.65329e+06
190	4.65329e+06
191	4.66661e+06
