Generation	Geometric_mean
1	246.402
2	246.402
3	246.402
4	246.402
5	107270
6	107270
7	107270
8	107270
9	105058
10	104189
11	104330
12	104171
13	103785
14	103218
15	104564
16	104299
17	110083
18	116520
19	118632
20	119064
21	117859
22	118090
23	117254
24	114950
25	117949
26	120547
27	122206
28	123133
29	122477
30	120210
31	118298
32	115059
33	116815
34	119161
35	118024
36	117821
37	116624
38	114928
39	116566
40	113769
41	112484
42	110217
43	107932
44	102487
45	98512.1
46	98796.9
47	98642.1
48	98162.4
49	98302.5
50	92999.9
51	88083.1
52	83364.4
53	78106.2
54	72892
55	68239
56	64692.9
57	64187.9
58	62850.6
59	61797.8
60	63974.3
61	62665.8
62	61226.5
63	58178.3
64	55063
65	39443
66	15994.2
67	10305
68	4903.98
69	2384.67
70	1551.25
71	1186.21
72	903.438
73	780.068
74	641.202
75	647.158
76	618.456
77	608.581
78	627.09
79	602.944
80	617.967
81	614.751
82	673.872
83	685.084
84	707.888
85	741.585
86	742.414
87	1309.82
88	3072.28
89	6606.16
90	27749.8
91	84894.3
92	157225
93	503475
94	966453
95	1.28305e+06
96	1.73526e+06
97	2.05478e+06
98	2.9568e+06
99	3.17833e+06
100	3.16302e+06
101	3.17576e+06
102	3.11286e+06
103	3.12024e+06
104	3.10483e+06
105	3.14256e+06
106	3.20618e+06
107	3.21783e+06
108	3.25416e+06
109	3.26148e+06
110	3.21942e+06
111	3.1909e+06
112	3.11354e+06
113	3.05794e+06
114	3.00689e+06
115	3.0321e+06
116	3.09484e+06
117	3.15498e+06
118	3.12641e+06
119	3.16594e+06
120	3.17605e+06
121	3.14249e+06
122	3.14565e+06
123	3.13559e+06
124	3.14752e+06
125	3.15203e+06
126	3.24447e+06
127	3.28598e+06
128	3.30244e+06
129	3.3027e+06
130	3.30161e+06
131	3.27063e+06
132	3.22469e+06
133	3.22779e+06
134	3.24976e+06
135	3.27902e+06
136	3.2995e+06
137	3.37725e+06
138	3.41012e+06
139	3.4507e+06
140	3.48228e+06
141	3.54179e+06
142	3.616e+06
143	3.66015e+06
144	3.69988e+06
145	3.74594e+06
146	3.75821e+06
147	3.76582e+06
148	3.7567e+06
149	3.74549e+06
150	3.75757e+06
151	3.76813e+06
152	3.77027e+06
153	3.76558e+06
154	3.75944e+06
155	3.76225e+06
156	3.76108e+06
157	3.76452e+06
158	3.76546e+06
159	3.77151e+06
160	3.77216e+06
161	3.77244e+06
162	3.77273e+06
163	3.77324e+06
164	3.77324e+06
165	3.77324e+06
166	3.77324e+06
167	3.77324e+06
168	3.77324e+06
169	3.77324e+06
170	3.77324e+06
171	3.77324e+06
172	3.77324e+06
173	3.77324e+06
174	3.77324e+06
175	3.77324e+06
176	3.77324e+06
177	3.77324e+06
178	3.77324e+06
179	3.77324e+06
180	3.77324e+06
181	3.77324e+06
182	3.77324e+06
183	3.77324e+06
184	3.77324e+06
185	3.77324e+06
186	3.77324e+06
187	3.77324e+06
188	3.77324e+06
189	3.77324e+06
190	3.77324e+06
191	3.77324e+06
192	3.77324e+06
193	3.77324e+06
194	3.77324e+06
195	3.77324e+06
196	3.77324e+06
197	3.8525e+06
