Generation	Geometric_mean
1	256.307
2	256.307
3	256.307
4	256.307
5	68168.9
6	68168.9
7	68168.9
8	68168.9
9	73731.8
10	72659.5
11	72062.8
12	72100.8
13	77437.7
14	79859.4
15	80869.8
16	81318.3
17	82785.1
18	82530.4
19	83659
20	84436.2
21	82321.6
22	80120.6
23	79046.7
24	77293.9
25	74470.7
26	71192.7
27	70766.3
28	70687.9
29	71906.3
30	73681.4
31	73966.6
32	72974.4
33	70472.8
34	70563.6
35	69844.4
36	68071.9
37	67672.6
38	66075
39	64358.9
40	64575.7
41	62902
42	61787.9
43	59557.1
44	58092.1
45	55628.1
46	52017
47	51350.2
48	50144.2
49	48680.8
50	46909.9
51	44133.5
52	42991.8
53	35799.2
54	25405
55	8654.91
56	3372.21
57	1424.58
58	1133.24
59	862.923
60	686.971
61	632.169
62	597.779
63	621.36
64	598.727
65	585.637
66	582.158
67	560.77
68	581.82
69	626.753
70	688.858
71	931.244
72	2693.82
73	8058.5
74	34562.4
75	202395
76	451746
77	919844
78	2.14124e+06
79	3.04476e+06
80	3.10436e+06
81	3.1453e+06
82	3.15261e+06
83	3.2308e+06
84	3.29892e+06
85	3.32716e+06
86	3.36188e+06
87	3.3824e+06
88	3.32817e+06
89	3.28509e+06
90	3.22643e+06
91	3.21693e+06
92	3.27309e+06
93	3.28184e+06
94	3.36482e+06
95	3.35021e+06
96	3.33358e+06
97	3.33338e+06
98	3.34763e+06
99	3.3342e+06
100	3.35728e+06
101	3.44846e+06
102	3.48459e+06
103	3.45606e+06
104	3.52278e+06
105	3.56526e+06
106	3.57971e+06
107	3.60649e+06
108	3.57955e+06
109	3.56504e+06
110	3.52929e+06
111	3.46221e+06
112	3.42966e+06
113	3.40078e+06
114	3.40698e+06
115	3.38827e+06
116	3.41044e+06
117	3.43624e+06
118	3.47096e+06
119	3.51314e+06
120	3.49805e+06
121	3.5013e+06
122	3.47274e+06
123	3.42217e+06
124	3.35377e+06
125	3.31592e+06
126	3.26677e+06
127	3.19263e+06
128	3.22606e+06
129	3.24766e+06
130	3.28233e+06
131	3.34202e+06
132	3.39844e+06
133	3.45714e+06
134	3.50245e+06
135	3.55614e+06
136	3.60612e+06
137	3.64555e+06
138	3.72618e+06
139	3.76983e+06
140	3.81186e+06
141	3.86218e+06
142	3.87446e+06
143	3.89564e+06
144	3.92469e+06
145	3.9382e+06
146	4.04149e+06
147	4.1061e+06
148	4.11216e+06
149	4.13306e+06
150	4.13594e+06
151	4.14382e+06
152	4.16789e+06
153	4.18955e+06
154	4.20282e+06
155	4.21046e+06
156	4.2198e+06
157	4.2198e+06
158	4.22095e+06
159	4.22332e+06
160	4.22332e+06
161	4.22467e+06
162	4.22467e+06
163	4.22467e+06
164	4.22467e+06
165	4.22467e+06
166	4.22467e+06
167	4.22467e+06
168	4.22467e+06
169	4.22467e+06
170	4.22467e+06
171	4.22467e+06
172	4.22467e+06
173	4.22467e+06
174	4.22467e+06
175	4.22467e+06
176	4.22467e+06
177	4.22467e+06
178	4.22467e+06
179	4.22467e+06
180	4.22467e+06
181	4.22467e+06
182	4.22467e+06
183	4.22467e+06
184	4.22467e+06
185	4.22467e+06
186	4.22467e+06
187	4.22467e+06
188	4.22467e+06
189	4.22467e+06
190	4.22467e+06
191	4.22467e+06
192	4.22467e+06
193	4.22467e+06
194	4.22467e+06
195	4.22467e+06
196	4.22467e+06
197	4.27557e+06
