Generation	Geometric_mean
1	122.443
2	122.443
3	122.443
4	122.443
5	4.07136e+06
6	4.07136e+06
7	4.07136e+06
8	4.07136e+06
9	3.90793e+06
10	3.85192e+06
11	3.83107e+06
12	3.82555e+06
13	3.89661e+06
14	3.96379e+06
15	4.01544e+06
16	4.03149e+06
17	4.05382e+06
18	4.13103e+06
19	4.16396e+06
20	4.15775e+06
21	4.16688e+06
22	4.19783e+06
23	4.23217e+06
24	4.27777e+06
25	4.29775e+06
26	4.28407e+06
27	4.27725e+06
28	4.26545e+06
29	4.26722e+06
30	4.3113e+06
31	4.34125e+06
32	4.35996e+06
33	4.34505e+06
34	4.27787e+06
35	4.25884e+06
36	4.20843e+06
37	4.16341e+06
38	4.22403e+06
39	4.19664e+06
40	4.14242e+06
41	4.12824e+06
42	4.14766e+06
43	4.13762e+06
44	4.14685e+06
45	4.18375e+06
46	4.24466e+06
47	4.27164e+06
48	4.28297e+06
49	4.25832e+06
50	4.26334e+06
51	4.30496e+06
52	4.29109e+06
53	4.3067e+06
54	4.31225e+06
55	4.36717e+06
56	4.38602e+06
57	4.40583e+06
58	4.44605e+06
59	4.41917e+06
60	4.41114e+06
61	4.34172e+06
62	4.33595e+06
63	4.26938e+06
64	4.23417e+06
65	4.1983e+06
66	4.15881e+06
67	4.17203e+06
68	4.16638e+06
69	4.10217e+06
70	4.0987e+06
71	4.04846e+06
72	4.06478e+06
73	4.06731e+06
74	4.08616e+06
75	4.09193e+06
76	4.08474e+06
77	4.07908e+06
78	4.04453e+06
79	4.05796e+06
80	4.03975e+06
81	4.03859e+06
82	4.03951e+06
83	4.01825e+06
84	4.07545e+06
85	4.0636e+06
86	4.06791e+06
87	4.0191e+06
88	4.02417e+06
89	4.04554e+06
90	4.05926e+06
91	4.09174e+06
92	4.09328e+06
93	4.04024e+06
94	4.04294e+06
95	3.99969e+06
96	3.94716e+06
97	3.90494e+06
98	3.86936e+06
99	3.86175e+06
100	3.88996e+06
101	3.94952e+06
102	4.00054e+06
103	4.05452e+06
104	4.03334e+06
105	4.02252e+06
106	3.98431e+06
107	3.94158e+06
108	3.83414e+06
109	3.76225e+06
110	3.71092e+06
111	3.67079e+06
112	3.57586e+06
113	3.53796e+06
114	3.53478e+06
115	3.55321e+06
116	3.58452e+06
117	3.61139e+06
118	3.62143e+06
119	3.63053e+06
120	3.63968e+06
121	3.66159e+06
122	3.66129e+06
123	3.60784e+06
124	3.53423e+06
125	3.48535e+06
126	3.41655e+06
127	3.36797e+06
128	3.38787e+06
129	3.36915e+06
130	3.3726e+06
131	3.40171e+06
132	3.34805e+06
133	3.26623e+06
134	3.16175e+06
135	3.09123e+06
136	3.02397e+06
137	2.91938e+06
138	2.84795e+06
139	2.80061e+06
140	2.71522e+06
141	2.65472e+06
142	2.59644e+06
143	2.53161e+06
144	2.47621e+06
145	2.424e+06
146	2.38857e+06
147	2.36574e+06
148	2.35274e+06
149	2.35274e+06
150	2.34818e+06
151	2.34818e+06
152	2.34818e+06
153	2.34344e+06
154	2.32982e+06
155	2.3251e+06
156	2.3251e+06
157	2.3251e+06
158	2.3251e+06
159	2.3251e+06
160	2.3251e+06
161	2.3251e+06
162	2.3251e+06
163	2.3251e+06
164	2.3251e+06
165	2.3251e+06
166	2.3251e+06
167	2.3251e+06
168	2.3251e+06
169	2.30282e+06
170	1.38022e+06
171	52489.1
172	52489.1
173	52489.1
174	52489.1
175	1080.04
176	1080.04
177	1080.04
178	1080.04
179	900.371
