Generation	Geometric_mean
1	3.42874e+06
2	3.42874e+06
3	3.42874e+06
4	3.42874e+06
5	3.33626e+06
6	3.30204e+06
7	3.20997e+06
8	587304
9	295076
10	281768
11	178357
12	15612.7
13	6492.69
14	5902.65
15	3631.49
16	315.132
17	130.706
18	122.911
19	111.97
20	111.97
21	111.97
22	1611.51
23	3.6708e+06
24	3.6708e+06
25	3.6708e+06
26	3.62995e+06
27	3.89443e+06
28	3.92002e+06
29	3.92576e+06
30	4.05153e+06
31	4.04803e+06
32	4.06046e+06
33	4.07175e+06
34	4.07669e+06
35	4.18663e+06
36	4.20672e+06
37	4.2505e+06
38	4.29169e+06
39	4.33784e+06
40	4.39762e+06
41	4.46152e+06
42	4.47869e+06
43	4.51777e+06
44	4.53445e+06
45	4.55787e+06
46	4.56162e+06
47	4.5222e+06
48	4.48958e+06
49	4.50721e+06
50	4.53171e+06
51	4.58441e+06
52	4.6692e+06
53	4.71129e+06
54	4.73502e+06
55	4.74931e+06
56	4.74788e+06
57	4.73826e+06
58	4.73953e+06
59	4.73132e+06
60	4.72649e+06
61	4.73128e+06
62	4.73619e+06
63	4.73749e+06
64	4.73724e+06
65	4.72385e+06
66	4.71751e+06
67	4.7103e+06
68	4.74526e+06
69	4.75425e+06
70	4.78037e+06
71	4.80954e+06
72	4.8179e+06
73	4.81877e+06
74	4.81181e+06
75	4.8047e+06
76	4.81e+06
77	4.82342e+06
78	4.85682e+06
79	4.86106e+06
80	4.85603e+06
81	4.8488e+06
82	4.8304e+06
83	4.83096e+06
84	4.8299e+06
85	4.83619e+06
86	4.85848e+06
87	4.86806e+06
88	4.86668e+06
89	4.86615e+06
90	4.84507e+06
91	4.83258e+06
92	4.85018e+06
93	4.84305e+06
94	4.8413e+06
95	4.82314e+06
96	4.82479e+06
97	4.82389e+06
98	4.82612e+06
99	4.84562e+06
100	4.86039e+06
101	4.85881e+06
102	4.85335e+06
103	4.8529e+06
104	4.8604e+06
105	4.8622e+06
106	4.88141e+06
107	4.89416e+06
108	4.89722e+06
109	4.90921e+06
110	4.90654e+06
111	4.89214e+06
112	4.87941e+06
113	4.87339e+06
114	4.87751e+06
115	4.88829e+06
116	4.89795e+06
117	4.89717e+06
118	4.90353e+06
119	4.91036e+06
120	4.91818e+06
121	4.93302e+06
122	4.92888e+06
123	4.93112e+06
124	4.93342e+06
125	4.94121e+06
126	4.95293e+06
127	4.96639e+06
128	4.97145e+06
129	4.97801e+06
130	4.98387e+06
131	4.98508e+06
132	4.9857e+06
133	4.98659e+06
134	4.9866e+06
135	4.9866e+06
136	4.9866e+06
137	4.98645e+06
138	4.98645e+06
139	4.98601e+06
140	4.98601e+06
141	4.98624e+06
142	4.98624e+06
143	4.98648e+06
144	4.98648e+06
145	4.98648e+06
146	4.98648e+06
147	4.98648e+06
148	4.98648e+06
149	4.98648e+06
150	4.98648e+06
151	4.98648e+06
152	4.98648e+06
153	4.98648e+06
154	4.98648e+06
155	4.98648e+06
156	4.98648e+06
157	4.98648e+06
158	4.98648e+06
159	4.98648e+06
160	4.98648e+06
161	4.98648e+06
162	4.98648e+06
163	4.98648e+06
164	4.98648e+06
165	4.98648e+06
166	4.98648e+06
167	4.98648e+06
168	4.98648e+06
169	4.98648e+06
170	4.99514e+06
