Generation	Geometric_mean
1	230.144
2	230.144
3	230.144
4	230.144
5	158575
6	158575
7	158575
8	158575
9	163020
10	165976
11	167100
12	167072
13	171392
14	172043
15	170532
16	169924
17	174457
18	180568
19	184161
20	187083
21	186849
22	183605
23	183329
24	186058
25	186201
26	187665
27	189000
28	190610
29	191513
30	187972
31	189034
32	186089
33	181993
34	179744
35	175781
36	171129
37	168893
38	164573
39	168349
40	166833
41	167868
42	168097
43	167205
44	167737
45	164340
46	159769
47	154523
48	149873
49	149536
50	147093
51	146784
52	145007
53	142959
54	137510
55	124258
56	116301
57	103851
58	102515
59	101453
60	99004.3
61	96034.9
62	94061.6
63	91140.2
64	88332.6
65	85717.3
66	82002.5
67	77471.4
68	71030.5
69	66131.3
70	62840.1
71	60389.2
72	57409.3
73	56543.2
74	56854.9
75	56389.6
76	55608.6
77	46736.6
78	24642.4
79	14983.9
80	5249.7
81	3164.26
82	2083.21
83	1375.38
84	977.092
85	873.469
86	761.167
87	699.071
88	655.764
89	658.107
90	666.683
91	671.315
92	657.503
93	669.748
94	686.339
95	666.849
96	681.582
97	704.478
98	730.218
99	978.455
100	1548.81
101	3299.46
102	5361.44
103	14573.5
104	29250.7
105	34474.1
106	142043
107	184021
108	209132
109	275440
110	304238
111	447601
112	521461
113	636959
114	699946
115	817770
116	967793
117	1.02943e+06
118	1.04106e+06
119	1.06203e+06
120	1.13506e+06
121	1.19235e+06
122	1.30015e+06
123	1.42565e+06
124	1.48466e+06
125	1.49637e+06
126	1.57354e+06
127	1.65051e+06
128	1.64152e+06
129	1.61913e+06
130	1.66219e+06
131	1.74011e+06
132	1.80333e+06
133	1.86627e+06
134	1.90679e+06
135	1.92992e+06
136	1.96379e+06
137	2.06346e+06
138	2.17896e+06
139	2.41237e+06
140	2.62851e+06
141	2.76332e+06
142	2.97785e+06
143	3.15575e+06
144	3.27659e+06
145	3.39545e+06
146	3.42141e+06
147	3.4889e+06
148	3.49321e+06
149	3.48375e+06
150	3.47244e+06
151	3.47787e+06
152	3.50103e+06
153	3.49732e+06
154	3.48655e+06
155	3.50612e+06
156	3.51669e+06
157	3.51144e+06
158	3.51405e+06
159	3.51987e+06
160	3.52589e+06
161	3.52589e+06
162	3.52589e+06
163	3.52589e+06
164	3.52589e+06
165	3.52589e+06
166	3.52589e+06
167	3.52589e+06
168	3.52589e+06
169	3.52589e+06
170	3.52589e+06
171	3.52589e+06
172	3.52589e+06
173	3.52589e+06
174	3.52589e+06
175	3.52589e+06
176	3.52589e+06
177	3.52589e+06
178	3.52589e+06
179	3.52589e+06
180	3.52589e+06
181	3.52589e+06
182	3.52589e+06
183	3.52589e+06
184	3.52589e+06
185	3.52589e+06
186	3.52589e+06
187	3.52589e+06
188	3.52589e+06
189	3.52589e+06
190	3.52589e+06
191	3.52589e+06
192	3.52589e+06
193	3.52589e+06
194	3.52589e+06
195	3.52589e+06
196	3.52589e+06
197	3.50112e+06
