Generation	Geometric_mean
1	115.857
2	115.857
3	115.857
4	115.857
5	3.7009e+06
6	3.7009e+06
7	3.7009e+06
8	3.7009e+06
9	3.80518e+06
10	3.77303e+06
11	3.76859e+06
12	3.7636e+06
13	3.81289e+06
14	3.78399e+06
15	3.78626e+06
16	3.79365e+06
17	3.75457e+06
18	3.78033e+06
19	3.85389e+06
20	3.86345e+06
21	3.82663e+06
22	3.81984e+06
23	3.78482e+06
24	3.77897e+06
25	3.77384e+06
26	3.77363e+06
27	3.786e+06
28	3.78708e+06
29	3.78816e+06
30	3.82779e+06
31	3.84988e+06
32	3.84929e+06
33	3.88529e+06
34	3.9267e+06
35	4.00935e+06
36	4.04505e+06
37	4.0595e+06
38	4.06263e+06
39	4.01313e+06
40	3.97295e+06
41	3.95948e+06
42	4.03662e+06
43	3.99311e+06
44	3.99064e+06
45	4.00074e+06
46	4.00291e+06
47	4.02733e+06
48	4.01444e+06
49	4.02701e+06
50	4.02281e+06
51	3.97389e+06
52	3.9374e+06
53	3.91466e+06
54	3.90608e+06
55	3.89384e+06
56	3.89823e+06
57	3.92498e+06
58	3.91712e+06
59	3.97544e+06
60	4.00704e+06
61	4.01652e+06
62	4.02688e+06
63	4.02656e+06
64	4.073e+06
65	4.11362e+06
66	4.0555e+06
67	3.97595e+06
68	3.9319e+06
69	3.86967e+06
70	3.82768e+06
71	3.76915e+06
72	3.78453e+06
73	3.76402e+06
74	3.78339e+06
75	3.83267e+06
76	3.88595e+06
77	3.90885e+06
78	3.9081e+06
79	3.93255e+06
80	3.97119e+06
81	4.03686e+06
82	4.10166e+06
83	4.1098e+06
84	4.12149e+06
85	4.13488e+06
86	4.13664e+06
87	4.04394e+06
88	3.93516e+06
89	3.8976e+06
90	3.84193e+06
91	3.75298e+06
92	3.7273e+06
93	3.65855e+06
94	3.66076e+06
95	3.68082e+06
96	3.80591e+06
97	3.85692e+06
98	3.89239e+06
99	3.90028e+06
100	3.94929e+06
101	3.94148e+06
102	3.93622e+06
103	3.93914e+06
104	3.97174e+06
105	3.94422e+06
106	3.96462e+06
107	3.99453e+06
108	3.96998e+06
109	3.97652e+06
110	3.9348e+06
111	3.87722e+06
112	3.87783e+06
113	3.8546e+06
114	3.82452e+06
115	3.82949e+06
116	3.78095e+06
117	3.75051e+06
118	3.71187e+06
119	3.69742e+06
120	3.63868e+06
121	3.57147e+06
122	3.44519e+06
123	3.3563e+06
124	3.31745e+06
125	3.28563e+06
126	3.32863e+06
127	3.30332e+06
128	3.2701e+06
129	3.22009e+06
130	3.18913e+06
131	3.13786e+06
132	3.10448e+06
133	3.08804e+06
134	3.04553e+06
135	3.03676e+06
136	3.02991e+06
137	2.98657e+06
138	2.96857e+06
139	2.93691e+06
140	2.93165e+06
141	2.91036e+06
142	2.86861e+06
143	2.86147e+06
144	2.85076e+06
145	2.83722e+06
146	2.83248e+06
147	2.82775e+06
148	2.82775e+06
149	2.82775e+06
150	2.82775e+06
151	2.82775e+06
152	2.82775e+06
153	2.82775e+06
154	2.82775e+06
155	2.82775e+06
156	2.82775e+06
157	2.82775e+06
158	2.82775e+06
159	2.82775e+06
160	2.82775e+06
161	2.82775e+06
162	2.82775e+06
163	2.82775e+06
164	2.82775e+06
165	2.82775e+06
166	2.82775e+06
167	2.82775e+06
168	2.82775e+06
169	2.80139e+06
170	1.57272e+06
171	63165.5
172	63165.5
173	63165.5
174	63165.5
175	1298.9
176	1298.9
177	1298.9
178	1298.9
179	1083.22
