Generation	Geometric_mean
1	249.581
2	249.581
3	249.581
4	249.581
5	33553
6	33553
7	33553
8	33553
9	37977.8
10	39592.8
11	39897
12	39964
13	40203.2
14	40615.4
15	41077.9
16	41002.6
17	40871.6
18	41131.1
19	41096.7
20	40797.2
21	40907.3
22	40034.1
23	39846.4
24	39732.4
25	39222.6
26	38308.4
27	38400.4
28	38617.3
29	39291.5
30	38955.6
31	37484.4
32	36120.4
33	34959.8
34	33424.8
35	31900.4
36	31202.5
37	30797.4
38	30106
39	29104.7
40	26390.5
41	22721.9
42	18837.6
43	16306.4
44	13818
45	11010
46	7885.97
47	5733.91
48	4145.36
49	3683.58
50	3319.05
51	3148.51
52	3169.91
53	3040.27
54	3015.12
55	2992.65
56	2982
57	2908.6
58	2787.44
59	2616
60	2503.78
61	2479.35
62	2421.77
63	2462.6
64	2474.37
65	2483.71
66	2537.96
67	2569.38
68	2582.1
69	2608.87
70	2652.55
71	2721.29
72	2777.31
73	2824.03
74	2860.53
75	2882.44
76	2927.58
77	2856.22
78	2904.63
79	3010.83
80	3272.48
81	4234.35
82	5207.63
83	5795.89
84	7620.78
85	11365.7
86	13258.4
87	16429.5
88	20266.6
89	28627.3
90	32924.8
91	35713.2
92	40529.6
93	50226.1
94	57129.8
95	62099.1
96	64723.2
97	64982.4
98	66975.5
99	68797.7
100	67839.9
101	67828.1
102	67252.5
103	67084.9
104	67024.8
105	66244
106	66779.8
107	66207.9
108	65506.1
109	64349.9
110	65047.9
111	66149.8
112	66808.1
113	67476.5
114	69780.8
115	69720.1
116	68392.1
117	67538.3
118	67552.6
119	68158.1
120	68103
121	68941
122	69676.5
123	69904.2
124	70017.2
125	70340.4
126	70735.3
127	71106.4
128	70467.5
129	71121.2
130	71364.2
131	71487.3
132	72004.7
133	74536
134	75917.6
135	77108.8
136	77922.8
137	79477.9
138	80429
139	80378.8
140	79897.6
141	79898.4
142	80105.6
143	79919
144	79993.5
145	81497
146	81920.2
147	83784.9
148	84445.4
149	86378.1
150	89237.1
151	90488.6
152	92194.7
153	92700.7
154	92341.6
155	92117.2
156	92287.3
157	92308.1
158	92440.1
159	92306.7
160	92306.7
161	92220.4
162	92220.4
163	92220.4
164	92220.4
165	92220.4
166	92220.4
167	92220.4
168	92220.4
169	92220.4
170	92220.4
171	92220.4
172	92220.4
173	92220.4
174	92220.4
175	92220.4
176	92220.4
177	92220.4
178	92220.4
179	92220.4
180	92220.4
181	92220.4
182	92220.4
183	92220.4
184	92220.4
185	92220.4
186	92220.4
187	92220.4
188	92220.4
189	92220.4
190	87649
191	66778.3
192	28930.5
193	3576.22
194	3576.22
195	3576.22
196	3576.22
197	3228.35
