Generation	Geometric_mean
1	749.052
2	749.052
3	749.052
4	749.052
5	822.362
6	834.99
7	838.461
8	841.159
9	886.933
10	897.512
11	903.316
12	913.147
13	915.182
14	922.386
15	926.913
16	915.502
17	915.994
18	919.009
19	908.819
20	880.681
21	882.48
22	901.479
23	1017.43
24	5492.79
25	32852.9
26	74282.2
27	98984.6
28	136108
29	133191
30	144819
31	148339
32	143027
33	157398
34	155143
35	153872
36	152738
37	154786
38	155486
39	155597
40	153832
41	151374
42	151646
43	149480
44	148175
45	149212
46	151612
47	153978
48	154626
49	156601
50	158303
51	158149
52	158489
53	158026
54	157496
55	160411
56	165606
57	172638
58	181316
59	183078
60	192412
61	196602
62	196719
63	192946
64	191261
65	188695
66	189461
67	191924
68	197529
69	198167
70	203581
71	209509
72	208859
73	207723
74	210087
75	215083
76	211737
77	211988
78	209909
79	205282
80	201284
81	199570
82	200829
83	200945
84	201065
85	199909
86	197132
87	196787
88	194138
89	194199
90	192955
91	189471
92	187791
93	191062
94	192398
95	195556
96	193600
97	193853
98	197122
99	201014
100	203344
101	202832
102	202128
103	198835
104	194867
105	189619
106	185630
107	183067
108	183312
109	183850
110	186776
111	187353
112	192075
113	194049
114	195278
115	196832
116	192699
117	191262
118	191508
119	192255
120	188809
121	187419
122	185766
123	185450
124	188331
125	189182
126	182625
127	179291
128	174079
129	174113
130	174970
131	173682
132	174716
133	176612
134	173302
135	173552
136	169825
137	166767
138	164383
139	160784
140	154295
141	146238
142	141126
143	138993
144	137597
145	136666
146	136602
147	137788
148	138417
149	138809
150	138282
151	137745
152	136457
153	135777
154	133581
155	130897
156	128479
157	127182
158	125298
159	124667
160	123976
161	123044
162	119886
163	118533
164	115398
165	114508
166	113092
167	113092
168	113092
169	113092
170	113092
171	113092
172	113092
173	113092
174	113092
175	113092
176	113092
177	113092
178	113092
179	113092
180	113092
181	113092
182	113092
183	113092
184	113092
185	113092
186	113092
187	113092
188	113092
189	113092
190	113092
191	113092
192	110972
193	2421.03
194	2421.03
195	2421.03
196	2421.03
197	2038.57
