Generation	Geometric_mean
1	209.893
2	209.893
3	209.893
4	209.893
5	183330
6	183330
7	183330
8	183330
9	183358
10	185493
11	184683
12	184596
13	182854
14	183501
15	185151
16	184093
17	190610
18	191986
19	191652
20	191444
21	193941
22	196271
23	196260
24	196715
25	195721
26	197828
27	198253
28	199061
29	198055
30	196787
31	195950
32	195565
33	195054
34	191413
35	189060
36	188138
37	182398
38	177912
39	175861
40	177825
41	179426
42	178914
43	180576
44	176538
45	172686
46	167350
47	161548
48	155144
49	153383
50	140290
51	138646
52	135874
53	133179
54	134190
55	135368
56	132832
57	131179
58	129302
59	131707
60	132424
61	136150
62	135742
63	132463
64	124415
65	116210
66	108935
67	94115.9
68	92559.4
69	88171.8
70	84599.1
71	80250.6
72	77425.6
73	75765
74	71855.3
75	64934.5
76	50833
77	40717.8
78	24446.5
79	13203.6
80	8898.66
81	5640.86
82	4115.99
83	3269.57
84	2939.35
85	2703.46
86	2481.6
87	2405.19
88	2349.94
89	2244.11
90	2019.4
91	1962.57
92	1911.36
93	1885.25
94	1878.75
95	1820.76
96	1782.28
97	1738.38
98	1715.7
99	1692.62
100	1716.32
101	1709.96
102	1706.08
103	1722.33
104	1728.55
105	1726.04
106	1752.05
107	1775.39
108	1779.54
109	1775.14
110	1777.24
111	1778.5
112	1793.11
113	1891.27
114	1975.08
115	2083.02
116	2172.83
117	2222.35
118	2264.05
119	2289.02
120	2364.81
121	2529.76
122	2631.98
123	2695.26
124	2728.89
125	3000.25
126	3526.72
127	3841.96
128	4461.01
129	6631.3
130	12864
131	19065.9
132	24816.9
133	33245.3
134	49743.7
135	68049.9
136	93144.4
137	113475
138	136543
139	149868
140	172454
141	191331
142	206208
143	224405
144	236822
145	253181
146	259105
147	265361
148	282902
149	291685
150	302354
151	310750
152	315530
153	325269
154	338671
155	348287
156	353556
157	355902
158	358793
159	360879
160	366381
161	369211
162	377855
163	380756
164	383664
165	383664
166	383664
167	383664
168	383664
169	383664
170	383664
171	383664
172	383664
173	383664
174	383664
175	383664
176	383664
177	383664
178	383664
179	383664
180	383664
181	383664
182	383664
183	383664
184	383664
185	383664
186	383664
187	383664
188	383664
189	383664
190	383664
191	383664
192	383664
193	383664
194	383664
195	383664
196	383664
197	399840
