Generation	Geometric_mean
1	258.029
2	258.029
3	258.029
4	258.029
5	20013.5
6	20013.5
7	20013.5
8	20013.5
9	22434.2
10	22883.8
11	22861.9
12	22861.9
13	23148.1
14	23653.6
15	23834.5
16	23927.1
17	24747.2
18	25157.1
19	25769.4
20	25958.6
21	25845.3
22	25534.9
23	24663.9
24	24336.7
25	23878.8
26	23944.2
27	23925.2
28	23749.5
29	23454.9
30	22759.9
31	21770.1
32	20692.1
33	20327
34	19738.4
35	18238.4
36	15563.6
37	12606.3
38	10699.4
39	5971.96
40	2991.05
41	2146.8
42	1799.41
43	1460.27
44	1371.71
45	1315.89
46	1293.36
47	1287.44
48	1247.07
49	1201.53
50	1201.24
51	1192.1
52	1170.84
53	1215.42
54	1239.04
55	1270
56	1341.31
57	1395.15
58	1433.5
59	1495.97
60	1548.07
61	1739.02
62	3030.04
63	7492.7
64	18892.8
65	72899
66	276722
67	799310
68	1.27024e+06
69	1.51575e+06
70	1.58811e+06
71	1.75822e+06
72	1.74442e+06
73	1.70673e+06
74	1.74431e+06
75	1.8269e+06
76	1.98166e+06
77	2.10497e+06
78	2.07739e+06
79	2.09524e+06
80	2.09178e+06
81	2.08317e+06
82	2.09185e+06
83	2.1072e+06
84	2.1329e+06
85	2.15202e+06
86	2.15781e+06
87	2.13243e+06
88	2.09828e+06
89	2.08105e+06
90	2.05017e+06
91	2.03606e+06
92	2.07065e+06
93	2.06327e+06
94	2.07858e+06
95	2.07536e+06
96	2.08279e+06
97	2.07492e+06
98	2.05107e+06
99	2.05467e+06
100	2.06313e+06
101	2.02136e+06
102	2.03786e+06
103	2.04166e+06
104	1.98818e+06
105	1.96531e+06
106	1.9497e+06
107	1.97534e+06
108	2.00184e+06
109	2.06948e+06
110	2.08556e+06
111	2.0803e+06
112	2.10027e+06
113	2.08147e+06
114	2.06927e+06
115	2.05483e+06
116	2.08692e+06
117	2.0876e+06
118	2.09991e+06
119	2.10624e+06
120	2.09995e+06
121	2.08544e+06
122	2.10327e+06
123	2.13526e+06
124	2.08716e+06
125	2.07828e+06
126	2.06916e+06
127	2.07848e+06
128	2.02821e+06
129	2.04177e+06
130	2.05708e+06
131	2.05872e+06
132	2.05238e+06
133	2.01777e+06
134	2.01447e+06
135	2.01296e+06
136	2.01523e+06
137	2.04355e+06
138	2.07058e+06
139	2.0813e+06
140	2.10773e+06
141	2.14391e+06
142	2.15702e+06
143	2.1847e+06
144	2.21829e+06
145	2.21603e+06
146	2.23709e+06
147	2.25835e+06
148	2.28604e+06
149	2.30396e+06
150	2.31657e+06
151	2.33582e+06
152	2.33978e+06
153	2.3535e+06
154	2.3588e+06
155	2.36219e+06
156	2.36221e+06
157	2.36221e+06
158	2.36197e+06
159	2.36164e+06
160	2.36178e+06
161	2.36178e+06
162	2.36178e+06
163	2.36178e+06
164	2.36178e+06
165	2.36178e+06
166	2.36178e+06
167	2.36178e+06
168	2.36178e+06
169	2.36178e+06
170	2.36178e+06
171	2.36178e+06
172	2.36178e+06
173	2.36178e+06
174	2.36178e+06
175	2.36178e+06
176	2.36178e+06
177	2.36178e+06
178	2.36178e+06
179	2.36178e+06
180	2.36178e+06
181	2.36178e+06
182	2.36178e+06
183	2.36178e+06
184	2.36178e+06
185	2.36178e+06
186	2.36178e+06
187	2.36178e+06
188	2.36178e+06
189	2.36178e+06
190	2.36178e+06
191	2.36178e+06
192	2.36178e+06
193	2.36178e+06
194	2.36178e+06
195	2.36178e+06
196	2.36178e+06
197	2.3721e+06
