Generation	Geometric_mean
1	143.31
2	143.31
3	143.31
4	143.31
5	4.39346e+06
6	4.39346e+06
7	4.39346e+06
8	4.39346e+06
9	4.58613e+06
10	4.60477e+06
11	4.60589e+06
12	4.60741e+06
13	4.68066e+06
14	4.72429e+06
15	4.73992e+06
16	4.74545e+06
17	4.79732e+06
18	4.80961e+06
19	4.80987e+06
20	4.81449e+06
21	4.82096e+06
22	4.82396e+06
23	4.83357e+06
24	4.83611e+06
25	4.8394e+06
26	4.83941e+06
27	4.84234e+06
28	4.84873e+06
29	4.84646e+06
30	4.83861e+06
31	4.8411e+06
32	4.8471e+06
33	4.85571e+06
34	4.86292e+06
35	4.86364e+06
36	4.85652e+06
37	4.83647e+06
38	4.81748e+06
39	4.80206e+06
40	4.79343e+06
41	4.79228e+06
42	4.78937e+06
43	4.79267e+06
44	4.80755e+06
45	4.81516e+06
46	4.8106e+06
47	4.80085e+06
48	4.78424e+06
49	4.77155e+06
50	4.76917e+06
51	4.7822e+06
52	4.79866e+06
53	4.7923e+06
54	4.76079e+06
55	4.7582e+06
56	4.75577e+06
57	4.76943e+06
58	4.78651e+06
59	4.81464e+06
60	4.80392e+06
61	4.79765e+06
62	4.80905e+06
63	4.81127e+06
64	4.82598e+06
65	4.83069e+06
66	4.81764e+06
67	4.8049e+06
68	4.79636e+06
69	4.77189e+06
70	4.77575e+06
71	4.77555e+06
72	4.78399e+06
73	4.77117e+06
74	4.78035e+06
75	4.783e+06
76	4.76573e+06
77	4.74868e+06
78	4.73089e+06
79	4.71054e+06
80	4.71214e+06
81	4.73685e+06
82	4.69806e+06
83	4.68853e+06
84	4.70522e+06
85	4.70548e+06
86	4.72541e+06
87	4.74194e+06
88	4.73942e+06
89	4.73777e+06
90	4.70081e+06
91	4.71919e+06
92	4.72193e+06
93	4.71812e+06
94	4.75446e+06
95	4.73646e+06
96	4.72628e+06
97	4.71199e+06
98	4.71632e+06
99	4.73506e+06
100	4.73488e+06
101	4.75291e+06
102	4.74828e+06
103	4.73492e+06
104	4.71496e+06
105	4.68739e+06
106	4.68777e+06
107	4.67058e+06
108	4.64807e+06
109	4.63328e+06
110	4.5921e+06
111	4.57413e+06
112	4.6129e+06
113	4.64447e+06
114	4.67831e+06
115	4.68547e+06
116	4.68117e+06
117	4.68659e+06
118	4.67169e+06
119	4.66558e+06
120	4.64804e+06
121	4.62043e+06
122	4.62295e+06
123	4.63507e+06
124	4.65674e+06
125	4.66655e+06
126	4.69359e+06
127	4.71738e+06
128	4.73878e+06
129	4.75921e+06
130	4.77765e+06
131	4.80413e+06
132	4.82949e+06
133	4.84818e+06
134	4.86549e+06
135	4.87471e+06
136	4.87601e+06
137	4.87791e+06
138	4.88218e+06
139	4.88418e+06
140	4.88346e+06
141	4.88346e+06
142	4.88346e+06
143	4.88346e+06
144	4.88346e+06
145	4.88361e+06
146	4.88361e+06
147	4.88361e+06
148	4.88361e+06
149	4.88361e+06
150	4.88361e+06
151	4.88361e+06
152	4.88361e+06
153	4.88361e+06
154	4.88361e+06
155	4.88361e+06
156	4.88361e+06
157	4.88361e+06
158	4.88361e+06
159	4.88361e+06
160	4.88361e+06
161	4.88361e+06
162	4.88361e+06
163	4.88361e+06
164	4.88361e+06
165	4.88361e+06
166	4.88361e+06
167	4.88361e+06
168	4.88361e+06
169	4.88361e+06
170	4.88361e+06
171	4.88361e+06
172	4.88361e+06
173	4.88361e+06
174	4.89164e+06
