Generation	Geometric_mean
1	139.427
2	139.427
3	139.427
4	139.427
5	3.74873e+06
6	3.74873e+06
7	3.74873e+06
8	3.74873e+06
9	3.87056e+06
10	3.94557e+06
11	3.95577e+06
12	3.95925e+06
13	4.00457e+06
14	3.98813e+06
15	3.98873e+06
16	3.99875e+06
17	4.0785e+06
18	4.18882e+06
19	4.21033e+06
20	4.23293e+06
21	4.2694e+06
22	4.26217e+06
23	4.22725e+06
24	4.15182e+06
25	4.07423e+06
26	4.04696e+06
27	4.05461e+06
28	4.0947e+06
29	4.12319e+06
30	4.16986e+06
31	4.18284e+06
32	4.21436e+06
33	4.24621e+06
34	4.2311e+06
35	4.26075e+06
36	4.25981e+06
37	4.27503e+06
38	4.35491e+06
39	4.38994e+06
40	4.37268e+06
41	4.33106e+06
42	4.29564e+06
43	4.18616e+06
44	4.1155e+06
45	4.06086e+06
46	4.00549e+06
47	4.05074e+06
48	4.07297e+06
49	4.07098e+06
50	4.05243e+06
51	4.05682e+06
52	4.02977e+06
53	4.02243e+06
54	4.02016e+06
55	4.00631e+06
56	4.02043e+06
57	4.04634e+06
58	4.02859e+06
59	3.95767e+06
60	3.89989e+06
61	3.83337e+06
62	3.78241e+06
63	3.81348e+06
64	3.80939e+06
65	3.80599e+06
66	3.84175e+06
67	3.83897e+06
68	3.85202e+06
69	3.87141e+06
70	3.8812e+06
71	3.85943e+06
72	3.8121e+06
73	3.8147e+06
74	3.80003e+06
75	3.79744e+06
76	3.82967e+06
77	3.86191e+06
78	3.91958e+06
79	3.96936e+06
80	4.00867e+06
81	4.00457e+06
82	4.02963e+06
83	4.03877e+06
84	4.0312e+06
85	3.96866e+06
86	3.90178e+06
87	3.87492e+06
88	3.8862e+06
89	3.91981e+06
90	3.98851e+06
91	3.97248e+06
92	3.95063e+06
93	3.90791e+06
94	3.87497e+06
95	3.82908e+06
96	3.78146e+06
97	3.76379e+06
98	3.69925e+06
99	3.65559e+06
100	3.64533e+06
101	3.66755e+06
102	3.71964e+06
103	3.72329e+06
104	3.69509e+06
105	3.73132e+06
106	3.69135e+06
107	3.68912e+06
108	3.67634e+06
109	3.68352e+06
110	3.70805e+06
111	3.73842e+06
112	3.75355e+06
113	3.79502e+06
114	3.80511e+06
115	3.83033e+06
116	3.84799e+06
117	3.85371e+06
118	3.84887e+06
119	3.80841e+06
120	3.77732e+06
121	3.76681e+06
122	3.78066e+06
123	3.76155e+06
124	3.74622e+06
125	3.72067e+06
126	3.73125e+06
127	3.73979e+06
128	3.73213e+06
129	3.76939e+06
130	3.77993e+06
131	3.80271e+06
132	3.79913e+06
133	3.80409e+06
134	3.77598e+06
135	3.73735e+06
136	3.65768e+06
137	3.50503e+06
138	3.4305e+06
139	3.30886e+06
140	3.09692e+06
141	2.87838e+06
142	2.64064e+06
143	2.40752e+06
144	1.9988e+06
145	1.79305e+06
146	1.5333e+06
147	1.12901e+06
148	680862
149	268484
150	263482
151	245294
152	153476
153	9065.58
154	9065.58
155	9065.58
156	9065.58
157	189.013
158	189.013
159	189.013
160	189.013
161	189.013
162	189.013
163	189.013
164	189.013
165	189.013
166	189.013
167	189.013
168	189.013
169	189.013
170	189.013
171	189.013
172	189.013
173	189.013
174	189.013
175	189.013
176	189.013
177	189.013
178	189.013
179	189.013
180	226.809
