Generation	Geometric_mean
1	127.538
2	127.538
3	127.538
4	127.538
5	4.21994e+06
6	4.21994e+06
7	4.21994e+06
8	4.21994e+06
9	4.47737e+06
10	4.56222e+06
11	4.55848e+06
12	4.55658e+06
13	4.65032e+06
14	4.71221e+06
15	4.74514e+06
16	4.75471e+06
17	4.78081e+06
18	4.78502e+06
19	4.7895e+06
20	4.79164e+06
21	4.79278e+06
22	4.79283e+06
23	4.7796e+06
24	4.74896e+06
25	4.74681e+06
26	4.74934e+06
27	4.75646e+06
28	4.79742e+06
29	4.79554e+06
30	4.80695e+06
31	4.81246e+06
32	4.80872e+06
33	4.79812e+06
34	4.79476e+06
35	4.79501e+06
36	4.79648e+06
37	4.80155e+06
38	4.78823e+06
39	4.77489e+06
40	4.7628e+06
41	4.7622e+06
42	4.78403e+06
43	4.79343e+06
44	4.79824e+06
45	4.81178e+06
46	4.81361e+06
47	4.82032e+06
48	4.82656e+06
49	4.83375e+06
50	4.82114e+06
51	4.80304e+06
52	4.79513e+06
53	4.78337e+06
54	4.7901e+06
55	4.79492e+06
56	4.78484e+06
57	4.78201e+06
58	4.7769e+06
59	4.77304e+06
60	4.75472e+06
61	4.72943e+06
62	4.70564e+06
63	4.69232e+06
64	4.69553e+06
65	4.70402e+06
66	4.71937e+06
67	4.74224e+06
68	4.75568e+06
69	4.76671e+06
70	4.76112e+06
71	4.72619e+06
72	4.72414e+06
73	4.71937e+06
74	4.71433e+06
75	4.74559e+06
76	4.74113e+06
77	4.7267e+06
78	4.72128e+06
79	4.68772e+06
80	4.67646e+06
81	4.66876e+06
82	4.63069e+06
83	4.6551e+06
84	4.67317e+06
85	4.68456e+06
86	4.696e+06
87	4.71538e+06
88	4.71156e+06
89	4.70547e+06
90	4.69713e+06
91	4.70164e+06
92	4.71402e+06
93	4.6863e+06
94	4.68578e+06
95	4.67411e+06
96	4.67955e+06
97	4.69991e+06
98	4.69223e+06
99	4.69845e+06
100	4.70666e+06
101	4.71109e+06
102	4.70587e+06
103	4.70071e+06
104	4.65596e+06
105	4.63204e+06
106	4.60367e+06
107	4.56551e+06
108	4.57212e+06
109	4.57666e+06
110	4.60656e+06
111	4.62506e+06
112	4.66696e+06
113	4.69728e+06
114	4.70327e+06
115	4.70947e+06
116	4.7114e+06
117	4.70537e+06
118	4.71555e+06
119	4.69168e+06
120	4.71138e+06
121	4.74076e+06
122	4.7711e+06
123	4.80592e+06
124	4.82222e+06
125	4.83039e+06
126	4.835e+06
127	4.8454e+06
128	4.85156e+06
129	4.85962e+06
130	4.87742e+06
131	4.87684e+06
132	4.88473e+06
133	4.89703e+06
134	4.9016e+06
135	4.90486e+06
136	4.90674e+06
137	4.90791e+06
138	4.90791e+06
139	4.90791e+06
140	4.90791e+06
141	4.90791e+06
142	4.90791e+06
143	4.90791e+06
144	4.90791e+06
145	4.90791e+06
146	4.90791e+06
147	4.90791e+06
148	4.90791e+06
149	4.90791e+06
150	4.90791e+06
151	4.90791e+06
152	4.90791e+06
153	4.90791e+06
154	4.90791e+06
155	4.90791e+06
156	4.90791e+06
157	4.90791e+06
158	4.90791e+06
159	4.90791e+06
160	4.90791e+06
161	4.90791e+06
162	4.90791e+06
163	4.90791e+06
164	4.90791e+06
165	4.90791e+06
166	4.90791e+06
167	4.90791e+06
168	4.90791e+06
169	4.90791e+06
170	4.90791e+06
171	4.90791e+06
172	4.90791e+06
173	4.9344e+06
