Generation	Geometric_mean
1	324.721
2	324.721
3	324.721
4	324.721
5	1041.19
6	1041.19
7	1165.82
8	1165.82
9	7149.78
10	7204.69
11	7486.67
12	7489.05
13	8378.43
14	8524.89
15	8618.88
16	8629.5
17	8607.81
18	8497.52
19	8353.67
20	8144.09
21	8285.37
22	8447.08
23	8501.28
24	8451.91
25	8396.41
26	8206.69
27	8067.11
28	8035.25
29	8014.52
30	7991.72
31	7777.98
32	7600.35
33	7572.39
34	7560.94
35	7671.65
36	7704.43
37	7839.87
38	7973.14
39	8043.99
40	8118.27
41	8151.72
42	7853.69
43	7618.74
44	7245.36
45	7155.01
46	6988.17
47	6974.36
48	6834.98
49	6572.9
50	6369.04
51	6222.21
52	6232.97
53	6220.64
54	6249.6
55	6228
56	6221.49
57	6168.19
58	6090.17
59	6000.56
60	5822.12
61	5607.01
62	5410
63	4927.05
64	4889
65	4844.96
66	4864.86
67	4841.32
68	4868.15
69	4899.39
70	4854.16
71	4775.74
72	4740.59
73	4646.15
74	4642.47
75	4609.73
76	4558.49
77	4499.56
78	4589.29
79	4586.97
80	4563.79
81	4538.12
82	4460.5
83	4464.48
84	4552.8
85	4538.47
86	4477.48
87	4337.16
88	4270.74
89	4264.81
90	4256.34
91	4248.98
92	4200.66
93	4149.56
94	4130.36
95	4086.61
96	4074.62
97	4071.27
98	4078.48
99	4139.94
100	4145.25
101	4246.83
102	4296.31
103	4318.07
104	4229
105	4068.35
106	3999.2
107	4024.21
108	4051.34
109	4011.94
110	3977.44
111	3922.2
112	3888.56
113	3896.61
114	3940.07
115	4054.33
116	4189.73
117	4212.88
118	4170.58
119	4124.11
120	4104.36
121	4058.92
122	4115.68
123	4200.92
124	4254.45
125	4200.08
126	4105.66
127	3978.72
128	3930.94
129	3911.65
130	3901
131	3909.56
132	3831.42
133	3797.6
134	3884.16
135	3935.87
136	4030.16
137	4080.81
138	4143.83
139	4194.19
140	4290.05
141	4464.03
142	4586.12
143	4641.99
144	4827.99
145	4934.96
146	5274.77
147	5473.42
148	5966.4
149	6387.74
150	6632.33
151	6865.64
152	6976.63
153	7100.37
154	7196.14
155	7370.11
156	7547.64
157	7721.69
158	8026.15
159	8243.82
160	8401.61
161	8457.29
162	8497.47
163	8546.55
164	8562.82
165	8578.18
166	8587.27
167	8587.27
168	8587.27
169	8587.27
170	8587.27
171	8629.87
172	8629.87
173	8865.09
174	9006.68
175	9196.85
176	9390.21
177	9537.99
178	9537.99
179	9537.99
180	9537.99
181	9537.99
182	9537.99
183	9537.99
184	9537.99
185	9537.99
186	9537.99
187	9537.99
188	9580.15
189	9624.55
190	9766
191	9896
192	11159.5
193	12547.5
194	12547.5
195	12547.5
196	12547.5
197	12943.3
