Generation	Geometric_mean
1	82.2015
2	82.2015
3	82.2015
4	82.2015
5	23350.2
6	23350.2
7	23350.2
8	23350.2
9	25768.4
10	25684.7
11	25745.8
12	25773.1
13	26062.6
14	26553.6
15	26637.1
16	26944
17	27808.3
18	28231.3
19	28177.9
20	28005.7
21	27370.6
22	27039.7
23	27264.4
24	27039.6
25	27779.4
26	28288.9
27	28103.7
28	28088.7
29	27566.7
30	26571.5
31	25840
32	25390.7
33	25000.5
34	24870.4
35	24936.3
36	25039.6
37	24893.3
38	24638.5
39	24302.6
40	23926.5
41	23419
42	22886.8
43	22350.8
44	22186.5
45	21880.7
46	21310.4
47	21251.7
48	21433.5
49	21049.6
50	20480.8
51	19615.4
52	19629
53	19509.3
54	18536.7
55	17903.9
56	17244.8
57	16820.1
58	16225.8
59	14692.1
60	14237.7
61	13502.1
62	13111.1
63	13351.6
64	12846
65	13144.8
66	12796.1
67	12385.5
68	11836.7
69	11077.2
70	10401
71	9512.34
72	9359.69
73	9130.29
74	8736.82
75	7766.76
76	7030.82
77	5142.12
78	2036.46
79	1049.62
80	464.641
81	336.66
82	257.608
83	216.497
84	174.163
85	162.432
86	145.996
87	137.478
88	132.593
89	130.455
90	127.096
91	124.982
92	123.954
93	121.403
94	121.038
95	125.369
96	134.453
97	139.481
98	144.858
99	147.961
100	151.492
101	161.957
102	184.192
103	224.189
104	403.294
105	785.427
106	6071.98
107	9772.36
108	28788.2
109	79416.1
110	118388
111	193913
112	219082
113	261448
114	267772
115	269398
116	275980
117	302876
118	320549
119	324925
120	327046
121	341576
122	376092
123	384042
124	383170
125	382233
126	403339
127	427617
128	462805
129	503866
130	540857
131	563438
132	578051
133	593648
134	618059
135	623810
136	620006
137	617684
138	622337
139	632229
140	655633
141	674974
142	686237
143	700459
144	714190
145	722428
146	721857
147	729557
148	742526
149	756035
150	767399
151	778245
152	780511
153	784649
154	784438
155	781320
156	786636
157	787811
158	788194
159	788194
160	788194
161	788194
162	788194
163	788194
164	788194
165	788194
166	788194
167	788194
168	788194
169	788194
170	788194
171	788194
172	788194
173	788194
174	788194
175	788194
176	788194
177	788194
178	788194
179	788194
180	788194
181	788194
182	788194
183	788194
184	788194
185	788194
186	788194
187	788194
188	788194
189	788194
190	788194
191	788194
192	788194
193	788194
194	788194
195	788194
196	788787
