Generation	Geometric_mean
1	108.646
2	108.646
3	108.646
4	108.646
5	3.56367e+06
6	3.56367e+06
7	3.56367e+06
8	3.56367e+06
9	3.81717e+06
10	3.90253e+06
11	3.91481e+06
12	3.91395e+06
13	3.94159e+06
14	3.96187e+06
15	3.98441e+06
16	3.99373e+06
17	4.02782e+06
18	4.06296e+06
19	4.06957e+06
20	4.04441e+06
21	4.06495e+06
22	4.06421e+06
23	4.02956e+06
24	4.01239e+06
25	3.98285e+06
26	3.92237e+06
27	3.90006e+06
28	3.90012e+06
29	3.93487e+06
30	3.96532e+06
31	3.94966e+06
32	3.9481e+06
33	3.96736e+06
34	3.96175e+06
35	3.97446e+06
36	4.04382e+06
37	4.04931e+06
38	4.01304e+06
39	3.98288e+06
40	3.97694e+06
41	3.92509e+06
42	3.87911e+06
43	3.91406e+06
44	3.95174e+06
45	4.0558e+06
46	4.10267e+06
47	4.1465e+06
48	4.12188e+06
49	4.08236e+06
50	4.07455e+06
51	4.0676e+06
52	4.07316e+06
53	4.02819e+06
54	4.09007e+06
55	4.12285e+06
56	4.14191e+06
57	4.13433e+06
58	4.13033e+06
59	4.16546e+06
60	4.16874e+06
61	4.11217e+06
62	4.15453e+06
63	4.1387e+06
64	4.14862e+06
65	4.13826e+06
66	4.12155e+06
67	4.11893e+06
68	4.104e+06
69	4.10939e+06
70	4.09887e+06
71	4.03207e+06
72	4.00525e+06
73	4.01757e+06
74	4.01098e+06
75	4.03132e+06
76	4.01425e+06
77	4.01178e+06
78	3.95204e+06
79	3.94011e+06
80	3.89935e+06
81	3.84429e+06
82	3.8467e+06
83	3.90133e+06
84	3.87259e+06
85	3.83547e+06
86	3.90904e+06
87	3.87648e+06
88	3.87359e+06
89	3.93971e+06
90	3.95043e+06
91	3.99684e+06
92	3.98697e+06
93	3.92782e+06
94	3.90707e+06
95	3.89794e+06
96	3.88168e+06
97	3.89756e+06
98	3.94215e+06
99	3.90004e+06
100	3.88975e+06
101	3.85057e+06
102	3.78181e+06
103	3.74106e+06
104	3.6937e+06
105	3.71284e+06
106	3.74211e+06
107	3.71884e+06
108	3.66444e+06
109	3.63077e+06
110	3.63472e+06
111	3.64504e+06
112	3.67916e+06
113	3.72149e+06
114	3.67653e+06
115	3.70044e+06
116	3.67206e+06
117	3.62805e+06
118	3.55481e+06
119	3.51277e+06
120	3.55143e+06
121	3.55976e+06
122	3.53107e+06
123	3.49762e+06
124	3.45951e+06
125	3.45023e+06
126	3.40558e+06
127	3.38434e+06
128	3.35174e+06
129	3.31521e+06
130	3.22204e+06
131	3.17642e+06
132	3.06375e+06
133	2.99675e+06
134	2.92457e+06
135	2.87537e+06
136	2.8575e+06
137	2.85532e+06
138	2.85665e+06
139	2.83398e+06
140	2.8369e+06
141	2.82457e+06
142	2.8074e+06
143	2.79717e+06
144	2.79869e+06
145	2.78645e+06
146	2.7757e+06
147	2.76413e+06
148	2.75533e+06
149	2.75232e+06
150	2.74988e+06
151	2.74988e+06
152	2.74988e+06
153	2.74988e+06
154	2.74988e+06
155	2.74988e+06
156	2.74988e+06
157	2.74988e+06
158	2.74988e+06
159	2.74988e+06
160	2.74988e+06
161	2.74988e+06
162	2.74988e+06
163	2.74988e+06
164	2.74988e+06
165	2.74988e+06
166	2.74988e+06
167	2.74988e+06
168	2.74988e+06
169	2.74988e+06
170	2.74988e+06
171	2.74988e+06
172	2.74988e+06
173	2.74988e+06
174	2.74988e+06
175	1.72907e+06
176	59998
177	59998
178	59998
179	59998
180	1228.89
181	1228.89
182	1228.89
183	1228.89
184	1024.52
