Generation	Geometric_mean
1	237.212
2	237.212
3	237.212
4	237.212
5	114224
6	114224
7	114224
8	114224
9	104017
10	101396
11	101277
12	101298
13	102684
14	102884
15	103414
16	103243
17	104426
18	106849
19	107674
20	108715
21	108610
22	106379
23	107222
24	108930
25	111368
26	111547
27	111062
28	106750
29	105415
30	109371
31	111758
32	115542
33	116823
34	117513
35	113066
36	107730
37	101379
38	96561.8
39	94298.4
40	93004
41	90107.5
42	89028.5
43	88473.8
44	87836.1
45	87301.1
46	84496.5
47	84787.2
48	83988.1
49	84199.3
50	84519.4
51	83874.2
52	82568.2
53	80913.6
54	71811.5
55	68640.8
56	64638
57	59529.8
58	57553.5
59	54246.8
60	49707.9
61	37905.5
62	33304.8
63	29013.7
64	23806.1
65	16319.3
66	9075.53
67	5710.03
68	4282.02
69	2780.78
70	2402.48
71	2093.03
72	2008.5
73	1913.02
74	1861.28
75	1788.55
76	1692
77	1607.49
78	1540.5
79	1505.61
80	1538.92
81	1574.3
82	1595.2
83	1629.08
84	1645.24
85	1639.22
86	1637.38
87	1611.85
88	1602.21
89	1623.53
90	1630.79
91	1644.53
92	1668.74
93	1712.89
94	1710
95	1769.51
96	1836.73
97	1866.51
98	1886.91
99	1986.75
100	2080.01
101	2290.85
102	2415.56
103	2727.49
104	2880.35
105	3145.14
106	3282.02
107	3658.51
108	3958.02
109	4423.73
110	4820.81
111	5074.33
112	5578.88
113	5986.35
114	6493.28
115	7111.26
116	7476.2
117	7758.23
118	7836
119	7980.13
120	8096.82
121	8141.86
122	8295.47
123	8373.7
124	8321.12
125	8435.24
126	8764.32
127	9061.14
128	9394.27
129	9587.68
130	9716.82
131	9766.09
132	9928.62
133	9995.57
134	10063
135	10170.5
136	10179.5
137	10345.3
138	10444.1
139	10428.1
140	10340.1
141	10261
142	10248.9
143	10089.7
144	10015.4
145	9901.06
146	9800.63
147	9650.71
148	9586.64
149	9425.66
150	9275.29
151	9041.38
152	8757.51
153	8422.68
154	8168.93
155	7941.26
156	7888.85
157	7813.71
158	7787.72
159	7747.58
160	7724.62
161	7693.27
162	7672.62
163	7621.8
164	7621.8
165	7621.8
166	7621.8
167	7621.8
168	7621.8
169	7621.8
170	7621.8
171	7621.8
172	7621.8
173	7621.8
174	7621.8
175	7621.8
176	7621.8
177	7621.8
178	7621.8
179	7621.8
180	7621.8
181	7621.8
182	7621.8
183	7621.8
184	7621.8
185	7621.8
186	7621.8
187	7621.8
188	7621.8
189	7621.8
190	7621.8
191	7621.8
192	7621.8
193	7621.8
194	7621.8
195	7621.8
196	7621.8
197	7411.69
