Generation	Geometric_mean
1	111.128
2	111.128
3	111.128
4	111.128
5	111.128
6	1.66193e+06
7	1.66193e+06
8	1.66193e+06
9	1.66193e+06
10	2.81218e+06
11	3.19792e+06
12	3.21264e+06
13	3.21919e+06
14	3.47748e+06
15	3.59611e+06
16	3.57275e+06
17	3.5673e+06
18	3.61716e+06
19	3.61644e+06
20	3.63502e+06
21	3.66308e+06
22	3.65932e+06
23	3.62799e+06
24	3.51896e+06
25	3.47129e+06
26	3.50918e+06
27	3.48462e+06
28	3.52241e+06
29	3.51829e+06
30	3.5375e+06
31	3.53236e+06
32	3.55092e+06
33	3.60697e+06
34	3.63735e+06
35	3.6631e+06
36	3.73156e+06
37	3.73806e+06
38	3.69749e+06
39	3.67371e+06
40	3.67494e+06
41	3.73494e+06
42	3.69152e+06
43	3.72696e+06
44	3.69488e+06
45	3.63011e+06
46	3.6218e+06
47	3.63202e+06
48	3.6175e+06
49	3.63081e+06
50	3.65802e+06
51	3.64353e+06
52	3.66223e+06
53	3.6447e+06
54	3.66063e+06
55	3.68255e+06
56	3.71501e+06
57	3.70966e+06
58	3.74444e+06
59	3.76052e+06
60	3.76452e+06
61	3.81999e+06
62	3.7707e+06
63	3.77935e+06
64	3.74687e+06
65	3.69874e+06
66	3.66257e+06
67	3.65458e+06
68	3.65497e+06
69	3.71099e+06
70	3.68748e+06
71	3.73458e+06
72	3.81437e+06
73	3.78343e+06
74	3.75401e+06
75	3.61548e+06
76	3.52178e+06
77	3.4662e+06
78	3.44442e+06
79	3.48111e+06
80	3.56025e+06
81	3.57902e+06
82	3.5492e+06
83	3.51452e+06
84	3.53442e+06
85	3.53301e+06
86	3.58325e+06
87	3.61942e+06
88	3.57968e+06
89	3.62516e+06
90	3.71455e+06
91	3.72383e+06
92	3.74119e+06
93	3.75957e+06
94	3.68016e+06
95	3.61684e+06
96	3.5567e+06
97	3.52479e+06
98	3.59416e+06
99	3.6471e+06
100	3.67145e+06
101	3.70241e+06
102	3.67666e+06
103	3.63016e+06
104	3.65117e+06
105	3.60847e+06
106	3.63593e+06
107	3.62223e+06
108	3.63334e+06
109	3.61942e+06
110	3.56544e+06
111	3.48e+06
112	3.39609e+06
113	3.3654e+06
114	3.36216e+06
115	3.43009e+06
116	3.39875e+06
117	3.4039e+06
118	3.40343e+06
119	3.43357e+06
120	3.45446e+06
121	3.49688e+06
122	3.53615e+06
123	3.5498e+06
124	3.59788e+06
125	3.58293e+06
126	3.62413e+06
127	3.62531e+06
128	3.60617e+06
129	3.58404e+06
130	3.6002e+06
131	3.63759e+06
132	3.66269e+06
133	3.69815e+06
134	3.72831e+06
135	3.74644e+06
136	3.76785e+06
137	3.7942e+06
138	3.83416e+06
139	3.87325e+06
140	3.90397e+06
141	3.9357e+06
142	3.94708e+06
143	3.98692e+06
144	3.99866e+06
145	3.99688e+06
146	3.99859e+06
147	3.99782e+06
148	3.99779e+06
149	4.00042e+06
150	4.00195e+06
151	4.00195e+06
152	4.00195e+06
153	4.00195e+06
154	4.00195e+06
155	4.00195e+06
156	4.00195e+06
157	4.00195e+06
158	4.00195e+06
159	4.00195e+06
160	4.00195e+06
161	4.00195e+06
162	4.00195e+06
163	4.00195e+06
164	4.00195e+06
165	4.00195e+06
166	4.00195e+06
167	4.00195e+06
168	4.00195e+06
169	4.00195e+06
170	4.00195e+06
171	3.73257e+06
172	3.14842e+06
173	1.58458e+06
174	129631
175	129631
176	129631
177	129631
178	2830.06
179	2830.06
180	2830.06
181	2830.06
182	2366.79
