Generation	Geometric_mean
1	2641.32
2	2641.32
3	2641.32
4	2641.32
5	2475.95
6	185.788
7	144.058
8	140.122
9	140.122
10	454062
11	2.53072e+06
12	3.25933e+06
13	3.25933e+06
14	3.14931e+06
15	3.2101e+06
16	3.25417e+06
17	3.25254e+06
18	3.40407e+06
19	3.39161e+06
20	3.37596e+06
21	3.34481e+06
22	3.35087e+06
23	3.32914e+06
24	3.33208e+06
25	3.36139e+06
26	3.31825e+06
27	3.31409e+06
28	3.29691e+06
29	3.32961e+06
30	3.42105e+06
31	3.43051e+06
32	3.44951e+06
33	3.45601e+06
34	3.4486e+06
35	3.45224e+06
36	3.536e+06
37	3.5781e+06
38	3.60658e+06
39	3.60095e+06
40	3.59041e+06
41	3.53566e+06
42	3.52372e+06
43	3.47109e+06
44	3.50843e+06
45	3.5261e+06
46	3.53336e+06
47	3.55242e+06
48	3.56436e+06
49	3.56259e+06
50	3.51029e+06
51	3.51809e+06
52	3.53253e+06
53	3.52947e+06
54	3.588e+06
55	3.59639e+06
56	3.552e+06
57	3.49964e+06
58	3.4559e+06
59	3.43842e+06
60	3.42226e+06
61	3.46729e+06
62	3.58056e+06
63	3.62315e+06
64	3.64859e+06
65	3.65925e+06
66	3.69481e+06
67	3.748e+06
68	3.78816e+06
69	3.79688e+06
70	3.77766e+06
71	3.74872e+06
72	3.72339e+06
73	3.72302e+06
74	3.79017e+06
75	3.82369e+06
76	3.80705e+06
77	3.80878e+06
78	3.84204e+06
79	3.82417e+06
80	3.82165e+06
81	3.82763e+06
82	3.77467e+06
83	3.80632e+06
84	3.77954e+06
85	3.71341e+06
86	3.69306e+06
87	3.70212e+06
88	3.72891e+06
89	3.75505e+06
90	3.7918e+06
91	3.82452e+06
92	3.80623e+06
93	3.80055e+06
94	3.79636e+06
95	3.78316e+06
96	3.80547e+06
97	3.82375e+06
98	3.83706e+06
99	3.80412e+06
100	3.82327e+06
101	3.82736e+06
102	3.80892e+06
103	3.81587e+06
104	3.75751e+06
105	3.61409e+06
106	3.55688e+06
107	3.53772e+06
108	3.54896e+06
109	3.56636e+06
110	3.52654e+06
111	3.50893e+06
112	3.45266e+06
113	3.44273e+06
114	3.43886e+06
115	3.46059e+06
116	3.50175e+06
117	3.54127e+06
118	3.60542e+06
119	3.63156e+06
120	3.68332e+06
121	3.68239e+06
122	3.66506e+06
123	3.66686e+06
124	3.67163e+06
125	3.68135e+06
126	3.6788e+06
127	3.65959e+06
128	3.64396e+06
129	3.64694e+06
130	3.62807e+06
131	3.60342e+06
132	3.61849e+06
133	3.61277e+06
134	3.63769e+06
135	3.67568e+06
136	3.72252e+06
137	3.74302e+06
138	3.80415e+06
139	3.82104e+06
140	3.84511e+06
141	3.84013e+06
142	3.80246e+06
143	3.7794e+06
144	3.77547e+06
145	3.80824e+06
146	3.76269e+06
147	3.67716e+06
148	3.68928e+06
149	3.71912e+06
150	3.72912e+06
151	3.736e+06
152	3.75144e+06
153	3.77154e+06
154	3.77813e+06
155	3.77917e+06
156	3.77747e+06
157	3.77747e+06
158	3.77057e+06
159	3.76862e+06
160	3.76507e+06
161	3.76283e+06
162	3.76283e+06
163	3.76283e+06
164	3.73827e+06
165	3.73827e+06
166	3.71249e+06
167	3.61654e+06
168	3.61654e+06
169	3.4922e+06
170	3.33955e+06
171	3.16626e+06
172	3.12192e+06
173	3.03058e+06
174	2.89842e+06
175	2.81387e+06
176	2.75456e+06
177	2.73449e+06
178	2.6927e+06
179	2.55131e+06
180	2.34129e+06
181	2.16643e+06
182	1.48147e+06
183	186997
184	186997
185	186997
186	186997
187	4052.82
188	4052.82
189	4052.82
190	4052.82
191	3387.62
