Generation	Geometric_mean
1	124.247
2	124.247
3	124.247
4	124.247
5	4.41162e+06
6	4.41162e+06
7	4.41162e+06
8	4.41162e+06
9	4.50363e+06
10	4.54617e+06
11	4.55559e+06
12	4.55672e+06
13	4.66406e+06
14	4.7333e+06
15	4.76263e+06
16	4.7695e+06
17	4.79015e+06
18	4.81747e+06
19	4.81776e+06
20	4.81974e+06
21	4.81431e+06
22	4.80161e+06
23	4.78793e+06
24	4.7749e+06
25	4.7974e+06
26	4.81513e+06
27	4.82352e+06
28	4.83054e+06
29	4.83942e+06
30	4.83308e+06
31	4.83195e+06
32	4.83308e+06
33	4.83661e+06
34	4.82386e+06
35	4.84302e+06
36	4.84628e+06
37	4.84664e+06
38	4.86335e+06
39	4.85232e+06
40	4.83847e+06
41	4.8449e+06
42	4.82669e+06
43	4.80791e+06
44	4.80391e+06
45	4.79449e+06
46	4.7994e+06
47	4.81721e+06
48	4.82419e+06
49	4.81511e+06
50	4.8235e+06
51	4.81487e+06
52	4.809e+06
53	4.78844e+06
54	4.78797e+06
55	4.7759e+06
56	4.77199e+06
57	4.77164e+06
58	4.78624e+06
59	4.78941e+06
60	4.78056e+06
61	4.76826e+06
62	4.76425e+06
63	4.76409e+06
64	4.76652e+06
65	4.76402e+06
66	4.77623e+06
67	4.79801e+06
68	4.79161e+06
69	4.81205e+06
70	4.80848e+06
71	4.81273e+06
72	4.7993e+06
73	4.77998e+06
74	4.7729e+06
75	4.76906e+06
76	4.7753e+06
77	4.78872e+06
78	4.8032e+06
79	4.80312e+06
80	4.79055e+06
81	4.79408e+06
82	4.79518e+06
83	4.79429e+06
84	4.78723e+06
85	4.75965e+06
86	4.75866e+06
87	4.74774e+06
88	4.746e+06
89	4.76519e+06
90	4.77978e+06
91	4.77399e+06
92	4.77866e+06
93	4.76184e+06
94	4.75879e+06
95	4.76377e+06
96	4.74069e+06
97	4.72473e+06
98	4.7183e+06
99	4.69738e+06
100	4.69425e+06
101	4.69387e+06
102	4.69439e+06
103	4.68767e+06
104	4.70215e+06
105	4.71262e+06
106	4.69873e+06
107	4.69313e+06
108	4.69222e+06
109	4.68309e+06
110	4.68336e+06
111	4.68743e+06
112	4.68267e+06
113	4.69106e+06
114	4.69597e+06
115	4.69709e+06
116	4.70199e+06
117	4.71016e+06
118	4.73016e+06
119	4.7516e+06
120	4.75027e+06
121	4.75358e+06
122	4.7483e+06
123	4.75317e+06
124	4.7432e+06
125	4.75241e+06
126	4.77331e+06
127	4.76521e+06
128	4.78394e+06
129	4.80215e+06
130	4.80393e+06
131	4.81294e+06
132	4.83247e+06
133	4.85284e+06
134	4.88128e+06
135	4.90022e+06
136	4.90596e+06
137	4.91066e+06
138	4.91153e+06
139	4.9138e+06
140	4.9138e+06
141	4.91417e+06
142	4.91656e+06
143	4.91798e+06
144	4.91857e+06
145	4.91917e+06
146	4.91917e+06
147	4.91917e+06
148	4.91917e+06
149	4.91917e+06
150	4.91917e+06
151	4.91917e+06
152	4.91917e+06
153	4.91917e+06
154	4.91917e+06
155	4.91917e+06
156	4.91917e+06
157	4.91917e+06
158	4.91917e+06
159	4.91917e+06
160	4.91917e+06
161	4.91917e+06
162	4.91917e+06
163	4.91917e+06
164	4.91917e+06
165	4.91917e+06
166	4.91917e+06
167	4.91917e+06
168	4.91917e+06
169	4.91917e+06
170	4.91917e+06
171	4.91917e+06
172	4.91917e+06
173	4.91917e+06
174	4.91917e+06
175	4.91917e+06
176	4.91917e+06
177	4.92769e+06
