Generation	Geometric_mean
1	112.688
2	112.688
3	112.688
4	112.688
5	4.23774e+06
6	4.23774e+06
7	4.23774e+06
8	4.23774e+06
9	4.33559e+06
10	4.37179e+06
11	4.37458e+06
12	4.37409e+06
13	4.54016e+06
14	4.60183e+06
15	4.64776e+06
16	4.65689e+06
17	4.62895e+06
18	4.55615e+06
19	4.55528e+06
20	4.54793e+06
21	4.55233e+06
22	4.6018e+06
23	4.59324e+06
24	4.59998e+06
25	4.62258e+06
26	4.66564e+06
27	4.68094e+06
28	4.69199e+06
29	4.67967e+06
30	4.66516e+06
31	4.67736e+06
32	4.65955e+06
33	4.63867e+06
34	4.64463e+06
35	4.63107e+06
36	4.64849e+06
37	4.64274e+06
38	4.65977e+06
39	4.67666e+06
40	4.65547e+06
41	4.6765e+06
42	4.65546e+06
43	4.67409e+06
44	4.68615e+06
45	4.71462e+06
46	4.72745e+06
47	4.72852e+06
48	4.70252e+06
49	4.69258e+06
50	4.67747e+06
51	4.66472e+06
52	4.65717e+06
53	4.65213e+06
54	4.63985e+06
55	4.64519e+06
56	4.67653e+06
57	4.67772e+06
58	4.66276e+06
59	4.66743e+06
60	4.66087e+06
61	4.64602e+06
62	4.63771e+06
63	4.60671e+06
64	4.6275e+06
65	4.64517e+06
66	4.64117e+06
67	4.65034e+06
68	4.59652e+06
69	4.54991e+06
70	4.54822e+06
71	4.55647e+06
72	4.56896e+06
73	4.61199e+06
74	4.63145e+06
75	4.61072e+06
76	4.58069e+06
77	4.5602e+06
78	4.52473e+06
79	4.53229e+06
80	4.5243e+06
81	4.5178e+06
82	4.54865e+06
83	4.5472e+06
84	4.48416e+06
85	4.47692e+06
86	4.48295e+06
87	4.48081e+06
88	4.52247e+06
89	4.56488e+06
90	4.54117e+06
91	4.5259e+06
92	4.54532e+06
93	4.54267e+06
94	4.53559e+06
95	4.57136e+06
96	4.54413e+06
97	4.50923e+06
98	4.47044e+06
99	4.45176e+06
100	4.4599e+06
101	4.43798e+06
102	4.4338e+06
103	4.43444e+06
104	4.46267e+06
105	4.49294e+06
106	4.50486e+06
107	4.53801e+06
108	4.50769e+06
109	4.45597e+06
110	4.43405e+06
111	4.40473e+06
112	4.39628e+06
113	4.43007e+06
114	4.45004e+06
115	4.45493e+06
116	4.45957e+06
117	4.45694e+06
118	4.48299e+06
119	4.492e+06
120	4.51095e+06
121	4.53377e+06
122	4.53847e+06
123	4.53439e+06
124	4.52619e+06
125	4.53038e+06
126	4.55944e+06
127	4.58084e+06
128	4.61684e+06
129	4.63498e+06
130	4.64278e+06
131	4.66056e+06
132	4.68856e+06
133	4.70769e+06
134	4.71957e+06
135	4.72952e+06
136	4.72795e+06
137	4.7291e+06
138	4.72674e+06
139	4.74048e+06
140	4.74571e+06
141	4.75367e+06
142	4.77314e+06
143	4.76644e+06
144	4.76887e+06
145	4.77289e+06
146	4.7733e+06
147	4.77723e+06
148	4.77723e+06
149	4.77723e+06
150	4.77723e+06
151	4.77723e+06
152	4.77723e+06
153	4.77723e+06
154	4.77723e+06
155	4.77723e+06
156	4.77723e+06
157	4.77723e+06
158	4.77723e+06
159	4.77723e+06
160	4.77723e+06
161	4.77723e+06
162	4.77723e+06
163	4.77723e+06
164	4.77723e+06
165	4.77723e+06
166	4.77723e+06
167	4.77723e+06
168	4.77723e+06
169	4.77723e+06
170	4.77723e+06
171	4.77723e+06
172	4.77723e+06
173	4.77723e+06
174	4.77723e+06
175	4.77723e+06
176	4.77723e+06
177	4.77723e+06
178	4.77723e+06
179	4.77723e+06
180	4.77723e+06
181	4.77723e+06
182	4.77723e+06
183	4.76451e+06
