Generation	Geometric_mean
1	237.551
2	237.551
3	237.551
4	237.551
5	345555
6	345555
7	345555
8	345555
9	312039
10	315401
11	316920
12	315706
13	320971
14	324290
15	327604
16	332686
17	348626
18	357064
19	363304
20	366957
21	365336
22	355345
23	355013
24	357662
25	363395
26	359046
27	354184
28	345501
29	341955
30	341431
31	350786
32	365262
33	370852
34	359207
35	351540
36	350959
37	348724
38	342222
39	327084
40	309546
41	293841
42	277662
43	270682
44	256937
45	245303
46	230001
47	217115
48	214605
49	207324
50	200087
51	191174
52	184454
53	167129
54	164374
55	146064
56	118706
57	95183.4
58	74277.6
59	51764
60	41962.5
61	28769.7
62	19459.9
63	13520.2
64	10875.8
65	9872.12
66	8203.79
67	7048.98
68	6595.39
69	6372.91
70	6128.87
71	6013.66
72	5880.81
73	5830.22
74	5857.14
75	5744.72
76	5526.43
77	5409.3
78	5194.16
79	4908.41
80	4818.96
81	4746.37
82	4686.95
83	4753.97
84	4684.1
85	4586.48
86	4475.44
87	4388.55
88	4334.76
89	4274.9
90	4182.62
91	4097.6
92	4042.9
93	3992.89
94	3955.37
95	3828.13
96	3755.96
97	3573.28
98	3449.93
99	3389.27
100	3336.03
101	3321.98
102	3105.43
103	2887.1
104	2790.32
105	2732.16
106	2732.29
107	2655.59
108	2532.48
109	2484.98
110	2452.5
111	2438.98
112	2466.1
113	2464.81
114	2387.71
115	2321.07
116	2252.69
117	2203.87
118	2203.51
119	2210.31
120	2167.65
121	2163.86
122	2164.1
123	2149.92
124	2126.96
125	2092.25
126	2104.79
127	2096.75
128	2083.47
129	2005.64
130	1991.71
131	1954.29
132	1972.45
133	1940.03
134	2008.85
135	2091.4
136	2089.02
137	2087.26
138	2109.71
139	2133.98
140	2163.6
141	2194.83
142	2215.97
143	2229.66
144	2259.04
145	2336.04
146	2443.32
147	2538.12
148	2645.44
149	2716.25
150	2882.41
151	3087.92
152	3324.51
153	3486.51
154	3743.39
155	4005.07
156	4325.07
157	4873.29
158	5398.44
159	5846.56
160	6178.82
161	6768.05
162	6939.24
163	7067.42
164	7093.27
165	7225.27
166	7293.19
167	7327.45
168	7397.09
169	7397.09
170	7397.09
171	7397.09
172	7397.09
173	7397.09
174	7397.09
175	7397.09
176	7397.09
177	7455.92
178	7637.94
179	7702.62
180	7890.54
181	7890.54
182	7955.85
183	8017.24
184	8017.24
185	8017.24
186	8017.24
187	8017.24
188	8017.24
189	8017.24
190	8017.24
191	8017.24
192	8017.24
193	8017.24
194	8017.24
195	8017.24
196	8017.24
197	8304.26
