Generation	Geometric_mean
1	240.741
2	240.741
3	240.741
4	240.741
5	180.251
6	180.251
7	180.251
8	180.251
9	1.63263e+06
10	1.63263e+06
11	1.63263e+06
12	1.63263e+06
13	3.66108e+06
14	3.92074e+06
15	3.93824e+06
16	3.938e+06
17	4.00122e+06
18	4.03453e+06
19	4.06288e+06
20	4.08181e+06
21	4.13848e+06
22	4.12348e+06
23	4.1427e+06
24	4.16474e+06
25	4.15475e+06
26	4.189e+06
27	4.26418e+06
28	4.27893e+06
29	4.25665e+06
30	4.17914e+06
31	4.14346e+06
32	4.13764e+06
33	4.07133e+06
34	4.06447e+06
35	4.10212e+06
36	4.08869e+06
37	4.06052e+06
38	4.10531e+06
39	4.14571e+06
40	4.18641e+06
41	4.22619e+06
42	4.32756e+06
43	4.34326e+06
44	4.33848e+06
45	4.3433e+06
46	4.28161e+06
47	4.27676e+06
48	4.28132e+06
49	4.30794e+06
50	4.29681e+06
51	4.35047e+06
52	4.3816e+06
53	4.39466e+06
54	4.45118e+06
55	4.48361e+06
56	4.48395e+06
57	4.4799e+06
58	4.45961e+06
59	4.43652e+06
60	4.41946e+06
61	4.41249e+06
62	4.43303e+06
63	4.45031e+06
64	4.43934e+06
65	4.3942e+06
66	4.39006e+06
67	4.35242e+06
68	4.32768e+06
69	4.34899e+06
70	4.35802e+06
71	4.35952e+06
72	4.42869e+06
73	4.45111e+06
74	4.4513e+06
75	4.44817e+06
76	4.44487e+06
77	4.44036e+06
78	4.46652e+06
79	4.5031e+06
80	4.54562e+06
81	4.53343e+06
82	4.5712e+06
83	4.54421e+06
84	4.52067e+06
85	4.53133e+06
86	4.51299e+06
87	4.52729e+06
88	4.54884e+06
89	4.52738e+06
90	4.54547e+06
91	4.57274e+06
92	4.60601e+06
93	4.62088e+06
94	4.62476e+06
95	4.61454e+06
96	4.58041e+06
97	4.52126e+06
98	4.51623e+06
99	4.48618e+06
100	4.50192e+06
101	4.52373e+06
102	4.53677e+06
103	4.59331e+06
104	4.60398e+06
105	4.62677e+06
106	4.63883e+06
107	4.6729e+06
108	4.6619e+06
109	4.6482e+06
110	4.64499e+06
111	4.64623e+06
112	4.63487e+06
113	4.62136e+06
114	4.63452e+06
115	4.64737e+06
116	4.65684e+06
117	4.67066e+06
118	4.66721e+06
119	4.68421e+06
120	4.69696e+06
121	4.71496e+06
122	4.72884e+06
123	4.72875e+06
124	4.70455e+06
125	4.70044e+06
126	4.70656e+06
127	4.72666e+06
128	4.75694e+06
129	4.79416e+06
130	4.79327e+06
131	4.81017e+06
132	4.81898e+06
133	4.82741e+06
134	4.84939e+06
135	4.87354e+06
136	4.89539e+06
137	4.90935e+06
138	4.9161e+06
139	4.92262e+06
140	4.92736e+06
141	4.93019e+06
142	4.9305e+06
143	4.93042e+06
144	4.93042e+06
145	4.93042e+06
146	4.93042e+06
147	4.93042e+06
148	4.93042e+06
149	4.93042e+06
150	4.93042e+06
151	4.93042e+06
152	4.93042e+06
153	4.93042e+06
154	4.93042e+06
155	4.93042e+06
156	4.93042e+06
157	4.93042e+06
158	4.93042e+06
159	4.93042e+06
160	4.93042e+06
161	4.93042e+06
162	4.93042e+06
163	4.93042e+06
164	4.93042e+06
165	4.93042e+06
166	4.93042e+06
167	4.93042e+06
168	4.93042e+06
169	4.93042e+06
170	4.93042e+06
171	4.93042e+06
172	4.93042e+06
173	4.93042e+06
174	4.93042e+06
175	4.93042e+06
176	4.93042e+06
177	4.96622e+06
