Generation	Geometric_mean
1	225.684
2	225.684
3	225.684
4	225.684
5	193369
6	193369
7	193369
8	193369
9	193886
10	196489
11	196954
12	197279
13	198553
14	195012
15	191904
16	191548
17	192350
18	191849
19	192768
20	192207
21	191154
22	192082
23	192457
24	196462
25	197576
26	194686
27	197627
28	196779
29	196676
30	197243
31	196258
32	194055
33	196932
34	198493
35	197807
36	188033
37	182494
38	183576
39	177163
40	159338
41	122268
42	92678
43	58201.5
44	42432.4
45	32003.9
46	23983
47	20330.1
48	16040.9
49	14464.6
50	13836.6
51	13415.4
52	13401.8
53	13276.1
54	12937.9
55	12485.3
56	11116.4
57	11189.5
58	11062.6
59	10960.1
60	10052.5
61	9699.54
62	9047.71
63	8896.36
64	8620.19
65	8030.02
66	7200.72
67	7018.67
68	6817.55
69	6629
70	6365.01
71	6011.3
72	5771.4
73	5449.71
74	5258.8
75	5137.92
76	5131.16
77	5061.6
78	5073.11
79	5016.84
80	5015.48
81	4975.21
82	4855.08
83	4813.56
84	4715.3
85	4694.39
86	4671.22
87	4618.86
88	4561.64
89	4500.15
90	4454.42
91	4466.67
92	4443.31
93	4397
94	4424.29
95	4437.78
96	4502.01
97	4598.54
98	4668.94
99	4718.1
100	4722.99
101	4823.52
102	4957.79
103	4922.32
104	4921.24
105	4955.14
106	4938.34
107	4897.41
108	4703.83
109	4588.59
110	4567.71
111	4550.67
112	4513.36
113	4594.88
114	4629.95
115	4686.27
116	5005.24
117	5174.64
118	5165.58
119	5252.83
120	5340.68
121	5339.53
122	5327.37
123	5402.62
124	5334.32
125	5347.7
126	5468.61
127	5607.16
128	5703.61
129	5748.97
130	5821.93
131	5916.1
132	5997.17
133	6071.39
134	6155.19
135	6316.18
136	6553.72
137	6761.9
138	6901.19
139	7061.92
140	7271.72
141	7468.45
142	7691.97
143	8025.38
144	8211.32
145	8562.74
146	8753.85
147	8906.15
148	9099.88
149	9225.03
150	9424.08
151	9541.57
152	9652.3
153	9718.02
154	9796.03
155	10006.9
156	10099.8
157	10160.1
158	10210.3
159	10210.3
160	10222.8
161	10235.2
162	10235.2
163	10235.2
164	10235.2
165	10235.2
166	10235.2
167	10235.2
168	10235.2
169	10235.2
170	10235.2
171	10235.2
172	10235.2
173	10235.2
174	10235.2
175	10235.2
176	10235.2
177	10235.2
178	10235.2
179	10235.2
180	10235.2
181	10235.2
182	10235.2
183	10235.2
184	10235.2
185	10235.2
186	10235.2
187	10235.2
188	10235.2
189	10235.2
190	10235.2
191	10235.2
192	10235.2
193	10235.2
194	10235.2
195	10235.2
196	10235.2
197	10292.6
