Generation	Geometric_mean
1	286.124
2	286.124
3	286.124
4	286.124
5	2400.44
6	2400.44
7	2745.88
8	2745.88
9	6514.79
10	6559.1
11	6689.14
12	6683.92
13	8622.48
14	8736.48
15	8719.08
16	8729.87
17	9257.92
18	9447.53
19	9545.75
20	9580.15
21	9655.75
22	9573.77
23	9437.23
24	9422.23
25	9277.16
26	8976.86
27	8454.75
28	8083.54
29	7664.22
30	7131.17
31	6703.51
32	6447.27
33	6321.5
34	6125.82
35	5642.13
36	5429.38
37	5093.73
38	4827.01
39	4875.29
40	4851.46
41	4853.88
42	4722.68
43	4443.28
44	4211.36
45	4073.66
46	4121.63
47	4202.13
48	4361.62
49	4405.6
50	4488.61
51	4475.73
52	4477.74
53	4516.45
54	4630.56
55	4723.37
56	4765.54
57	4900.55
58	5070.78
59	5333.28
60	5948.79
61	6111.07
62	6137.44
63	6175.64
64	6933.06
65	7351.49
66	8374.2
67	9594.65
68	11268.8
69	13139.1
70	15770.6
71	20184.5
72	25610.5
73	29927.5
74	35153.3
75	40947.6
76	48013.3
77	53880.1
78	65149.2
79	69668.8
80	79812
81	92102
82	95061.9
83	97091.6
84	98527.4
85	100739
86	102393
87	102402
88	102417
89	103404
90	106245
91	109111
92	111473
93	112595
94	114512
95	114639
96	116031
97	120379
98	124555
99	125851
100	126790
101	129074
102	128039
103	127381
104	130820
105	131742
106	130535
107	128857
108	133058
109	133016
110	135398
111	138492
112	142321
113	143687
114	145645
115	146437
116	144262
117	144811
118	145664
119	143803
120	146560
121	147978
122	146033
123	146524
124	146238
125	145063
126	144123
127	143362
128	143268
129	146393
130	146101
131	147580
132	147659
133	145491
134	144066
135	142633
136	141930
137	141430
138	140619
139	140075
140	138966
141	138406
142	138445
143	136789
144	136312
145	134860
146	133705
147	134669
148	134714
149	133871
150	133533
151	134221
152	132381
153	131630
154	131744
155	130935
156	131633
157	132233
158	132376
159	132527
160	132718
161	132718
162	132718
163	132718
164	132718
165	132718
166	132718
167	132718
168	132718
169	132718
170	132718
171	132718
172	132718
173	132718
174	132718
175	132718
176	132718
177	132718
178	132718
179	132718
180	132718
181	132718
182	132718
183	132718
184	132718
185	132718
186	132718
187	132718
188	132718
189	132718
190	132718
191	119422
192	48411.6
193	3770.88
194	3770.88
195	3770.88
196	3770.88
197	3302.71
