Generation	Geometric_mean
1	158.858
2	158.858
3	158.858
4	158.858
5	730.106
6	2.30034e+06
7	2.30034e+06
8	2.30034e+06
9	2.30402e+06
10	3.35371e+06
11	3.52198e+06
12	3.55159e+06
13	3.53667e+06
14	3.46776e+06
15	3.44568e+06
16	3.42046e+06
17	3.40711e+06
18	3.47643e+06
19	3.59859e+06
20	3.64417e+06
21	3.67228e+06
22	3.63946e+06
23	3.61532e+06
24	3.61925e+06
25	3.62528e+06
26	3.61175e+06
27	3.62578e+06
28	3.54049e+06
29	3.49499e+06
30	3.47622e+06
31	3.42803e+06
32	3.43275e+06
33	3.48149e+06
34	3.48643e+06
35	3.56275e+06
36	3.53902e+06
37	3.51391e+06
38	3.4896e+06
39	3.49266e+06
40	3.4894e+06
41	3.53133e+06
42	3.60485e+06
43	3.6739e+06
44	3.72409e+06
45	3.76335e+06
46	3.75268e+06
47	3.77578e+06
48	3.80946e+06
49	3.83823e+06
50	3.83991e+06
51	3.87788e+06
52	3.87959e+06
53	3.84407e+06
54	3.79563e+06
55	3.76085e+06
56	3.69596e+06
57	3.66255e+06
58	3.68115e+06
59	3.75272e+06
60	3.84133e+06
61	3.90194e+06
62	4.00243e+06
63	4.0275e+06
64	4.03387e+06
65	4.01134e+06
66	3.98783e+06
67	4.00128e+06
68	3.96211e+06
69	3.94088e+06
70	3.87294e+06
71	3.88267e+06
72	3.8906e+06
73	3.9048e+06
74	3.91274e+06
75	3.94754e+06
76	3.9604e+06
77	3.94835e+06
78	3.96711e+06
79	3.97558e+06
80	3.94882e+06
81	3.89845e+06
82	3.87046e+06
83	3.84806e+06
84	3.86068e+06
85	3.89704e+06
86	3.90207e+06
87	3.95623e+06
88	3.95814e+06
89	3.9432e+06
90	3.8888e+06
91	3.88058e+06
92	3.86002e+06
93	3.84339e+06
94	3.84655e+06
95	3.82596e+06
96	3.86331e+06
97	3.86058e+06
98	3.91605e+06
99	3.9591e+06
100	4.00477e+06
101	3.98266e+06
102	3.92253e+06
103	3.84516e+06
104	3.83554e+06
105	3.79349e+06
106	3.83007e+06
107	3.87308e+06
108	3.89991e+06
109	3.90715e+06
110	3.81336e+06
111	3.78856e+06
112	3.75334e+06
113	3.77345e+06
114	3.83035e+06
115	3.85193e+06
116	3.84565e+06
117	3.81734e+06
118	3.84086e+06
119	3.84713e+06
120	3.82813e+06
121	3.80355e+06
122	3.76846e+06
123	3.73765e+06
124	3.74158e+06
125	3.66685e+06
126	3.57844e+06
127	3.52976e+06
128	3.53008e+06
129	3.50928e+06
130	3.56262e+06
131	3.56539e+06
132	3.57067e+06
133	3.5879e+06
134	3.63924e+06
135	3.69953e+06
136	3.71664e+06
137	3.75647e+06
138	3.80894e+06
139	3.81833e+06
140	3.84942e+06
141	3.83834e+06
142	3.81375e+06
143	3.79728e+06
144	3.77191e+06
145	3.75579e+06
146	3.76389e+06
147	3.75013e+06
148	3.71611e+06
149	3.7085e+06
150	3.70622e+06
151	3.68615e+06
152	3.67683e+06
153	3.68974e+06
154	3.67953e+06
155	3.67199e+06
156	3.66529e+06
157	3.66205e+06
158	3.65875e+06
159	3.65875e+06
160	3.66361e+06
161	3.66817e+06
162	3.6733e+06
163	3.68991e+06
164	3.70026e+06
165	3.70026e+06
166	3.70026e+06
167	3.70026e+06
168	3.70026e+06
169	3.70026e+06
170	3.70026e+06
171	3.70026e+06
172	3.70026e+06
173	3.70026e+06
174	3.70026e+06
175	3.70026e+06
176	3.70026e+06
177	3.70026e+06
178	3.70026e+06
179	3.66609e+06
180	3.53162e+06
181	2.92731e+06
182	1.17535e+06
183	88705.9
184	88705.9
185	88705.9
186	88705.9
187	1845.33
188	1845.33
189	1845.33
190	1845.33
191	1540.7
