Generation	Geometric_mean
1	2251.56
2	2251.56
3	2251.56
4	2251.56
5	2092.16
6	1855.52
7	582.497
8	411.036
9	206.208
10	185.237
11	210.91
12	245.794
13	2870.38
14	6452.56
15	264680
16	790207
17	753399
18	745848
19	738869
20	719185
21	741712
22	776352
23	804136
24	826226
25	832153
26	840890
27	838536
28	839670
29	855182
30	867231
31	883645
32	901302
33	895695
34	860432
35	857491
36	846018
37	832469
38	838476
39	840655
40	846366
41	852122
42	852229
43	856587
44	857417
45	848481
46	860283
47	849113
48	823382
49	843345
50	843881
51	855578
52	854862
53	856566
54	858897
55	861188
56	869690
57	873285
58	888615
59	888323
60	908789
61	923649
62	933434
63	937071
64	931228
65	902659
66	887585
67	878914
68	866066
69	872282
70	869065
71	878656
72	881693
73	857796
74	852087
75	837834
76	841373
77	850727
78	839971
79	827146
80	823925
81	821001
82	810258
83	786657
84	768810
85	764523
86	768772
87	788406
88	793937
89	791656
90	798253
91	812651
92	840496
93	845037
94	839818
95	844187
96	840222
97	840456
98	833111
99	812903
100	820345
101	836332
102	857104
103	873979
104	905237
105	917011
106	901377
107	901810
108	902363
109	904149
110	899440
111	889963
112	862591
113	854126
114	855022
115	852269
116	853790
117	857416
118	858674
119	856356
120	848400
121	830649
122	806965
123	797866
124	794714
125	774615
126	768846
127	754346
128	754535
129	759196
130	764103
131	766483
132	738660
133	715172
134	672367
135	627617
136	611733
137	606484
138	602929
139	608083
140	614170
141	615052
142	590160
143	582985
144	578772
145	574263
146	562747
147	544154
148	513757
149	490046
150	464294
151	442937
152	425139
153	403915
154	392204
155	369455
156	354702
157	337904
158	333973
159	326856
160	317472
161	305267
162	300379
163	297319
164	291843
165	283094
166	276796
167	270048
168	264524
169	259136
170	248899
171	228411
172	215080
173	204677
174	190815
175	187044
176	181619
177	175601
178	169168
179	155304
180	141755
181	137910
182	130949
183	127673
184	122575
185	118010
186	114600
187	112555
188	105862
189	91979.4
190	91979.4
191	91979.4
192	91979.4
193	1930.31
194	1930.31
195	1930.31
196	1930.31
197	1619.71
