Generation	Geometric_mean
1	197.319
2	197.319
3	197.319
4	197.319
5	246316
6	246316
7	246316
8	246316
9	274729
10	281538
11	282601
12	283625
13	310064
14	316123
15	318542
16	315868
17	312588
18	306942
19	304595
20	303608
21	305053
22	307803
23	312869
24	316187
25	311453
26	309916
27	310287
28	312902
29	314939
30	311877
31	314417
32	316069
33	315007
34	312149
35	315508
36	316703
37	319326
38	316882
39	312066
40	310800
41	306447
42	299541
43	293816
44	282157
45	271758
46	261941
47	254111
48	247635
49	243565
50	238979
51	231383
52	230948
53	232997
54	234800
55	238337
56	239277
57	238076
58	233352
59	227827
60	225951
61	224980
62	217888
63	214690
64	208581
65	186725
66	171387
67	152424
68	147160
69	143725
70	136290
71	127787
72	122213
73	115533
74	108931
75	102647
76	97175.7
77	92764
78	85562.9
79	79351.8
80	72720
81	68019.7
82	62600.8
83	58705.5
84	49240.3
85	46242.8
86	43090.8
87	40585.8
88	37891.9
89	32722.3
90	27933.8
91	24364.9
92	16437.7
93	12562.3
94	7059.62
95	5331.78
96	3653.64
97	2489.11
98	1794.73
99	1532.94
100	1384.12
101	1328.08
102	1278.71
103	1213.67
104	1172.86
105	1126.39
106	1094.88
107	1092.71
108	1106.71
109	1111.72
110	1098.73
111	1111.88
112	1102.49
113	1108.64
114	1171.19
115	1204.74
116	1279.61
117	1314.96
118	1311.84
119	1364.01
120	1608.44
121	2316.43
122	4161.73
123	6986.01
124	13760.3
125	21612.6
126	34034.5
127	57951.8
128	82145
129	90023.2
130	100518
131	113138
132	122543
133	130834
134	136026
135	139089
136	138363
137	138340
138	146926
139	154449
140	161321
141	176021
142	186238
143	201602
144	208927
145	222005
146	230933
147	245568
148	252935
149	267754
150	272128
151	277221
152	279731
153	284487
154	286702
155	290603
156	291340
157	292736
158	294787
159	295919
160	297021
161	297302
162	297302
163	297302
164	297302
165	297546
166	297546
167	297546
168	297546
169	297546
170	297546
171	297546
172	297546
173	297546
174	297546
175	297546
176	297546
177	297546
178	297546
179	297546
180	297546
181	297546
182	297546
183	297546
184	297546
185	297546
186	297546
187	297546
188	297546
189	297546
190	297546
191	297546
192	297546
193	297546
194	297546
195	297546
196	313461
