Generation	Geometric_mean
1	256.998
2	256.998
3	256.998
4	256.998
5	1116.54
6	1272.74
7	1324.07
8	1324.07
9	9812.6
10	10358.4
11	10911.6
12	10911.6
13	13138.6
14	13340.4
15	13493
16	13552.6
17	14407.6
18	15179.2
19	15415.6
20	15373.3
21	15500.8
22	15828
23	16409.1
24	16620.8
25	16814
26	16898.8
27	16723.7
28	16306.9
29	16236.6
30	16135.5
31	15865.8
32	15463.8
33	15044.4
34	14974.2
35	14646
36	14747.2
37	14576.5
38	14370
39	14265.3
40	14144.1
41	14152.4
42	13892.4
43	13815.8
44	13556.8
45	13534.5
46	13678.2
47	14015.7
48	13959.7
49	13603.9
50	13530.1
51	12917.8
52	12784.3
53	12901.1
54	12764.7
55	12566.9
56	12067.8
57	11737.5
58	11418.5
59	11261.6
60	11618.8
61	11681.4
62	11702.3
63	11513.4
64	11415.5
65	11383.5
66	10771.5
67	10515.3
68	10462.5
69	10299.9
70	10190.9
71	9946.31
72	9691.73
73	9462.8
74	9212.95
75	9113.24
76	9117.04
77	9084.61
78	8697.52
79	8407.19
80	7954.76
81	7816.54
82	7546.72
83	7344.32
84	7135.57
85	6848.59
86	6713.65
87	6703.98
88	6644.85
89	6517.07
90	6125.66
91	5692.03
92	5383.81
93	5356.06
94	5353.58
95	5327.74
96	5270.76
97	5300.66
98	5016.59
99	4911.18
100	4714.21
101	4427.49
102	4299.23
103	4293.41
104	4153.56
105	4128.77
106	4170.73
107	4111.35
108	4033.28
109	4019.64
110	4131.08
111	4015.56
112	4003.71
113	4002.23
114	3953.6
115	3891.14
116	3813.89
117	3810
118	3679.22
119	3604.14
120	3572.63
121	3521.48
122	3497.26
123	3456.15
124	3518.87
125	3554.04
126	3613.18
127	3649.76
128	3652.37
129	3620.81
130	3672.72
131	3696.6
132	3818.64
133	3849.14
134	3906.98
135	3963.6
136	4044.44
137	4197.09
138	4334.17
139	4465.51
140	4498.23
141	4647.04
142	4836.89
143	5034.3
144	5148.8
145	5235.16
146	5449.39
147	5833.83
148	6364.62
149	6867.82
150	7830.31
151	8903.57
152	10861.9
153	12903.4
154	16751.6
155	20099.6
156	24024.6
157	27191
158	31479.4
159	36571
160	38071.3
161	40592.6
162	43643.6
163	45803
164	47927.1
165	48768.5
166	49223.4
167	49552.7
168	49552.7
169	50227.7
170	50227.7
171	50227.7
172	50227.7
173	50227.7
174	50227.7
175	50227.7
176	50227.7
177	50227.7
178	50227.7
179	50227.7
180	50227.7
181	50227.7
182	50227.7
183	50227.7
184	50227.7
185	50227.7
186	50227.7
187	50227.7
188	50227.7
189	50227.7
190	50227.7
191	50227.7
192	50227.7
193	50227.7
194	50227.7
195	50227.7
196	50227.7
197	53286.4
