Generation	Geometric_mean
1	342.31
2	342.31
3	342.31
4	342.31
5	8846.47
6	8846.47
7	8846.47
8	8846.47
9	9523.2
10	9713
11	9766.08
12	9767.16
13	10752.5
14	10925.3
15	11006.2
16	10988.1
17	11154.9
18	11071.5
19	10994.5
20	10922.5
21	11003
22	10945.7
23	10609.5
24	10377.4
25	10122.6
26	9712.43
27	9506.79
28	9391.42
29	9223.1
30	8999.51
31	9012.93
32	8873.53
33	8617.64
34	7639.22
35	6056.77
36	4877.04
37	3082.07
38	1862.65
39	1585.11
40	1280.1
41	1107.64
42	904.235
43	882.604
44	815.074
45	798.844
46	784.795
47	779.359
48	793.565
49	766.581
50	778.906
51	806.595
52	822.524
53	849.09
54	865.341
55	906.129
56	984.442
57	1210.87
58	1272.45
59	4236.39
60	39902.1
61	189460
62	530942
63	802199
64	1.65359e+06
65	1.96857e+06
66	2.27382e+06
67	2.26223e+06
68	2.25018e+06
69	2.24115e+06
70	2.22291e+06
71	2.21765e+06
72	2.20202e+06
73	2.24555e+06
74	2.30002e+06
75	2.35022e+06
76	2.41636e+06
77	2.43931e+06
78	2.52246e+06
79	2.56212e+06
80	2.59305e+06
81	2.60969e+06
82	2.59026e+06
83	2.53823e+06
84	2.50046e+06
85	2.51152e+06
86	2.45203e+06
87	2.42052e+06
88	2.43888e+06
89	2.41649e+06
90	2.40413e+06
91	2.54107e+06
92	2.56469e+06
93	2.55727e+06
94	2.56234e+06
95	2.58541e+06
96	2.54501e+06
97	2.51375e+06
98	2.4725e+06
99	2.49119e+06
100	2.50626e+06
101	2.51309e+06
102	2.52673e+06
103	2.53813e+06
104	2.53147e+06
105	2.54217e+06
106	2.56606e+06
107	2.5918e+06
108	2.58505e+06
109	2.56586e+06
110	2.53477e+06
111	2.54932e+06
112	2.52891e+06
113	2.53073e+06
114	2.5173e+06
115	2.52391e+06
116	2.49392e+06
117	2.50109e+06
118	2.50862e+06
119	2.47351e+06
120	2.47684e+06
121	2.48275e+06
122	2.49499e+06
123	2.56508e+06
124	2.63258e+06
125	2.67072e+06
126	2.67199e+06
127	2.65093e+06
128	2.57541e+06
129	2.56219e+06
130	2.55428e+06
131	2.56509e+06
132	2.56394e+06
133	2.54651e+06
134	2.52465e+06
135	2.5252e+06
136	2.53825e+06
137	2.52286e+06
138	2.50046e+06
139	2.4932e+06
140	2.51297e+06
141	2.50975e+06
142	2.52602e+06
143	2.53855e+06
144	2.55629e+06
145	2.57624e+06
146	2.6115e+06
147	2.64249e+06
148	2.65041e+06
149	2.66272e+06
150	2.67931e+06
151	2.67844e+06
152	2.69102e+06
153	2.7021e+06
154	2.72605e+06
155	2.73899e+06
156	2.7525e+06
157	2.7525e+06
158	2.75518e+06
159	2.75518e+06
160	2.75518e+06
161	2.75518e+06
162	2.75518e+06
163	2.75518e+06
164	2.75518e+06
165	2.75518e+06
166	2.75518e+06
167	2.75518e+06
168	2.75518e+06
169	2.75518e+06
170	2.75518e+06
171	2.75518e+06
172	2.75518e+06
173	2.75518e+06
174	2.75518e+06
175	2.75518e+06
176	2.75518e+06
177	2.75518e+06
178	2.75518e+06
179	2.75518e+06
180	2.75518e+06
181	2.75518e+06
182	2.75518e+06
183	2.75518e+06
184	2.75518e+06
185	2.75518e+06
186	2.75518e+06
187	2.75518e+06
188	2.75518e+06
189	2.75518e+06
190	2.75518e+06
191	2.75518e+06
192	2.75518e+06
193	2.75518e+06
194	2.75518e+06
195	2.75518e+06
196	2.75518e+06
197	2.78954e+06
