Generation	Geometric_mean
1	232.01
2	232.01
3	232.01
4	232.01
5	32666.5
6	32666.5
7	32666.5
8	32666.5
9	35913.7
10	36800.8
11	36967.3
12	37193.2
13	38055.7
14	37537.8
15	36732.6
16	36214.8
17	36223.2
18	36035.9
19	36477.7
20	37059.6
21	37682.2
22	38344.6
23	38792.2
24	38577
25	38455.7
26	37051
27	36000.3
28	35790.3
29	35178.7
30	35884.1
31	36113
32	36057.2
33	35720.6
34	35194
35	34785.8
36	34476.6
37	34091.1
38	33436.2
39	32883.6
40	32692.2
41	32311.3
42	31323.8
43	31333.3
44	30863.4
45	30676.8
46	31567
47	31405
48	31277.9
49	27017.5
50	25135.1
51	20457.8
52	17311.2
53	15705.6
54	9603.33
55	4402.4
56	2283.67
57	1864.67
58	1699.97
59	1665.44
60	1570.78
61	1527.81
62	1513.86
63	1454.26
64	1420.88
65	1398.93
66	1394.04
67	1351.19
68	1331.23
69	1326.21
70	1285.17
71	1312.49
72	1309.72
73	1322.99
74	1352.83
75	1304.12
76	1287.46
77	1307.85
78	1353.68
79	1371.61
80	1399.32
81	1425.42
82	1476.02
83	1561.57
84	1587.97
85	1640.97
86	1726.08
87	1804.31
88	1859.83
89	2770.12
90	4625.91
91	14901.5
92	28423.7
93	56127.2
94	251637
95	615916
96	889573
97	1.50186e+06
98	1.84997e+06
99	1.95354e+06
100	1.96331e+06
101	1.99809e+06
102	1.97912e+06
103	1.97172e+06
104	2.00306e+06
105	1.9743e+06
106	1.94859e+06
107	1.93196e+06
108	1.90706e+06
109	1.92089e+06
110	1.92008e+06
111	1.93606e+06
112	1.96807e+06
113	1.99525e+06
114	2.00067e+06
115	2.03642e+06
116	2.08829e+06
117	2.13303e+06
118	2.1345e+06
119	2.21694e+06
120	2.22951e+06
121	2.24689e+06
122	2.21185e+06
123	2.18869e+06
124	2.20221e+06
125	2.19821e+06
126	2.22989e+06
127	2.25325e+06
128	2.26817e+06
129	2.25343e+06
130	2.2455e+06
131	2.26348e+06
132	2.25308e+06
133	2.26993e+06
134	2.27629e+06
135	2.27987e+06
136	2.28411e+06
137	2.29981e+06
138	2.31452e+06
139	2.33165e+06
140	2.3617e+06
141	2.38967e+06
142	2.39015e+06
143	2.35304e+06
144	2.34362e+06
145	2.3585e+06
146	2.30965e+06
147	2.29296e+06
148	2.2956e+06
149	2.31043e+06
150	2.34105e+06
151	2.37877e+06
152	2.39164e+06
153	2.41916e+06
154	2.44209e+06
155	2.4542e+06
156	2.45526e+06
157	2.45389e+06
158	2.45989e+06
159	2.46076e+06
160	2.46076e+06
161	2.46076e+06
162	2.46432e+06
163	2.46432e+06
164	2.46432e+06
165	2.46432e+06
166	2.46432e+06
167	2.46432e+06
168	2.46432e+06
169	2.46432e+06
170	2.46432e+06
171	2.46432e+06
172	2.46432e+06
173	2.46432e+06
174	2.46432e+06
175	2.46432e+06
176	2.46432e+06
177	2.46432e+06
178	2.46432e+06
179	2.46432e+06
180	2.46432e+06
181	2.46432e+06
182	2.46432e+06
183	2.46432e+06
184	2.46432e+06
185	2.46432e+06
186	2.46432e+06
187	2.46432e+06
188	2.46432e+06
189	2.46432e+06
190	2.46432e+06
191	2.46432e+06
192	2.46432e+06
193	2.46432e+06
194	2.46432e+06
195	2.46432e+06
196	2.46432e+06
197	2.50457e+06
