Generation	Geometric_mean
1	242.161
2	242.161
3	242.161
4	242.161
5	64696.6
6	64696.6
7	64696.6
8	64696.6
9	79535
10	83895.3
11	83847.8
12	84247
13	83563.9
14	81346
15	79206.4
16	78535.4
17	81958.3
18	84120.2
19	84117.2
20	83822.3
21	82421.1
22	81855.7
23	82307.2
24	82581.2
25	83386.6
26	82628.1
27	81088.5
28	77569
29	75758.9
30	73355.5
31	72569.6
32	70127.4
33	69613.7
34	70200.2
35	69756.3
36	69866.9
37	66220.4
38	63310.5
39	60835.3
40	58409.8
41	57177.9
42	56554.4
43	54652.9
44	53750.7
45	52740.8
46	48240
47	43760.8
48	43374.7
49	41807.4
50	39002.2
51	33905.5
52	24009
53	14695
54	5343.57
55	2229.55
56	1167.11
57	1075.71
58	912.406
59	704.482
60	633.751
61	628.921
62	613.021
63	623.477
64	616.056
65	619.646
66	640.003
67	646.384
68	709.274
69	751.47
70	993.187
71	1273.3
72	31959.9
73	140985
74	848886
75	2.16955e+06
76	2.74424e+06
77	3.39545e+06
78	3.46842e+06
79	3.55383e+06
80	3.58787e+06
81	3.54263e+06
82	3.52204e+06
83	3.45103e+06
84	3.40046e+06
85	3.40976e+06
86	3.40862e+06
87	3.411e+06
88	3.45646e+06
89	3.50586e+06
90	3.53652e+06
91	3.54969e+06
92	3.52134e+06
93	3.47448e+06
94	3.42333e+06
95	3.39089e+06
96	3.41431e+06
97	3.36988e+06
98	3.34914e+06
99	3.33712e+06
100	3.31717e+06
101	3.29086e+06
102	3.22069e+06
103	3.20719e+06
104	3.25834e+06
105	3.26769e+06
106	3.28435e+06
107	3.30411e+06
108	3.33005e+06
109	3.35345e+06
110	3.40594e+06
111	3.55723e+06
112	3.65303e+06
113	3.6849e+06
114	3.69772e+06
115	3.68208e+06
116	3.64405e+06
117	3.64918e+06
118	3.65113e+06
119	3.65193e+06
120	3.67315e+06
121	3.6925e+06
122	3.69988e+06
123	3.72263e+06
124	3.74744e+06
125	3.76537e+06
126	3.78763e+06
127	3.77584e+06
128	3.83361e+06
129	3.85993e+06
130	3.85237e+06
131	3.85845e+06
132	3.83068e+06
133	3.80651e+06
134	3.77776e+06
135	3.77209e+06
136	3.74676e+06
137	3.72038e+06
138	3.72163e+06
139	3.71518e+06
140	3.70393e+06
141	3.7467e+06
142	3.777e+06
143	3.82321e+06
144	3.86754e+06
145	3.86363e+06
146	3.87085e+06
147	3.89168e+06
148	3.92993e+06
149	3.95608e+06
150	3.97779e+06
151	4.00866e+06
152	4.06739e+06
153	4.1078e+06
154	4.13708e+06
155	4.15004e+06
156	4.14596e+06
157	4.14226e+06
158	4.14226e+06
159	4.1509e+06
160	4.15553e+06
161	4.1608e+06
162	4.16628e+06
163	4.16628e+06
164	4.16628e+06
165	4.16628e+06
166	4.16628e+06
167	4.16628e+06
168	4.16628e+06
169	4.16628e+06
170	4.16628e+06
171	4.16628e+06
172	4.16628e+06
173	4.16628e+06
174	4.16628e+06
175	4.16628e+06
176	4.16628e+06
177	4.16628e+06
178	4.16628e+06
179	4.16628e+06
180	4.16628e+06
181	4.16628e+06
182	4.16628e+06
183	4.16628e+06
184	4.16628e+06
185	4.16628e+06
186	4.16628e+06
187	4.16628e+06
188	4.16628e+06
189	4.16628e+06
190	4.16628e+06
191	4.16628e+06
192	4.16628e+06
193	4.16628e+06
194	4.16628e+06
195	4.16628e+06
196	4.16628e+06
197	4.17442e+06
