Generation	Geometric_mean
1	232.205
2	232.205
3	232.205
4	232.205
5	46062.8
6	46062.8
7	46062.8
8	46062.8
9	47840.3
10	48005.8
11	47876.8
12	48160.2
13	48496
14	49419.5
15	49954.9
16	49857.8
17	50850.7
18	51977.2
19	53047.5
20	53341.6
21	54768.3
22	56185.2
23	57968.4
24	58644.9
25	59076.1
26	58642.3
27	58040.2
28	56553.6
29	55325.8
30	55074.5
31	55512
32	55314.5
33	55357.7
34	54847
35	55134
36	54279.1
37	52561.9
38	50447.4
39	49060.5
40	48123.8
41	46863.6
42	45894.6
43	45731
44	45489.2
45	44898
46	44062.2
47	43070.2
48	41918.8
49	38811.5
50	37946.8
51	36280.5
52	30535.3
53	21022.9
54	14478.4
55	9353.09
56	6365.88
57	2759.21
58	1938.76
59	1361.13
60	1307.96
61	1118.75
62	1071.77
63	1032.93
64	1015.6
65	970.691
66	954.25
67	938.771
68	917.136
69	937.266
70	931.923
71	960.523
72	972.592
73	1004.89
74	1029.66
75	1031.77
76	1041.75
77	1053.24
78	1089.68
79	1123.85
80	1349.53
81	1805.96
82	3627.65
83	8191.7
84	50153.4
85	175115
86	491345
87	1.18618e+06
88	1.7368e+06
89	1.83549e+06
90	1.92445e+06
91	2.12781e+06
92	2.26672e+06
93	2.31072e+06
94	2.35615e+06
95	2.3733e+06
96	2.44244e+06
97	2.52587e+06
98	2.53547e+06
99	2.54858e+06
100	2.54815e+06
101	2.50111e+06
102	2.53163e+06
103	2.5119e+06
104	2.51669e+06
105	2.56892e+06
106	2.55598e+06
107	2.54616e+06
108	2.63936e+06
109	2.64487e+06
110	2.64577e+06
111	2.64064e+06
112	2.61214e+06
113	2.63787e+06
114	2.63374e+06
115	2.59803e+06
116	2.59494e+06
117	2.5563e+06
118	2.49348e+06
119	2.43848e+06
120	2.37251e+06
121	2.36254e+06
122	2.35008e+06
123	2.35675e+06
124	2.3753e+06
125	2.40918e+06
126	2.42503e+06
127	2.46011e+06
128	2.47689e+06
129	2.52152e+06
130	2.5165e+06
131	2.51287e+06
132	2.52422e+06
133	2.51298e+06
134	2.54395e+06
135	2.53632e+06
136	2.52286e+06
137	2.55579e+06
138	2.5889e+06
139	2.64683e+06
140	2.7105e+06
141	2.73371e+06
142	2.77135e+06
143	2.82349e+06
144	2.89837e+06
145	2.92222e+06
146	2.9393e+06
147	2.94372e+06
148	2.96513e+06
149	2.97181e+06
150	3.0061e+06
151	3.03235e+06
152	3.07049e+06
153	3.08328e+06
154	3.11794e+06
155	3.12031e+06
156	3.117e+06
157	3.13305e+06
158	3.13766e+06
159	3.13766e+06
160	3.13679e+06
161	3.13622e+06
162	3.13402e+06
163	3.13402e+06
164	3.13402e+06
165	3.13402e+06
166	3.13402e+06
167	3.13402e+06
168	3.13402e+06
169	3.13402e+06
170	3.13402e+06
171	3.13402e+06
172	3.13402e+06
173	3.13402e+06
174	3.13402e+06
175	3.13402e+06
176	3.13402e+06
177	3.13402e+06
178	3.13402e+06
179	3.13402e+06
180	3.13402e+06
181	3.13402e+06
182	3.13402e+06
183	3.13402e+06
184	3.13402e+06
185	3.13402e+06
186	3.13402e+06
187	3.13402e+06
188	3.13402e+06
189	3.13402e+06
190	3.13402e+06
191	3.13402e+06
192	3.13402e+06
193	3.13402e+06
194	3.13402e+06
195	3.13402e+06
196	3.13402e+06
197	3.20485e+06
