Generation	Geometric_mean
1	215.314
2	215.314
3	215.314
4	215.314
5	599034
6	599034
7	599034
8	599034
9	642420
10	656899
11	664736
12	666795
13	684919
14	706934
15	711280
16	711678
17	696854
18	685580
19	683128
20	683488
21	686892
22	678770
23	683442
24	665090
25	649882
26	646302
27	637478
28	639946
29	631338
30	629353
31	630598
32	641356
33	633280
34	614554
35	582648
36	561082
37	554787
38	553778
39	542207
40	524357
41	515624
42	505254
43	491291
44	487479
45	487361
46	473558
47	459978
48	426979
49	394399
50	325468
51	292061
52	256928
53	226361
54	210055
55	182429
56	176135
57	178650
58	169322
59	158464
60	157029
61	143956
62	137290
63	130340
64	128782
65	123500
66	119855
67	115984
68	114927
69	108584
70	100868
71	91367
72	86713.7
73	82986.7
74	81459.6
75	81019.4
76	80516.5
77	77656.8
78	75269.8
79	68284.7
80	67977
81	66275.5
82	59469.2
83	57588.1
84	56175.9
85	53957.6
86	51892.5
87	51365.6
88	50964.7
89	52831
90	53112.7
91	47790.3
92	44783.8
93	43007.8
94	41214.1
95	38038.3
96	35084.1
97	31141.6
98	25160.5
99	17788.1
100	16921.1
101	16450.1
102	15881.2
103	13957
104	12110
105	10912.5
106	8227.41
107	7546.36
108	6709.02
109	5560.44
110	4604.13
111	3647.29
112	3016.91
113	2706.14
114	2152.95
115	1703.28
116	1620.47
117	1612.48
118	1598.52
119	1529.06
120	1470.01
121	1384.4
122	1348.82
123	1331.55
124	1355.9
125	1414.91
126	1415.18
127	1439.22
128	1406.16
129	1407.22
130	1407.59
131	1416.91
132	1447.49
133	1514.36
134	1575.41
135	1657.76
136	1704.9
137	1963.35
138	2415.08
139	3425.18
140	3848.14
141	4144.82
142	7393.97
143	13085
144	16243.4
145	20934.8
146	27325.4
147	32806.8
148	36213.4
149	42370.9
150	57516.4
151	75085.6
152	85685.8
153	99698.6
154	114931
155	145328
156	164238
157	172138
158	177936
159	180812
160	180812
161	182142
162	182142
163	182142
164	182142
165	182142
166	182142
167	182142
168	182142
169	182142
170	182142
171	182142
172	182142
173	182142
174	182142
175	182142
176	182142
177	182142
178	182142
179	182142
180	182142
181	182142
182	182142
183	182142
184	182142
185	182142
186	182142
187	182142
188	182142
189	182142
190	182142
191	182142
192	182142
193	182142
194	182142
195	182142
196	182142
197	196376
