Generation	Geometric_mean
1	199.837
2	199.837
3	199.837
4	199.837
5	726222
6	726222
7	726222
8	726222
9	737142
10	723005
11	721021
12	720365
13	746229
14	750155
15	753251
16	757916
17	726649
18	711158
19	714850
20	714247
21	708921
22	716035
23	729507
24	743297
25	748056
26	765179
27	772559
28	774418
29	789657
30	811322
31	835574
32	833818
33	809603
34	796257
35	785335
36	785397
37	782437
38	798315
39	789195
40	777084
41	787983
42	781492
43	800737
44	800727
45	790885
46	778570
47	767806
48	760171
49	748956
50	720767
51	710180
52	700914
53	705076
54	718164
55	724738
56	738248
57	733798
58	723376
59	712056
60	709252
61	695463
62	685622
63	663995
64	651053
65	645468
66	655444
67	659003
68	656225
69	670559
70	685052
71	708036
72	716535
73	753516
74	760189
75	759839
76	758320
77	755455
78	746351
79	737934
80	733607
81	745136
82	740944
83	733437
84	730055
85	707732
86	673913
87	655478
88	640006
89	610758
90	585241
91	571763
92	552112
93	521928
94	497712
95	476245
96	464709
97	453712
98	445217
99	406063
100	387117
101	351040
102	305640
103	269617
104	245624
105	240403
106	224317
107	213217
108	201261
109	196769
110	189607
111	174749
112	162753
113	151972
114	131444
115	106448
116	92981.7
117	88105.8
118	60000.2
119	24913.3
120	7495.6
121	3168.94
122	2340.94
123	2109.52
124	2052.18
125	2023.39
126	2009.51
127	2009.52
128	2010.08
129	2011.96
130	2013.14
131	2014.36
132	2014.22
133	2011.79
134	2009.33
135	2007.66
136	2006.52
137	2003.77
138	2001.94
139	2000.81
140	1996.65
141	1982.33
142	1976.06
143	1979.19
144	1984.45
145	1983.1
146	1997.93
147	2013.25
148	2021.08
149	2023.81
150	2026.4
151	2028.54
152	2029.49
153	2029.49
154	2029.49
155	2038.08
156	2038.08
157	2051.79
158	2060.74
159	2060.74
160	2060.74
161	2065.4
162	2074.81
163	2074.81
164	2074.81
165	2074.81
166	2074.81
167	2074.81
168	2074.81
169	2074.81
170	2074.81
171	2074.81
172	2074.81
173	2074.81
174	2074.81
175	2074.81
176	2074.81
177	2074.81
178	2074.81
179	2074.81
180	2074.81
181	2074.81
182	2074.81
183	2074.81
184	2074.81
185	2074.81
186	2074.81
187	2074.81
188	2074.81
189	2074.81
190	2074.81
191	2074.81
192	2074.81
193	2074.81
194	2074.81
195	2074.81
196	2074.81
197	2430.93
