Generation	Geometric_mean
1	139.52
2	139.52
3	139.52
4	139.52
5	4.29806e+06
6	4.29806e+06
7	4.29806e+06
8	4.29806e+06
9	4.39859e+06
10	4.43019e+06
11	4.43675e+06
12	4.44118e+06
13	4.53281e+06
14	4.57678e+06
15	4.6023e+06
16	4.60559e+06
17	4.58962e+06
18	4.60558e+06
19	4.60422e+06
20	4.60956e+06
21	4.62879e+06
22	4.65302e+06
23	4.69572e+06
24	4.72286e+06
25	4.73411e+06
26	4.72057e+06
27	4.71218e+06
28	4.6915e+06
29	4.69313e+06
30	4.6693e+06
31	4.62504e+06
32	4.58146e+06
33	4.55617e+06
34	4.5434e+06
35	4.55587e+06
36	4.57072e+06
37	4.62013e+06
38	4.64682e+06
39	4.66473e+06
40	4.67271e+06
41	4.6903e+06
42	4.7161e+06
43	4.72151e+06
44	4.70082e+06
45	4.68013e+06
46	4.64449e+06
47	4.64252e+06
48	4.6327e+06
49	4.62318e+06
50	4.64622e+06
51	4.65789e+06
52	4.67169e+06
53	4.65964e+06
54	4.64647e+06
55	4.62734e+06
56	4.59745e+06
57	4.57251e+06
58	4.56568e+06
59	4.55151e+06
60	4.55524e+06
61	4.58931e+06
62	4.60361e+06
63	4.6045e+06
64	4.58719e+06
65	4.54214e+06
66	4.49319e+06
67	4.45115e+06
68	4.46659e+06
69	4.46665e+06
70	4.49083e+06
71	4.49596e+06
72	4.49173e+06
73	4.47641e+06
74	4.49677e+06
75	4.52568e+06
76	4.52179e+06
77	4.53025e+06
78	4.56213e+06
79	4.58565e+06
80	4.58035e+06
81	4.58222e+06
82	4.52544e+06
83	4.46732e+06
84	4.44639e+06
85	4.40173e+06
86	4.37127e+06
87	4.4137e+06
88	4.41317e+06
89	4.40551e+06
90	4.47351e+06
91	4.50224e+06
92	4.5007e+06
93	4.47587e+06
94	4.46689e+06
95	4.4375e+06
96	4.36753e+06
97	4.35813e+06
98	4.36631e+06
99	4.33616e+06
100	4.37083e+06
101	4.34062e+06
102	4.35124e+06
103	4.37996e+06
104	4.34786e+06
105	4.33323e+06
106	4.29734e+06
107	4.32217e+06
108	4.3115e+06
109	4.26888e+06
110	4.2516e+06
111	4.22868e+06
112	4.21278e+06
113	4.24429e+06
114	4.25805e+06
115	4.30071e+06
116	4.33427e+06
117	4.37855e+06
118	4.39891e+06
119	4.39517e+06
120	4.36146e+06
121	4.34703e+06
122	4.33265e+06
123	4.3287e+06
124	4.33944e+06
125	4.35852e+06
126	4.38706e+06
127	4.40283e+06
128	4.41941e+06
129	4.43814e+06
130	4.44731e+06
131	4.43941e+06
132	4.4476e+06
133	4.44763e+06
134	4.45056e+06
135	4.46591e+06
136	4.47666e+06
137	4.47366e+06
138	4.48286e+06
139	4.48114e+06
140	4.48331e+06
141	4.48423e+06
142	4.48394e+06
143	4.48516e+06
144	4.48583e+06
145	4.48583e+06
146	4.48583e+06
147	4.48583e+06
148	4.48583e+06
149	4.48583e+06
150	4.48583e+06
151	4.48583e+06
152	4.48583e+06
153	4.48583e+06
154	4.48583e+06
155	4.48583e+06
156	4.48583e+06
157	4.48583e+06
158	4.48583e+06
159	4.48583e+06
160	4.48583e+06
161	4.48583e+06
162	4.48583e+06
163	3.2904e+06
164	184169
165	184169
166	184169
167	184169
168	3834.88
169	3834.88
170	3834.88
171	3834.88
172	3197.91
