Generation	Geometric_mean
1	1127.12
2	1127.12
3	1127.12
4	1127.12
5	897.989
6	889.978
7	880.523
8	881.409
9	752.005
10	740.331
11	636.424
12	628.35
13	601.884
14	592.731
15	672.673
16	668.325
17	840.75
18	933.921
19	1126.15
20	1415.07
21	2094.59
22	2240.02
23	3253.08
24	6864.36
25	14086.5
26	14579.5
27	14468.5
28	20125.6
29	30226.3
30	34481.9
31	34814.5
32	35068.1
33	35933.9
34	35888
35	36058.8
36	36410.5
37	36748
38	37090.2
39	37360.7
40	37631.8
41	38197.5
42	39316.6
43	40161.1
44	40461.3
45	39877.1
46	38650.8
47	38303.1
48	38421
49	38591.6
50	39513.9
51	39564
52	39931.9
53	40172
54	40746.1
55	41432
56	43265.2
57	44040
58	45031.4
59	45339.7
60	45047.6
61	45961
62	46076.5
63	45413.8
64	44791.8
65	44041.2
66	43259.9
67	43264.6
68	43764.9
69	44417.8
70	45210.3
71	45992.6
72	46650.4
73	46520
74	46319
75	46524
76	46836
77	47869.2
78	49577.5
79	49435.7
80	49147.9
81	49072.9
82	49118.7
83	50468.9
84	52254.8
85	52113.4
86	51818.5
87	52251.3
88	52671.3
89	53474.8
90	53431.5
91	53306.2
92	51251.8
93	51214.9
94	50944.3
95	51730.6
96	52751.1
97	53129
98	54023.2
99	54588.4
100	54834.1
101	52793.2
102	52094.8
103	52410.3
104	52758.8
105	54046
106	54662.6
107	52766.5
108	52413.6
109	51254.6
110	50399.1
111	48769.4
112	47993.6
113	47457.3
114	47903.3
115	48166.5
116	47969.6
117	47904.7
118	47644.3
119	47478.8
120	46711.3
121	46160.6
122	46154.6
123	46343.3
124	46544.3
125	47036.9
126	46993.5
127	47202.8
128	47637.5
129	47038.4
130	47170.2
131	46820.7
132	46370.6
133	46313.2
134	46245.3
135	46566.2
136	46886.8
137	46625.3
138	46419.7
139	46301.2
140	46095.8
141	45556.4
142	44682.7
143	44131.8
144	43313.5
145	42099.8
146	41364
147	40614.9
148	39695.2
149	38925.8
150	38497.2
151	38057.9
152	37537.2
153	36858.5
154	36163.6
155	35379.4
156	35074.2
157	34877.2
158	34408.3
159	34272.1
160	34020.3
161	33458.1
162	32906
163	32121.4
164	31688.9
165	31124.6
166	30903.2
167	30903.2
168	30538.5
169	30244.2
170	30176
171	30176
172	30176
173	30176
174	30176
175	30176
176	30176
177	30176
178	30176
179	30176
180	30176
181	30176
182	30176
183	30176
184	30176
185	30176
186	30176
187	30176
188	30176
189	30176
190	30176
191	28480.3
192	23117.8
193	17074.6
194	17074.6
195	17074.6
196	17074.6
197	15853.7
