Generation	Geometric_mean
1	106.997
2	106.997
3	106.997
4	106.997
5	3.7457e+06
6	3.7457e+06
7	3.7457e+06
8	3.7457e+06
9	3.87296e+06
10	3.87066e+06
11	3.87008e+06
12	3.88072e+06
13	4.01265e+06
14	4.04633e+06
15	4.05363e+06
16	4.07353e+06
17	4.03669e+06
18	4.05109e+06
19	4.00762e+06
20	3.96928e+06
21	3.93451e+06
22	3.91383e+06
23	3.90473e+06
24	3.93256e+06
25	3.99179e+06
26	4.02977e+06
27	4.09604e+06
28	4.16479e+06
29	4.15178e+06
30	4.13871e+06
31	4.12735e+06
32	4.11393e+06
33	4.09943e+06
34	4.07951e+06
35	4.086e+06
36	4.05122e+06
37	4.01058e+06
38	4.04106e+06
39	3.97146e+06
40	3.93994e+06
41	3.90291e+06
42	3.90335e+06
43	3.92405e+06
44	3.96726e+06
45	4.0084e+06
46	4.055e+06
47	4.09506e+06
48	4.15042e+06
49	4.15821e+06
50	4.1825e+06
51	4.21654e+06
52	4.22239e+06
53	4.21447e+06
54	4.1734e+06
55	4.14921e+06
56	4.11714e+06
57	4.10765e+06
58	4.06284e+06
59	4.03916e+06
60	4.01711e+06
61	3.98733e+06
62	3.98858e+06
63	4.02671e+06
64	4.0276e+06
65	4.03958e+06
66	4.02742e+06
67	4.00985e+06
68	4.04282e+06
69	4.06949e+06
70	4.1018e+06
71	4.08685e+06
72	4.09883e+06
73	4.07424e+06
74	4.09888e+06
75	4.08013e+06
76	4.08573e+06
77	4.09131e+06
78	4.09189e+06
79	4.08572e+06
80	4.08033e+06
81	4.06632e+06
82	4.05683e+06
83	4.05665e+06
84	4.03705e+06
85	4.00086e+06
86	3.96361e+06
87	3.85469e+06
88	3.80886e+06
89	3.83727e+06
90	3.8253e+06
91	3.89374e+06
92	3.92094e+06
93	3.90481e+06
94	3.88919e+06
95	3.81676e+06
96	3.8038e+06
97	3.85986e+06
98	3.87292e+06
99	3.91958e+06
100	3.90277e+06
101	3.91728e+06
102	3.92392e+06
103	3.91811e+06
104	3.87111e+06
105	3.87521e+06
106	3.82307e+06
107	3.76907e+06
108	3.78516e+06
109	3.81216e+06
110	3.8355e+06
111	3.83853e+06
112	3.83096e+06
113	3.7681e+06
114	3.75319e+06
115	3.74262e+06
116	3.74802e+06
117	3.78324e+06
118	3.81416e+06
119	3.82842e+06
120	3.80984e+06
121	3.7966e+06
122	3.74003e+06
123	3.77772e+06
124	3.80796e+06
125	3.87424e+06
126	3.87397e+06
127	3.86656e+06
128	3.87189e+06
129	3.86698e+06
130	3.87028e+06
131	3.8577e+06
132	3.82548e+06
133	3.77989e+06
134	3.73259e+06
135	3.64594e+06
136	3.53472e+06
137	3.45617e+06
138	3.3686e+06
139	3.24585e+06
140	3.09472e+06
141	2.97871e+06
142	2.91918e+06
143	2.81438e+06
144	2.72706e+06
145	2.62255e+06
146	2.4406e+06
147	2.26757e+06
148	2.10389e+06
149	1.99459e+06
150	1.91083e+06
151	1.78573e+06
152	1.72931e+06
153	1.62603e+06
154	1.54704e+06
155	1.49455e+06
156	1.40261e+06
157	1.28514e+06
158	1.21753e+06
159	1.11885e+06
160	990445
161	914053
162	844695
163	802988
164	747554
165	708584
166	679618
167	627988
168	547906
169	547906
170	547906
171	508455
172	12684.2
173	12684.2
174	12684.2
175	12684.2
176	10851.4
