Generation	Geometric_mean
1	267.293
2	267.293
3	267.293
4	267.293
5	133811
6	133811
7	133811
8	133811
9	132943
10	134713
11	133987
12	133763
13	138704
14	140043
15	138217
16	136643
17	139650
18	139128
19	137023
20	136977
21	137163
22	138113
23	137596
24	137310
25	137401
26	136887
27	137021
28	133884
29	129878
30	125979
31	124746
32	125705
33	127907
34	127552
35	125685
36	123903
37	124276
38	124039
39	120693
40	116984
41	112025
42	106543
43	100192
44	97928.4
45	97660.3
46	97927.3
47	95694
48	92973.8
49	92543.6
50	90190.6
51	89985.4
52	82979.1
53	77033.3
54	71341.3
55	63669.3
56	59710.6
57	57408.8
58	52890.8
59	47498.2
60	41920.9
61	37427.4
62	27809.7
63	11394.3
64	5683.89
65	2677.81
66	1125.43
67	905.364
68	768.325
69	710.674
70	598.589
71	552.558
72	549.601
73	537.125
74	539.099
75	521.706
76	504.883
77	515.228
78	541.484
79	585.084
80	613.812
81	815.96
82	3601.5
83	18328.6
84	109556
85	367577
86	771360
87	1.26162e+06
88	1.5323e+06
89	1.83787e+06
90	1.8294e+06
91	2.35012e+06
92	2.53827e+06
93	2.54589e+06
94	2.73378e+06
95	2.91513e+06
96	2.98731e+06
97	3.10289e+06
98	3.14431e+06
99	3.16044e+06
100	3.12654e+06
101	3.15439e+06
102	3.19561e+06
103	3.18341e+06
104	3.14008e+06
105	3.13946e+06
106	3.10799e+06
107	3.06568e+06
108	3.07247e+06
109	3.08807e+06
110	3.10675e+06
111	3.14102e+06
112	3.14197e+06
113	3.12355e+06
114	3.09424e+06
115	3.14511e+06
116	3.13702e+06
117	3.07579e+06
118	3.03976e+06
119	3.01972e+06
120	3.00259e+06
121	3.00975e+06
122	3.03789e+06
123	3.08736e+06
124	3.06195e+06
125	3.0844e+06
126	3.07539e+06
127	3.13929e+06
128	3.24798e+06
129	3.32214e+06
130	3.33395e+06
131	3.38737e+06
132	3.39334e+06
133	3.36914e+06
134	3.32655e+06
135	3.28208e+06
136	3.25688e+06
137	3.21541e+06
138	3.21962e+06
139	3.23966e+06
140	3.26493e+06
141	3.36333e+06
142	3.42294e+06
143	3.46059e+06
144	3.50377e+06
145	3.52249e+06
146	3.53765e+06
147	3.56442e+06
148	3.63574e+06
149	3.67929e+06
150	3.71144e+06
151	3.71715e+06
152	3.72666e+06
153	3.73319e+06
154	3.74244e+06
155	3.7821e+06
156	3.79177e+06
157	3.80486e+06
158	3.8116e+06
159	3.81899e+06
160	3.82655e+06
161	3.83422e+06
162	3.83422e+06
163	3.83422e+06
164	3.83422e+06
165	3.83422e+06
166	3.83422e+06
167	3.83422e+06
168	3.83422e+06
169	3.83422e+06
170	3.83422e+06
171	3.83422e+06
172	3.83422e+06
173	3.83422e+06
174	3.83422e+06
175	3.83422e+06
176	3.83422e+06
177	3.83422e+06
178	3.83422e+06
179	3.83422e+06
180	3.83422e+06
181	3.83422e+06
182	3.83422e+06
183	3.83422e+06
184	3.83422e+06
185	3.83422e+06
186	3.83422e+06
187	3.83422e+06
188	3.83422e+06
189	3.83422e+06
190	3.83422e+06
191	3.83422e+06
192	3.83422e+06
193	3.83422e+06
194	3.83422e+06
195	3.83422e+06
196	3.83422e+06
197	3.93779e+06
