Generation	Geometric_mean
1	227.109
2	227.109
3	227.109
4	227.109
5	250270
6	250270
7	250270
8	250270
9	223665
10	221192
11	220450
12	220327
13	227344
14	230180
15	231480
16	230686
17	234315
18	233844
19	231670
20	232765
21	232696
22	237270
23	238245
24	239913
25	241456
26	233911
27	233768
28	238878
29	239051
30	240216
31	237203
32	229237
33	224949
34	221041
35	221294
36	222471
37	223576
38	225341
39	225438
40	221813
41	218309
42	216219
43	212500
44	201990
45	195862
46	192147
47	188324
48	185876
49	179619
50	172635
51	156791
52	131955
53	90308
54	53018.9
55	30259.9
56	19838.7
57	14515.9
58	10776.4
59	7956.06
60	6458.69
61	5811.79
62	5589.84
63	5344.86
64	4921.13
65	4822.47
66	4790.77
67	4725.24
68	4768.82
69	4846.18
70	4799.59
71	4748.69
72	4627.78
73	4423.04
74	4331
75	4268.51
76	4193.24
77	4123.17
78	4089.51
79	4076.63
80	4102.32
81	4060.81
82	3976.01
83	3788.31
84	3731.2
85	3711.11
86	3706.94
87	3798.01
88	3848.98
89	3856.53
90	3893.7
91	3879.34
92	3867.8
93	3928.29
94	4001.45
95	4088.57
96	4126.91
97	4222.62
98	4326.34
99	4418.95
100	4522.86
101	4569.18
102	4603.3
103	4621.28
104	4669.39
105	4682.52
106	4648.09
107	4663.92
108	4715.25
109	4713.07
110	4787.75
111	4881.11
112	4898.68
113	5069.81
114	5188.02
115	5330.84
116	5529.79
117	5649.53
118	5641.21
119	5634.64
120	5640.79
121	5651.56
122	5703.85
123	5748.29
124	5795.33
125	5882.41
126	5943.19
127	5998.84
128	5986.08
129	6061.68
130	6109.11
131	6209.96
132	6260.93
133	6265.95
134	6210.94
135	6097.77
136	6028.52
137	5956.4
138	5969.41
139	5919.72
140	5867.26
141	5811.44
142	5712.74
143	5624.07
144	5563.08
145	5492.21
146	5435.3
147	5381.04
148	5333.43
149	5272.32
150	5215.59
151	5153.9
152	5085.22
153	5042.68
154	4988.92
155	4954.65
156	4893.77
157	4843.19
158	4797.25
159	4787.52
160	4759.26
161	4740.24
162	4717.11
163	4686.59
164	4681.57
165	4681.57
166	4681.57
167	4681.57
168	4681.57
169	4681.57
170	4681.57
171	4681.57
172	4681.57
173	4681.57
174	4681.57
175	4681.57
176	4681.57
177	4681.57
178	4681.57
179	4681.57
180	4681.57
181	4681.57
182	4681.57
183	4681.57
184	4681.57
185	4681.57
186	4681.57
187	4681.57
188	4681.57
189	4681.57
190	4681.57
191	4681.57
192	4681.57
193	4681.57
194	4681.57
195	4681.57
196	4681.57
197	4510.17
