Generation	Geometric_mean
1	268.303
2	268.303
3	268.303
4	268.303
5	105443
6	105443
7	105443
8	105443
9	112601
10	113594
11	114080
12	113820
13	113395
14	113770
15	114292
16	113840
17	119216
18	120142
19	116511
20	116212
21	115611
22	117152
23	120847
24	122208
25	124603
26	125567
27	125753
28	123204
29	120653
30	118099
31	114468
32	110106
33	107428
34	103655
35	99882.5
36	98268.7
37	98276.2
38	97661.4
39	92806.3
40	92348.8
41	90398.8
42	90364.8
43	90849.3
44	91173.4
45	90825
46	87786.4
47	87115.3
48	83611.4
49	81598.3
50	77800.8
51	75632.8
52	75128.1
53	74683.9
54	71234
55	67708.5
56	66345.8
57	65254.1
58	63874.9
59	60915.7
60	55827.2
61	50314.9
62	49973.6
63	45204.6
64	37557.4
65	13697.1
66	9267.61
67	4482.16
68	2377.18
69	1505.1
70	1063.06
71	855.3
72	732.679
73	670.857
74	650.166
75	602.017
76	617.671
77	602.793
78	596.96
79	602.814
80	616.698
81	624.225
82	618.921
83	668.459
84	685.109
85	730.416
86	820.753
87	2126
88	3977.51
89	26062.5
90	161040
91	257392
92	493021
93	702474
94	760335
95	1.09628e+06
96	1.6038e+06
97	2.03647e+06
98	2.1264e+06
99	2.42317e+06
100	2.47028e+06
101	2.47264e+06
102	2.44356e+06
103	2.54024e+06
104	2.70292e+06
105	2.77627e+06
106	2.83935e+06
107	2.88315e+06
108	2.8986e+06
109	2.91483e+06
110	2.9556e+06
111	2.97956e+06
112	2.96594e+06
113	2.91691e+06
114	2.89904e+06
115	2.89728e+06
116	2.90551e+06
117	2.90599e+06
118	2.96916e+06
119	2.97903e+06
120	3.00514e+06
121	3.02415e+06
122	3.0523e+06
123	3.03495e+06
124	3.05403e+06
125	3.06064e+06
126	3.07443e+06
127	3.04855e+06
128	3.06466e+06
129	3.07787e+06
130	3.12079e+06
131	3.16855e+06
132	3.16253e+06
133	3.1425e+06
134	3.13411e+06
135	3.14987e+06
136	3.14935e+06
137	3.14167e+06
138	3.13855e+06
139	3.16346e+06
140	3.22729e+06
141	3.26648e+06
142	3.31217e+06
143	3.35117e+06
144	3.38435e+06
145	3.41874e+06
146	3.46398e+06
147	3.50203e+06
148	3.54935e+06
149	3.56577e+06
150	3.62488e+06
151	3.63015e+06
152	3.64303e+06
153	3.69303e+06
154	3.71264e+06
155	3.72808e+06
156	3.75497e+06
157	3.77289e+06
158	3.77745e+06
159	3.78082e+06
160	3.78082e+06
161	3.78082e+06
162	3.78082e+06
163	3.78082e+06
164	3.78082e+06
165	3.78082e+06
166	3.78082e+06
167	3.78082e+06
168	3.78082e+06
169	3.78082e+06
170	3.78082e+06
171	3.78082e+06
172	3.78082e+06
173	3.78082e+06
174	3.78082e+06
175	3.78082e+06
176	3.78082e+06
177	3.78082e+06
178	3.78082e+06
179	3.78082e+06
180	3.78082e+06
181	3.78082e+06
182	3.78082e+06
183	3.78082e+06
184	3.78082e+06
185	3.78082e+06
186	3.78082e+06
187	3.78082e+06
188	3.78082e+06
189	3.78082e+06
190	3.78082e+06
191	3.78082e+06
192	3.78082e+06
193	3.78082e+06
194	3.78082e+06
195	3.78082e+06
196	3.78082e+06
197	3.81723e+06
