Generation	Geometric_mean
1	137.964
2	137.964
3	137.964
4	137.964
5	3.91061e+06
6	3.91061e+06
7	3.91061e+06
8	3.91061e+06
9	4.16684e+06
10	4.23234e+06
11	4.26783e+06
12	4.27271e+06
13	4.32953e+06
14	4.38954e+06
15	4.39434e+06
16	4.39886e+06
17	4.41637e+06
18	4.40022e+06
19	4.35409e+06
20	4.36284e+06
21	4.35125e+06
22	4.33917e+06
23	4.40948e+06
24	4.41793e+06
25	4.43973e+06
26	4.4685e+06
27	4.48854e+06
28	4.49304e+06
29	4.48717e+06
30	4.46974e+06
31	4.47206e+06
32	4.47992e+06
33	4.47875e+06
34	4.47038e+06
35	4.48491e+06
36	4.43717e+06
37	4.43316e+06
38	4.45014e+06
39	4.44528e+06
40	4.42401e+06
41	4.39747e+06
42	4.36138e+06
43	4.3276e+06
44	4.30337e+06
45	4.34156e+06
46	4.36998e+06
47	4.3767e+06
48	4.38591e+06
49	4.43031e+06
50	4.41011e+06
51	4.36401e+06
52	4.26565e+06
53	4.19346e+06
54	4.1332e+06
55	4.12719e+06
56	4.22921e+06
57	4.22507e+06
58	4.22622e+06
59	4.25832e+06
60	4.29098e+06
61	4.29444e+06
62	4.30063e+06
63	4.30646e+06
64	4.24496e+06
65	4.20126e+06
66	4.21297e+06
67	4.28749e+06
68	4.35583e+06
69	4.3762e+06
70	4.34975e+06
71	4.31887e+06
72	4.31418e+06
73	4.28987e+06
74	4.26605e+06
75	4.22475e+06
76	4.2661e+06
77	4.25873e+06
78	4.24342e+06
79	4.25226e+06
80	4.24589e+06
81	4.24832e+06
82	4.30237e+06
83	4.35335e+06
84	4.39401e+06
85	4.43493e+06
86	4.41171e+06
87	4.39055e+06
88	4.32031e+06
89	4.26518e+06
90	4.22586e+06
91	4.21854e+06
92	4.21187e+06
93	4.20383e+06
94	4.20029e+06
95	4.18227e+06
96	4.13331e+06
97	4.1675e+06
98	4.22136e+06
99	4.2712e+06
100	4.31078e+06
101	4.27922e+06
102	4.21189e+06
103	4.18227e+06
104	4.12892e+06
105	4.13471e+06
106	4.13531e+06
107	4.05214e+06
108	4.02965e+06
109	4.04363e+06
110	4.06768e+06
111	4.12757e+06
112	4.16992e+06
113	4.1863e+06
114	4.23657e+06
115	4.28734e+06
116	4.30132e+06
117	4.30287e+06
118	4.2872e+06
119	4.27563e+06
120	4.28102e+06
121	4.28977e+06
122	4.27905e+06
123	4.26197e+06
124	4.23649e+06
125	4.21333e+06
126	4.20073e+06
127	4.20326e+06
128	4.23793e+06
129	4.26182e+06
130	4.2866e+06
131	4.29035e+06
132	4.30091e+06
133	4.3191e+06
134	4.32481e+06
135	4.33766e+06
136	4.36029e+06
137	4.34839e+06
138	4.35678e+06
139	4.34642e+06
140	4.34984e+06
141	4.34556e+06
142	4.34547e+06
143	4.34121e+06
144	4.3397e+06
145	4.33881e+06
146	4.3394e+06
147	4.3394e+06
148	4.3394e+06
149	4.3394e+06
150	4.3394e+06
151	4.3394e+06
152	4.3394e+06
153	4.3394e+06
154	4.3394e+06
155	4.3394e+06
156	4.3394e+06
157	4.3394e+06
158	4.3394e+06
159	4.3394e+06
160	4.3394e+06
161	4.3394e+06
162	4.3394e+06
163	4.3394e+06
164	4.3394e+06
165	4.3394e+06
166	4.3394e+06
167	4.3394e+06
168	4.31007e+06
169	4.11752e+06
170	2.38573e+06
171	204462
172	204462
173	204462
174	204462
175	4403.49
176	4403.49
177	4403.49
178	4403.49
179	3675.77
