Generation	Geometric_mean
1	1365.09
2	1365.09
3	1365.09
4	1365.09
5	1173.71
6	1145.3
7	1028.95
8	1005.96
9	866.16
10	847.263
11	897.38
12	868.112
13	991.478
14	1003.57
15	968.785
16	1026.65
17	1054.16
18	1125.75
19	1131.73
20	1152.15
21	1263.01
22	1257.74
23	1822.99
24	2172.21
25	2743.34
26	3006.75
27	11640.4
28	39510.6
29	63833
30	77279.1
31	84319.6
32	82536.3
33	81935.9
34	83342.9
35	82729.8
36	82533.9
37	83397.8
38	83851.2
39	84181.2
40	84973.9
41	85406.2
42	86047.2
43	86365
44	85413.2
45	86018.1
46	85836.9
47	84682.1
48	86991.4
49	89585.8
50	90318.5
51	92735.6
52	93203
53	93636.3
54	92793.8
55	94651.3
56	94865.9
57	95166.1
58	95539.2
59	96797.8
60	95086.6
61	95016.4
62	93638.5
63	93237.8
64	92900.8
65	93647.3
66	91792.9
67	92560.1
68	94125.7
69	92431.8
70	94573
71	96290.6
72	95309.6
73	94342.3
74	93750.4
75	94429.9
76	94084
77	95927.6
78	97197.1
79	95902.7
80	95349.1
81	95321.3
82	94029.1
83	94246.3
84	94211.7
85	94797
86	93156.7
87	91193.8
88	89968.9
89	88550.5
90	88313.1
91	88642.2
92	90978.3
93	91146.5
94	89519
95	89159.9
96	89084.7
97	89970.3
98	90453.9
99	91086.9
100	91092.1
101	88910
102	88087.5
103	87116.1
104	87222.8
105	87270.8
106	88142.1
107	88405.1
108	87918.8
109	85433.3
110	85912.8
111	87310.3
112	87020.9
113	90090.1
114	90652.7
115	89610
116	92055.7
117	92919.7
118	92412.7
119	90991.1
120	90610.5
121	88144
122	85306.3
123	84407.8
124	81569.2
125	75080.9
126	71402.9
127	64491.3
128	51190.1
129	41235.7
130	33126.4
131	25633.2
132	18434.9
133	12522.4
134	8249.18
135	6162.08
136	5138.55
137	4901.37
138	4663.29
139	4617.56
140	4629.08
141	4655.96
142	4661.07
143	4636.73
144	4545.82
145	4498.09
146	4481.31
147	4441.23
148	4476.44
149	4499.53
150	4536.15
151	4635.84
152	4633.74
153	4664.61
154	4724.15
155	4779.38
156	4782.26
157	4794.86
158	4809.38
159	4815.7
160	4815.7
161	4815.7
162	4815.7
163	4815.7
164	4815.7
165	4815.7
166	4815.7
167	4815.7
168	4815.7
169	4815.7
170	4815.7
171	4815.7
172	4815.7
173	4815.7
174	4815.7
175	4815.7
176	4815.7
177	4815.7
178	4815.7
179	4815.7
180	4815.7
181	4815.7
182	4815.7
183	4815.7
184	4815.7
185	4815.7
186	4815.7
187	4815.7
188	4815.7
189	4815.7
190	4815.7
191	4815.7
192	4815.7
193	4815.7
194	4815.7
195	4815.7
196	4815.7
197	5387.91
