Generation	Geometric_mean
1	93966.1
2	93966.1
3	93966.1
4	93966.1
5	89670.1
6	36221.2
7	20154.3
8	2439.77
9	2439.77
10	1014.96
11	421.144
12	93.3674
13	93.3674
14	98.0127
15	98.0127
16	118149
17	260773
18	2.45168e+06
19	2.45168e+06
20	3.21318e+06
21	3.51397e+06
22	3.6551e+06
23	3.71892e+06
24	3.70559e+06
25	3.68867e+06
26	3.67012e+06
27	3.67853e+06
28	3.89316e+06
29	3.99261e+06
30	4.02341e+06
31	4.03286e+06
32	4.05502e+06
33	4.05768e+06
34	4.08485e+06
35	4.06355e+06
36	4.04415e+06
37	4.02481e+06
38	4.02303e+06
39	4.00803e+06
40	3.9453e+06
41	3.92003e+06
42	3.90576e+06
43	3.90327e+06
44	3.89359e+06
45	3.92984e+06
46	3.90926e+06
47	3.89449e+06
48	3.87582e+06
49	3.91281e+06
50	3.94749e+06
51	3.98301e+06
52	4.02592e+06
53	4.05514e+06
54	4.06005e+06
55	4.04962e+06
56	4.04448e+06
57	4.08805e+06
58	4.08568e+06
59	4.11636e+06
60	4.11059e+06
61	4.14985e+06
62	4.15164e+06
63	4.10502e+06
64	4.16105e+06
65	4.15374e+06
66	4.13915e+06
67	4.17677e+06
68	4.19488e+06
69	4.21384e+06
70	4.29999e+06
71	4.32743e+06
72	4.36384e+06
73	4.38662e+06
74	4.39665e+06
75	4.38974e+06
76	4.30862e+06
77	4.30062e+06
78	4.29129e+06
79	4.26777e+06
80	4.25466e+06
81	4.27863e+06
82	4.2516e+06
83	4.23414e+06
84	4.18254e+06
85	4.15135e+06
86	4.17343e+06
87	4.22189e+06
88	4.30299e+06
89	4.30267e+06
90	4.30357e+06
91	4.30942e+06
92	4.29348e+06
93	4.26103e+06
94	4.2554e+06
95	4.19727e+06
96	4.18101e+06
97	4.15979e+06
98	4.16151e+06
99	4.18254e+06
100	4.22526e+06
101	4.2868e+06
102	4.34457e+06
103	4.38017e+06
104	4.36451e+06
105	4.34112e+06
106	4.35188e+06
107	4.32878e+06
108	4.31027e+06
109	4.36955e+06
110	4.37702e+06
111	4.39943e+06
112	4.47344e+06
113	4.49706e+06
114	4.50774e+06
115	4.49645e+06
116	4.47445e+06
117	4.4738e+06
118	4.44336e+06
119	4.43231e+06
120	4.44276e+06
121	4.47362e+06
122	4.53944e+06
123	4.58501e+06
124	4.63475e+06
125	4.67655e+06
126	4.69452e+06
127	4.7297e+06
128	4.75785e+06
129	4.77606e+06
130	4.78334e+06
131	4.79956e+06
132	4.8114e+06
133	4.82138e+06
134	4.83205e+06
135	4.84483e+06
136	4.85369e+06
137	4.85791e+06
138	4.86274e+06
139	4.86352e+06
140	4.86352e+06
141	4.86352e+06
142	4.86352e+06
143	4.86352e+06
144	4.86352e+06
145	4.86352e+06
146	4.86352e+06
147	4.86352e+06
148	4.86352e+06
149	4.86352e+06
150	4.86352e+06
151	4.86352e+06
152	4.86352e+06
153	4.86352e+06
154	4.86352e+06
155	4.86352e+06
156	4.86352e+06
157	4.86352e+06
158	4.86352e+06
159	4.86352e+06
160	4.86352e+06
161	4.86352e+06
162	4.86352e+06
163	4.86352e+06
164	4.86352e+06
165	4.86352e+06
166	4.86352e+06
167	4.86352e+06
168	4.86352e+06
169	4.86352e+06
170	4.89536e+06
