Generation	Geometric_mean
1	197.295
2	197.295
3	197.295
4	197.295
5	327901
6	327901
7	327901
8	327901
9	354383
10	358141
11	357064
12	357539
13	371168
14	377508
15	382533
16	382123
17	372988
18	360653
19	358286
20	348744
21	348052
22	350603
23	354947
24	359709
25	367376
26	373626
27	376232
28	379444
29	387973
30	389870
31	385673
32	384116
33	383705
34	375699
35	371995
36	370187
37	358996
38	350805
39	349654
40	345984
41	341491
42	345428
43	345503
44	347400
45	346234
46	350257
47	344244
48	335408
49	326175
50	315560
51	311006
52	298930
53	292495
54	292277
55	294604
56	288833
57	278814
58	275442
59	263397
60	260677
61	251996
62	248048
63	228637
64	220866
65	216813
66	210906
67	200731
68	184283
69	177359
70	168152
71	159192
72	143219
73	135028
74	125071
75	118640
76	105159
77	96161.9
78	88234.1
79	86937.5
80	87731.7
81	86811.3
82	84935.4
83	81680.8
84	76668.5
85	77771.9
86	76956.9
87	73318.3
88	69522
89	65192.9
90	61651.4
91	42253
92	27263.6
93	13761.8
94	7788.22
95	4349.76
96	2786.16
97	2283.17
98	1893.06
99	1467.6
100	1310.14
101	1252.08
102	1151.48
103	1080.58
104	1025.88
105	1001.72
106	959.824
107	931.069
108	907.989
109	924.545
110	953.418
111	993.073
112	1001.98
113	1020.34
114	1057.06
115	1078.7
116	1103.8
117	1122.61
118	1123.82
119	1157.88
120	1185.14
121	1201.17
122	2834.02
123	3660.9
124	4931.69
125	8830.83
126	25090.8
127	63345.2
128	125740
129	152312
130	220330
131	245700
132	302288
133	358788
134	403777
135	408746
136	416462
137	418773
138	424161
139	437314
140	474269
141	483336
142	508324
143	529502
144	559904
145	576980
146	599640
147	618581
148	632369
149	639569
150	648337
151	654316
152	656872
153	661267
154	667051
155	669434
156	670747
157	671623
158	672381
159	672381
160	672381
161	672381
162	672381
163	672381
164	672381
165	672381
166	676906
167	676906
168	676906
169	676906
170	676906
171	686651
172	686651
173	691742
174	701854
175	712172
176	717369
177	722832
178	722832
179	722832
180	722832
181	722832
182	722832
183	722832
184	722832
185	722832
186	722832
187	722832
188	722832
189	722832
190	722832
191	722832
192	722832
193	722832
194	722832
195	722832
196	722832
197	728299
