Generation	Geometric_mean
1	270.932
2	270.932
3	270.932
4	270.932
5	39038.4
6	39038.4
7	39038.4
8	39038.4
9	44278.8
10	45397.8
11	46027.3
12	46415.2
13	49432.2
14	50587.3
15	50939.1
16	51480.5
17	52413.3
18	52982.3
19	53293
20	52712.6
21	50419.3
22	48391.5
23	46632.8
24	45519.8
25	45873.4
26	45569
27	45189.8
28	43751.6
29	43667.1
30	43116.1
31	42858.6
32	42561
33	42086.8
34	41298.6
35	40214.8
36	39614.4
37	39273.6
38	39478.1
39	40395.1
40	40062
41	38398.8
42	37332.1
43	36316.4
44	35360
45	35101.3
46	34642
47	33851.6
48	32571.6
49	30672.5
50	30370.4
51	30576.1
52	30903.7
53	32538.2
54	32282.7
55	26073
56	20577.2
57	11161
58	6536.15
59	3108.77
60	1750.11
61	1327.09
62	1222.06
63	1061.08
64	1025.02
65	982.242
66	958.089
67	948.89
68	911.803
69	914.04
70	938.938
71	889.917
72	901.096
73	884.241
74	876.026
75	878.983
76	894.098
77	910.221
78	938.983
79	971.631
80	998.284
81	1022.01
82	1026.06
83	1087.11
84	1207.65
85	1545.56
86	1784.03
87	2298.77
88	5587.78
89	18250.6
90	49326.7
91	95490
92	225430
93	478527
94	720515
95	1.02818e+06
96	1.05077e+06
97	1.10969e+06
98	1.16273e+06
99	1.32987e+06
100	1.53782e+06
101	1.50086e+06
102	1.52103e+06
103	1.50681e+06
104	1.49365e+06
105	1.47926e+06
106	1.48568e+06
107	1.50282e+06
108	1.51864e+06
109	1.56891e+06
110	1.59165e+06
111	1.59458e+06
112	1.61189e+06
113	1.72301e+06
114	1.75444e+06
115	1.6951e+06
116	1.67766e+06
117	1.67328e+06
118	1.65988e+06
119	1.63348e+06
120	1.62012e+06
121	1.5904e+06
122	1.5871e+06
123	1.59249e+06
124	1.61507e+06
125	1.65289e+06
126	1.69332e+06
127	1.71465e+06
128	1.69821e+06
129	1.70339e+06
130	1.7032e+06
131	1.70732e+06
132	1.72836e+06
133	1.76121e+06
134	1.7444e+06
135	1.7417e+06
136	1.73156e+06
137	1.73077e+06
138	1.73106e+06
139	1.73341e+06
140	1.75681e+06
141	1.75064e+06
142	1.75907e+06
143	1.77243e+06
144	1.79597e+06
145	1.80595e+06
146	1.83849e+06
147	1.86106e+06
148	1.88403e+06
149	1.90164e+06
150	1.90564e+06
151	1.93005e+06
152	1.92886e+06
153	1.93604e+06
154	1.93648e+06
155	1.94106e+06
156	1.94139e+06
157	1.94659e+06
158	1.94963e+06
159	1.95306e+06
160	1.95588e+06
161	1.95588e+06
162	1.95588e+06
163	1.95588e+06
164	1.95588e+06
165	1.95588e+06
166	1.95588e+06
167	1.95588e+06
168	1.95588e+06
169	1.95588e+06
170	1.95588e+06
171	1.95588e+06
172	1.95588e+06
173	1.95588e+06
174	1.95588e+06
175	1.95588e+06
176	1.95588e+06
177	1.95588e+06
178	1.95588e+06
179	1.95588e+06
180	1.95588e+06
181	1.95588e+06
182	1.95588e+06
183	1.95588e+06
184	1.95588e+06
185	1.95588e+06
186	1.95588e+06
187	1.95588e+06
188	1.95588e+06
189	1.95588e+06
190	1.95588e+06
191	1.95588e+06
192	1.95588e+06
193	1.95588e+06
194	1.95588e+06
195	1.95588e+06
196	1.95588e+06
197	1.93305e+06
