Generation	Geometric_mean
1	113.603
2	113.603
3	113.603
4	113.603
5	3.99233e+06
6	3.99233e+06
7	3.99233e+06
8	3.99233e+06
9	4.15325e+06
10	4.18435e+06
11	4.19643e+06
12	4.19751e+06
13	4.12608e+06
14	4.16859e+06
15	4.16577e+06
16	4.15087e+06
17	4.23773e+06
18	4.26557e+06
19	4.24581e+06
20	4.25979e+06
21	4.27226e+06
22	4.27236e+06
23	4.29027e+06
24	4.30526e+06
25	4.32827e+06
26	4.30072e+06
27	4.23527e+06
28	4.22925e+06
29	4.24413e+06
30	4.26064e+06
31	4.25236e+06
32	4.29335e+06
33	4.32505e+06
34	4.36877e+06
35	4.40672e+06
36	4.47007e+06
37	4.49538e+06
38	4.48646e+06
39	4.44257e+06
40	4.39264e+06
41	4.34303e+06
42	4.29375e+06
43	4.27271e+06
44	4.22379e+06
45	4.18027e+06
46	4.18939e+06
47	4.10765e+06
48	4.11665e+06
49	4.1267e+06
50	4.11238e+06
51	4.12118e+06
52	4.13556e+06
53	4.13386e+06
54	4.16626e+06
55	4.21947e+06
56	4.35952e+06
57	4.37919e+06
58	4.38191e+06
59	4.42386e+06
60	4.41579e+06
61	4.42424e+06
62	4.44473e+06
63	4.4117e+06
64	4.34674e+06
65	4.28541e+06
66	4.24203e+06
67	4.22583e+06
68	4.27977e+06
69	4.33119e+06
70	4.33325e+06
71	4.32342e+06
72	4.27758e+06
73	4.24885e+06
74	4.19728e+06
75	4.18142e+06
76	4.19833e+06
77	4.19244e+06
78	4.17033e+06
79	4.11164e+06
80	4.09562e+06
81	4.05327e+06
82	3.98538e+06
83	3.95374e+06
84	3.9426e+06
85	3.94491e+06
86	3.95262e+06
87	3.98945e+06
88	3.98526e+06
89	3.96243e+06
90	3.93907e+06
91	3.96058e+06
92	3.9747e+06
93	4.02266e+06
94	4.01792e+06
95	4.05222e+06
96	4.01759e+06
97	3.96774e+06
98	3.91918e+06
99	3.91851e+06
100	3.951e+06
101	3.95508e+06
102	3.97863e+06
103	3.94936e+06
104	3.94905e+06
105	3.88511e+06
106	3.8787e+06
107	3.84606e+06
108	3.84493e+06
109	3.86858e+06
110	3.85576e+06
111	3.81281e+06
112	3.77215e+06
113	3.69558e+06
114	3.65563e+06
115	3.65054e+06
116	3.59508e+06
117	3.59488e+06
118	3.61579e+06
119	3.59688e+06
120	3.59425e+06
121	3.54581e+06
122	3.48412e+06
123	3.45253e+06
124	3.44617e+06
125	3.398e+06
126	3.33854e+06
127	3.28964e+06
128	3.23583e+06
129	3.16548e+06
130	3.06045e+06
131	2.99588e+06
132	2.93799e+06
133	2.902e+06
134	2.83353e+06
135	2.73777e+06
136	2.60387e+06
137	2.47341e+06
138	2.36748e+06
139	2.29977e+06
140	2.20659e+06
141	2.1392e+06
142	2.09038e+06
143	2.04552e+06
144	2.00247e+06
145	1.94672e+06
146	1.90882e+06
147	1.85811e+06
148	1.83492e+06
149	1.82654e+06
150	1.82276e+06
151	1.8181e+06
152	1.81441e+06
153	1.81441e+06
154	1.81044e+06
155	1.80698e+06
156	1.80698e+06
157	1.80698e+06
158	1.8035e+06
159	1.8035e+06
160	1.79977e+06
161	1.76722e+06
162	1.74328e+06
163	1.68065e+06
164	1.68065e+06
165	1.68065e+06
166	1.11752e+06
167	38428.7
168	38428.7
169	38428.7
170	38428.7
171	788.197
172	788.197
173	788.197
174	788.197
175	657.048
