Generation	Geometric_mean
1	343.938
2	343.938
3	343.938
4	343.938
5	8175.25
6	8175.25
7	8175.25
8	8175.25
9	9658.34
10	9976.89
11	10010.8
12	10010.8
13	10249
14	10317
15	10158.1
16	9916.99
17	9454.21
18	9263.47
19	8900.19
20	8489.36
21	7914.07
22	7356.42
23	6733.56
24	5904.32
25	5707.39
26	4505.62
27	2339.3
28	1306.64
29	811.389
30	572.897
31	542.227
32	535.076
33	544.497
34	571.575
35	634.892
36	1004.88
37	4477.93
38	33788.2
39	404718
40	2.24232e+06
41	3.0862e+06
42	3.31603e+06
43	3.26631e+06
44	3.22307e+06
45	3.27714e+06
46	3.3079e+06
47	3.31425e+06
48	3.32144e+06
49	3.32572e+06
50	3.30553e+06
51	3.22877e+06
52	3.26171e+06
53	3.24942e+06
54	3.25348e+06
55	3.30604e+06
56	3.30857e+06
57	3.32818e+06
58	3.34848e+06
59	3.34468e+06
60	3.48811e+06
61	3.50731e+06
62	3.49829e+06
63	3.55678e+06
64	3.55013e+06
65	3.53982e+06
66	3.53838e+06
67	3.55094e+06
68	3.58431e+06
69	3.61298e+06
70	3.65741e+06
71	3.7091e+06
72	3.7229e+06
73	3.75846e+06
74	3.71636e+06
75	3.65265e+06
76	3.63187e+06
77	3.57561e+06
78	3.58538e+06
79	3.56123e+06
80	3.61591e+06
81	3.62295e+06
82	3.66153e+06
83	3.68252e+06
84	3.68535e+06
85	3.71321e+06
86	3.75489e+06
87	3.72392e+06
88	3.7184e+06
89	3.7247e+06
90	3.74029e+06
91	3.69439e+06
92	3.66498e+06
93	3.61715e+06
94	3.66282e+06
95	3.63787e+06
96	3.68549e+06
97	3.65365e+06
98	3.63223e+06
99	3.58993e+06
100	3.58545e+06
101	3.59116e+06
102	3.55115e+06
103	3.50778e+06
104	3.55497e+06
105	3.56769e+06
106	3.61996e+06
107	3.60755e+06
108	3.64726e+06
109	3.67579e+06
110	3.67884e+06
111	3.74057e+06
112	3.78687e+06
113	3.78249e+06
114	3.82131e+06
115	3.85333e+06
116	3.81065e+06
117	3.75698e+06
118	3.70848e+06
119	3.68554e+06
120	3.68659e+06
121	3.73138e+06
122	3.79397e+06
123	3.8276e+06
124	3.87335e+06
125	3.86193e+06
126	3.82956e+06
127	3.81582e+06
128	3.81806e+06
129	3.7982e+06
130	3.78265e+06
131	3.82138e+06
132	3.89616e+06
133	3.95847e+06
134	4.03006e+06
135	4.09734e+06
136	4.12072e+06
137	4.12634e+06
138	4.15722e+06
139	4.17272e+06
140	4.18165e+06
141	4.21e+06
142	4.21535e+06
143	4.22038e+06
144	4.21482e+06
145	4.21323e+06
146	4.24081e+06
147	4.27513e+06
148	4.32987e+06
149	4.37366e+06
150	4.40089e+06
151	4.43283e+06
152	4.47401e+06
153	4.52076e+06
154	4.57004e+06
155	4.59565e+06
156	4.61455e+06
157	4.63915e+06
158	4.65228e+06
159	4.66327e+06
160	4.66327e+06
161	4.66327e+06
162	4.66327e+06
163	4.66327e+06
164	4.66327e+06
165	4.66327e+06
166	4.66327e+06
167	4.66327e+06
168	4.66327e+06
169	4.66327e+06
170	4.66327e+06
171	4.66327e+06
172	4.66327e+06
173	4.66327e+06
174	4.66327e+06
175	4.66327e+06
176	4.66327e+06
177	4.66327e+06
178	4.66327e+06
179	4.66327e+06
180	4.66327e+06
181	4.66327e+06
182	4.66327e+06
183	4.66327e+06
184	4.66327e+06
185	4.66327e+06
186	4.66327e+06
187	4.66327e+06
188	4.66327e+06
189	4.66327e+06
190	4.66327e+06
191	4.66327e+06
192	4.66327e+06
193	4.66327e+06
194	4.66327e+06
195	4.66327e+06
196	4.66327e+06
197	4.68918e+06
