Generation	Geometric_mean
1	223.142
2	223.142
3	223.142
4	223.142
5	272532
6	272532
7	272532
8	272532
9	256886
10	256975
11	256807
12	256775
13	259727
14	266631
15	269865
16	272220
17	288618
18	286569
19	283749
20	283984
21	282804
22	280842
23	275264
24	269232
25	264061
26	263161
27	257758
28	256681
29	248666
30	251639
31	265301
32	269865
33	274078
34	276626
35	269332
36	256614
37	254028
38	252465
39	256641
40	262117
41	256205
42	241315
43	233332
44	226939
45	220269
46	215343
47	207999
48	200245
49	188521
50	193959
51	192871
52	191298
53	191802
54	188176
55	180975
56	173547
57	169110
58	165921
59	165537
60	163917
61	146001
62	139533
63	131564
64	128448
65	112173
66	100773
67	86310.8
68	57594
69	40316.5
70	27783.4
71	17683.7
72	12645.7
73	7994.13
74	6489
75	5826.59
76	5691.18
77	5569.21
78	5238.55
79	4925.55
80	4907.92
81	4949.19
82	4980.86
83	4989.79
84	4878.06
85	4815.67
86	4767.25
87	4499.63
88	4427.47
89	4329.99
90	4295.1
91	4334.75
92	4328.82
93	4353.04
94	4324.42
95	4175.83
96	4064.04
97	3968.75
98	3817.45
99	3794.68
100	3617.83
101	3481.27
102	3418.27
103	3316.08
104	3246.94
105	3152.41
106	3092.58
107	3006.19
108	2871.7
109	2822.22
110	2774.07
111	2781.02
112	2730.65
113	2637.45
114	2514.97
115	2449.9
116	2351.49
117	2338.45
118	2254.5
119	2196.68
120	2169.38
121	2175.58
122	2113.54
123	2036.83
124	2001.98
125	1954.47
126	1909.06
127	1865.59
128	1768.97
129	1746.27
130	1727.4
131	1678.71
132	1661.74
133	1681.65
134	1642.64
135	1614.95
136	1608.05
137	1588.11
138	1577.13
139	1614.06
140	1684.9
141	1722.45
142	1754.19
143	1760.91
144	1831.41
145	1897.03
146	1980.85
147	2057.07
148	2096.99
149	2084.81
150	2135.24
151	2206.69
152	2271.45
153	2395.45
154	2587.55
155	2906.01
156	3276.56
157	3638.55
158	4028.35
159	4346.54
160	4731.53
161	5279.02
162	5810.64
163	6248.05
164	6383.17
165	6507.92
166	6608.33
167	6825.56
168	6910.49
169	6996.68
170	7041.37
171	7107.51
172	7107.51
173	7107.51
174	7107.51
175	7107.51
176	7107.51
177	7107.51
178	7107.51
179	7107.51
180	7107.51
181	7107.51
182	7107.51
183	7107.51
184	7107.51
185	7107.51
186	7107.51
187	7107.51
188	7107.51
189	7107.51
190	7107.51
191	7107.51
192	7107.51
193	7107.51
194	7107.51
195	7107.51
196	7107.51
197	7330.89
