Generation	Geometric_mean
1	238.879
2	238.879
3	238.879
4	238.879
5	137336
6	137336
7	137336
8	137336
9	137870
10	137319
11	136930
12	136794
13	143740
14	145131
15	142478
16	141480
17	143697
18	146425
19	146276
20	149115
21	154319
22	158595
23	161889
24	159989
25	156383
26	155827
27	157393
28	160222
29	161389
30	161167
31	161008
32	160443
33	158294
34	155173
35	154409
36	153722
37	147190
38	142258
39	138670
40	136399
41	132075
42	129103
43	124365
44	119877
45	116434
46	116200
47	115058
48	115538
49	115557
50	110884
51	102201
52	93512
53	90913.5
54	88391.2
55	79451.9
56	72540.1
57	68870.8
58	63537
59	52436.1
60	37937.7
61	28839.7
62	11411
63	5070.89
64	2103.75
65	1420.62
66	1041.01
67	771.009
68	652.486
69	603.189
70	590.46
71	586.696
72	576.387
73	584.69
74	574.005
75	580.244
76	634.885
77	683.479
78	1416.69
79	3359.99
80	11985.7
81	70483.8
82	474659
83	636472
84	1.25924e+06
85	2.00307e+06
86	2.3434e+06
87	2.56318e+06
88	2.85803e+06
89	3.21607e+06
90	3.20925e+06
91	3.18816e+06
92	3.18467e+06
93	3.22587e+06
94	3.2237e+06
95	3.22178e+06
96	3.19239e+06
97	3.19972e+06
98	3.20378e+06
99	3.20042e+06
100	3.16851e+06
101	3.18744e+06
102	3.24333e+06
103	3.30781e+06
104	3.36374e+06
105	3.39749e+06
106	3.40968e+06
107	3.39559e+06
108	3.35297e+06
109	3.30267e+06
110	3.29226e+06
111	3.28059e+06
112	3.25805e+06
113	3.34775e+06
114	3.42282e+06
115	3.48456e+06
116	3.4905e+06
117	3.51059e+06
118	3.50077e+06
119	3.51784e+06
120	3.47767e+06
121	3.44127e+06
122	3.37612e+06
123	3.31364e+06
124	3.23763e+06
125	3.22126e+06
126	3.1921e+06
127	3.15862e+06
128	3.16026e+06
129	3.18248e+06
130	3.17688e+06
131	3.17365e+06
132	3.17613e+06
133	3.22312e+06
134	3.28623e+06
135	3.33723e+06
136	3.38305e+06
137	3.41205e+06
138	3.4255e+06
139	3.43637e+06
140	3.46226e+06
141	3.48668e+06
142	3.50847e+06
143	3.55362e+06
144	3.56467e+06
145	3.61444e+06
146	3.65299e+06
147	3.73739e+06
148	3.79439e+06
149	3.82973e+06
150	3.85436e+06
151	3.88143e+06
152	3.87745e+06
153	3.89719e+06
154	3.92213e+06
155	3.94165e+06
156	3.94522e+06
157	3.94435e+06
158	3.93927e+06
159	3.92792e+06
160	3.91591e+06
161	3.9156e+06
162	3.91147e+06
163	3.91147e+06
164	3.91147e+06
165	3.91147e+06
166	3.91147e+06
167	3.91147e+06
168	3.91147e+06
169	3.91147e+06
170	3.91147e+06
171	3.91147e+06
172	3.91147e+06
173	3.91147e+06
174	3.91147e+06
175	3.91147e+06
176	3.91147e+06
177	3.91147e+06
178	3.91147e+06
179	3.91147e+06
180	3.91147e+06
181	3.91147e+06
182	3.91147e+06
183	3.91147e+06
184	3.91147e+06
185	3.91147e+06
186	3.91147e+06
187	3.91147e+06
188	3.91147e+06
189	3.91147e+06
190	3.91147e+06
191	3.91147e+06
192	3.91147e+06
193	3.91147e+06
194	3.91147e+06
195	3.91147e+06
196	3.91197e+06
