Generation	Geometric_mean
1	132.485
2	132.485
3	132.485
4	132.485
5	4.04413e+06
6	4.04413e+06
7	4.04413e+06
8	4.04413e+06
9	4.32982e+06
10	4.42886e+06
11	4.44037e+06
12	4.44295e+06
13	4.54407e+06
14	4.64349e+06
15	4.67523e+06
16	4.6784e+06
17	4.69996e+06
18	4.69563e+06
19	4.69268e+06
20	4.68979e+06
21	4.69465e+06
22	4.73791e+06
23	4.74827e+06
24	4.74939e+06
25	4.74561e+06
26	4.73815e+06
27	4.7371e+06
28	4.73215e+06
29	4.75473e+06
30	4.75976e+06
31	4.7193e+06
32	4.72513e+06
33	4.72201e+06
34	4.72679e+06
35	4.74438e+06
36	4.72934e+06
37	4.7191e+06
38	4.7129e+06
39	4.71747e+06
40	4.71152e+06
41	4.71078e+06
42	4.72438e+06
43	4.72063e+06
44	4.72184e+06
45	4.70138e+06
46	4.70201e+06
47	4.69868e+06
48	4.72911e+06
49	4.7435e+06
50	4.7624e+06
51	4.7909e+06
52	4.78299e+06
53	4.77093e+06
54	4.74973e+06
55	4.74178e+06
56	4.74269e+06
57	4.72035e+06
58	4.72556e+06
59	4.73947e+06
60	4.7387e+06
61	4.74021e+06
62	4.73696e+06
63	4.73963e+06
64	4.73415e+06
65	4.73661e+06
66	4.72447e+06
67	4.69428e+06
68	4.65049e+06
69	4.63621e+06
70	4.6146e+06
71	4.57857e+06
72	4.56816e+06
73	4.54816e+06
74	4.55502e+06
75	4.54665e+06
76	4.58105e+06
77	4.59017e+06
78	4.6013e+06
79	4.62255e+06
80	4.65857e+06
81	4.6745e+06
82	4.67841e+06
83	4.68097e+06
84	4.67927e+06
85	4.67688e+06
86	4.65903e+06
87	4.65575e+06
88	4.61342e+06
89	4.58365e+06
90	4.55961e+06
91	4.52953e+06
92	4.54394e+06
93	4.55993e+06
94	4.57493e+06
95	4.5955e+06
96	4.60329e+06
97	4.59326e+06
98	4.58518e+06
99	4.5796e+06
100	4.55358e+06
101	4.53946e+06
102	4.50526e+06
103	4.52951e+06
104	4.5095e+06
105	4.53981e+06
106	4.60299e+06
107	4.58904e+06
108	4.60639e+06
109	4.58365e+06
110	4.54542e+06
111	4.53644e+06
112	4.50964e+06
113	4.47215e+06
114	4.4602e+06
115	4.45954e+06
116	4.46731e+06
117	4.51415e+06
118	4.55376e+06
119	4.58792e+06
120	4.6299e+06
121	4.67439e+06
122	4.72175e+06
123	4.73648e+06
124	4.74289e+06
125	4.725e+06
126	4.70659e+06
127	4.68615e+06
128	4.66384e+06
129	4.6603e+06
130	4.67352e+06
131	4.70161e+06
132	4.7346e+06
133	4.75393e+06
134	4.78264e+06
135	4.79023e+06
136	4.80511e+06
137	4.81861e+06
138	4.83306e+06
139	4.84921e+06
140	4.85613e+06
141	4.86453e+06
142	4.8672e+06
143	4.86749e+06
144	4.86765e+06
145	4.86765e+06
146	4.86765e+06
147	4.86765e+06
148	4.86765e+06
149	4.86765e+06
150	4.86765e+06
151	4.86765e+06
152	4.86765e+06
153	4.86765e+06
154	4.86765e+06
155	4.86765e+06
156	4.86765e+06
157	4.86765e+06
158	4.86765e+06
159	4.86765e+06
160	4.86765e+06
161	4.86765e+06
162	4.86765e+06
163	4.86765e+06
164	4.86765e+06
165	4.86765e+06
166	4.86765e+06
167	4.86765e+06
168	4.86765e+06
169	4.86765e+06
170	4.86765e+06
171	4.86765e+06
172	4.86765e+06
173	4.86765e+06
174	4.86765e+06
175	4.86765e+06
176	4.86765e+06
177	4.86765e+06
178	4.86765e+06
179	4.86765e+06
180	4.89182e+06
