Generation	Geometric_mean
1	266.073
2	266.073
3	266.073
4	266.073
5	117118
6	117118
7	117118
8	117118
9	126586
10	129052
11	129814
12	129983
13	134079
14	135426
15	137443
16	138019
17	135317
18	137465
19	137930
20	138128
21	139307
22	140710
23	143077
24	142509
25	138761
26	136311
27	132813
28	127318
29	121278
30	120796
31	122109
32	122582
33	126543
34	127761
35	127523
36	127848
37	123940
38	122219
39	119402
40	116136
41	113864
42	109609
43	107568
44	107467
45	106878
46	107978
47	105247
48	102619
49	99725.2
50	96443.4
51	96381.1
52	96585.7
53	94794.1
54	91911.6
55	90831.2
56	90293.4
57	86176
58	82974.8
59	80196.8
60	78586.7
61	74643
62	65986.1
63	64417.6
64	62317.3
65	56694.8
66	54171.4
67	48709.9
68	44518.5
69	39941.2
70	34053.9
71	24973.6
72	17463.7
73	8086.87
74	3759.52
75	2260.72
76	1521.98
77	1211.72
78	1080.86
79	958.755
80	894.816
81	828.806
82	782.664
83	776.137
84	762.604
85	734.583
86	702.409
87	684.119
88	687.716
89	693.739
90	704.917
91	720.985
92	733.571
93	771.377
94	830.143
95	870.799
96	912.922
97	1006.03
98	1271.86
99	2300.62
100	4254.48
101	12762.4
102	42538
103	72006.2
104	96417.1
105	118280
106	145230
107	184018
108	188351
109	193284
110	223326
111	257187
112	315794
113	334125
114	336434
115	351911
116	410005
117	454542
118	461604
119	461220
120	461254
121	469837
122	495291
123	509902
124	550821
125	569022
126	590427
127	592922
128	604612
129	605230
130	613598
131	625509
132	636566
133	675989
134	683230
135	706576
136	745317
137	785498
138	827713
139	840981
140	875526
141	891730
142	916772
143	927191
144	934041
145	940701
146	972493
147	1.01609e+06
148	1.05792e+06
149	1.08898e+06
150	1.11245e+06
151	1.1173e+06
152	1.11361e+06
153	1.10991e+06
154	1.11423e+06
155	1.11335e+06
156	1.11583e+06
157	1.11533e+06
158	1.1178e+06
159	1.11943e+06
160	1.11943e+06
161	1.11943e+06
162	1.11943e+06
163	1.11943e+06
164	1.11943e+06
165	1.11943e+06
166	1.11943e+06
167	1.11943e+06
168	1.11943e+06
169	1.11943e+06
170	1.11943e+06
171	1.11943e+06
172	1.11943e+06
173	1.11943e+06
174	1.11943e+06
175	1.11943e+06
176	1.11943e+06
177	1.11943e+06
178	1.11943e+06
179	1.11943e+06
180	1.11943e+06
181	1.11943e+06
182	1.11943e+06
183	1.11943e+06
184	1.11943e+06
185	1.11943e+06
186	1.11943e+06
187	1.11943e+06
188	1.11943e+06
189	1.11943e+06
190	1.11943e+06
191	1.11943e+06
192	1.11943e+06
193	1.11943e+06
194	1.11943e+06
195	1.11943e+06
196	1.11943e+06
197	1.128e+06
