Generation	Geometric_mean
1	79.8149
2	79.8149
3	79.8149
4	79.8149
5	22402.5
6	22402.5
7	22402.5
8	22402.5
9	25504.9
10	26222.5
11	26367.2
12	26261
13	26741
14	27133.4
15	27386
16	27139.5
17	26832.6
18	26633
19	27064.3
20	27705.1
21	27948.6
22	27891
23	27411.4
24	27305.6
25	27741.4
26	27622.8
27	27605.6
28	27597.7
29	27061
30	26955.3
31	26611.3
32	26680.8
33	27039.5
34	27316.9
35	27120.4
36	26666.7
37	26090
38	25526.1
39	25396.6
40	25084.1
41	24862.8
42	24425.7
43	24069.5
44	23972.4
45	24096.9
46	24002.4
47	24180.5
48	24191.1
49	24141.6
50	24102.9
51	23906.1
52	23100.1
53	22526.9
54	22160.7
55	22354.2
56	22488.3
57	22033.3
58	21250.7
59	20823.5
60	20487.2
61	19804
62	18978.5
63	18912
64	18143.5
65	17558.4
66	16462.2
67	15773.2
68	14751.7
69	13658.8
70	12853.5
71	12277.9
72	11974.3
73	11670.3
74	11274.6
75	9668.79
76	8826.41
77	7656.29
78	5037.01
79	3041.1
80	1784.11
81	928.152
82	531.441
83	383.604
84	262.656
85	225.686
86	165.688
87	158.074
88	157.351
89	153.771
90	145.604
91	142.293
92	134.11
93	133.115
94	127.283
95	126.587
96	129.756
97	129.788
98	138.546
99	139.518
100	143.306
101	145.874
102	153.747
103	160.643
104	167.305
105	173.661
106	271.229
107	452.488
108	1289.27
109	5586.54
110	12443.1
111	31229.6
112	59610.3
113	75210.6
114	81008.8
115	123549
116	126886
117	147209
118	146180
119	148748
120	175598
121	198317
122	223720
123	241011
124	250854
125	247323
126	247991
127	254128
128	268797
129	283463
130	295605
131	318824
132	325366
133	336511
134	334180
135	333194
136	330909
137	330388
138	330676
139	330508
140	329966
141	340311
142	343093
143	354870
144	361203
145	387670
146	399463
147	417612
148	449051
149	461571
150	471230
151	476313
152	479250
153	485903
154	491134
155	493957
156	494129
157	494657
158	494295
159	493946
160	492525
161	492525
162	493371
163	493371
164	493371
165	493371
166	493371
167	493371
168	493371
169	493371
170	493371
171	493371
172	493371
173	493371
174	493371
175	493371
176	493371
177	493371
178	493371
179	493371
180	493371
181	493371
182	493371
183	493371
184	493371
185	493371
186	493371
187	493371
188	493371
189	493371
190	493371
191	493371
192	493371
193	493371
194	493371
195	493371
196	482251
