Generation	Geometric_mean
1	204.299
2	204.299
3	204.299
4	204.299
5	403673
6	403673
7	403673
8	403673
9	422441
10	425929
11	429679
12	429526
13	429788
14	440068
15	433732
16	432098
17	444894
18	445737
19	454558
20	453915
21	460834
22	451664
23	453855
24	451219
25	437464
26	425963
27	430638
28	428553
29	429552
30	433457
31	438863
32	429525
33	414552
34	411119
35	387579
36	378875
37	379683
38	373633
39	364827
40	356353
41	351110
42	344906
43	330152
44	317491
45	307364
46	292277
47	293141
48	289548
49	284837
50	281042
51	272956
52	268659
53	267208
54	266315
55	269361
56	263444
57	238803
58	185775
59	155229
60	124884
61	102016
62	86939.4
63	84737.3
64	69791.3
65	68193.3
66	65055.2
67	60042.9
68	53013
69	51925.3
70	51386.9
71	50064.2
72	49883.2
73	48360.9
74	46340.7
75	42872.9
76	39600.5
77	37700.5
78	36658.2
79	35272.1
80	35010.7
81	35016.6
82	34690.8
83	32130.1
84	29854.3
85	27788.7
86	25981.2
87	24310.1
88	22074.6
89	20701.1
90	19568
91	17473.6
92	16933.5
93	15534.9
94	15355.2
95	15343.2
96	14895.3
97	14249.7
98	13891.4
99	13601.1
100	12752.4
101	11720
102	11239.7
103	10424.1
104	10178.9
105	9027.22
106	8666.5
107	8329.76
108	8094.34
109	7812.38
110	7479.4
111	6618.09
112	6061.4
113	5674.36
114	5371.82
115	4578.51
116	3916.2
117	3274.9
118	2856.06
119	2455.92
120	2106.27
121	1965.74
122	1744.92
123	1405.01
124	1226.81
125	1174.08
126	1098.34
127	1057.08
128	1037.28
129	1007.13
130	980.678
131	977.738
132	978.768
133	1008.97
134	1076
135	1117.13
136	1134.48
137	1119.42
138	1089.21
139	1061.41
140	1066.9
141	1074.04
142	1092.4
143	1128.72
144	1185.11
145	1257.83
146	1432.41
147	1768.35
148	2307.84
149	3515.38
150	4525.84
151	5158.68
152	6704.63
153	9211.13
154	12859.5
155	16992.7
156	22773.4
157	29315.3
158	34136.3
159	39398.4
160	46850.5
161	52441.7
162	57307.2
163	60848.2
164	62748.2
165	62748.2
166	62748.2
167	62748.2
168	62748.2
169	62748.2
170	62748.2
171	62748.2
172	62748.2
173	62748.2
174	62748.2
175	62748.2
176	62748.2
177	62748.2
178	62748.2
179	62748.2
180	62748.2
181	62748.2
182	62748.2
183	62748.2
184	62748.2
185	62748.2
186	62748.2
187	62748.2
188	62748.2
189	62748.2
190	62748.2
191	62748.2
192	62748.2
193	62748.2
194	62748.2
195	62748.2
196	62748.2
197	67437.3
