Generation	Geometric_mean
1	123.814
2	123.814
3	123.814
4	123.814
5	4.31695e+06
6	4.31695e+06
7	4.31695e+06
8	4.31695e+06
9	4.61076e+06
10	4.66079e+06
11	4.67251e+06
12	4.67912e+06
13	4.7465e+06
14	4.77088e+06
15	4.78319e+06
16	4.79258e+06
17	4.80603e+06
18	4.82969e+06
19	4.85001e+06
20	4.84965e+06
21	4.85088e+06
22	4.85484e+06
23	4.85426e+06
24	4.85565e+06
25	4.86086e+06
26	4.86166e+06
27	4.86678e+06
28	4.87247e+06
29	4.87761e+06
30	4.87711e+06
31	4.86743e+06
32	4.87136e+06
33	4.8676e+06
34	4.87063e+06
35	4.87159e+06
36	4.87058e+06
37	4.86355e+06
38	4.86579e+06
39	4.85647e+06
40	4.85304e+06
41	4.85372e+06
42	4.84919e+06
43	4.84984e+06
44	4.85437e+06
45	4.85981e+06
46	4.86289e+06
47	4.87067e+06
48	4.87672e+06
49	4.86796e+06
50	4.85339e+06
51	4.84865e+06
52	4.83107e+06
53	4.83618e+06
54	4.84645e+06
55	4.84459e+06
56	4.8277e+06
57	4.82047e+06
58	4.81644e+06
59	4.81792e+06
60	4.83083e+06
61	4.81483e+06
62	4.80902e+06
63	4.80644e+06
64	4.80486e+06
65	4.80567e+06
66	4.81486e+06
67	4.82185e+06
68	4.81024e+06
69	4.81439e+06
70	4.80915e+06
71	4.79758e+06
72	4.80746e+06
73	4.81189e+06
74	4.80554e+06
75	4.82304e+06
76	4.81646e+06
77	4.8076e+06
78	4.81177e+06
79	4.81724e+06
80	4.81807e+06
81	4.83266e+06
82	4.82229e+06
83	4.80034e+06
84	4.79563e+06
85	4.80016e+06
86	4.79931e+06
87	4.80799e+06
88	4.81228e+06
89	4.78837e+06
90	4.76433e+06
91	4.73582e+06
92	4.72275e+06
93	4.73938e+06
94	4.74458e+06
95	4.75667e+06
96	4.7464e+06
97	4.72634e+06
98	4.71633e+06
99	4.71388e+06
100	4.7211e+06
101	4.71213e+06
102	4.71771e+06
103	4.69979e+06
104	4.69166e+06
105	4.70002e+06
106	4.70366e+06
107	4.72895e+06
108	4.74e+06
109	4.74434e+06
110	4.72585e+06
111	4.70973e+06
112	4.71484e+06
113	4.71925e+06
114	4.72161e+06
115	4.7374e+06
116	4.7454e+06
117	4.75622e+06
118	4.75249e+06
119	4.74847e+06
120	4.72923e+06
121	4.73425e+06
122	4.74236e+06
123	4.75474e+06
124	4.7874e+06
125	4.78713e+06
126	4.78896e+06
127	4.7972e+06
128	4.81189e+06
129	4.81788e+06
130	4.82633e+06
131	4.82034e+06
132	4.82557e+06
133	4.81354e+06
134	4.80507e+06
135	4.80329e+06
136	4.80713e+06
137	4.82377e+06
138	4.85724e+06
139	4.87476e+06
140	4.88009e+06
141	4.88511e+06
142	4.89235e+06
143	4.89587e+06
144	4.89501e+06
145	4.89501e+06
146	4.89501e+06
147	4.89576e+06
148	4.89576e+06
149	4.89576e+06
150	4.89576e+06
151	4.89576e+06
152	4.89576e+06
153	4.89576e+06
154	4.89576e+06
155	4.89576e+06
156	4.89576e+06
157	4.89576e+06
158	4.89576e+06
159	4.89576e+06
160	4.89576e+06
161	4.89576e+06
162	4.89576e+06
163	4.89576e+06
164	4.89576e+06
165	4.89576e+06
166	4.89576e+06
167	4.89576e+06
168	4.89576e+06
169	4.89576e+06
170	4.89576e+06
171	4.89576e+06
172	4.89576e+06
173	4.89576e+06
174	4.89576e+06
175	4.89576e+06
176	4.89576e+06
177	4.89576e+06
178	4.89576e+06
179	4.89576e+06
180	4.89576e+06
181	4.89576e+06
182	4.85269e+06
