Generation	Geometric_mean
1	239.863
2	239.863
3	239.863
4	239.863
5	23559.5
6	23559.5
7	23559.5
8	23559.5
9	25840.5
10	25793.1
11	25834.2
12	25808.1
13	26021.7
14	25869.4
15	26054.5
16	26020.7
17	25489.4
18	25191.9
19	25247.3
20	25175.8
21	24942.7
22	24155.3
23	23808.2
24	23935.2
25	24210.7
26	24713.5
27	24306.8
28	23231.3
29	22810.7
30	22702.2
31	22551.1
32	22978.5
33	22938.1
34	21995.4
35	21228.7
36	19825.8
37	19686.2
38	19304.7
39	18246
40	15232.6
41	11566.2
42	8822.24
43	5465.96
44	4305.67
45	3432.08
46	2610.16
47	2337.48
48	2130.9
49	1912.42
50	1903.63
51	1850.51
52	1854.38
53	1829.9
54	1775.73
55	1769.63
56	1727.96
57	1712.22
58	1739.33
59	1714.58
60	1704.88
61	1727.76
62	1727.19
63	1783.47
64	1844.98
65	1897.25
66	1993.25
67	2035.88
68	2099.67
69	2295.36
70	2451.88
71	2503.85
72	2618.07
73	3745.62
74	4971.22
75	5754.07
76	8506.45
77	10143.5
78	15875.3
79	21434.3
80	30262.9
81	31047.9
82	32447.3
83	36810.5
84	42259
85	44359.3
86	45389.2
87	47314.7
88	48421.7
89	51722
90	54139.1
91	54823.5
92	56799.4
93	57983.9
94	58414.2
95	58224.6
96	58710
97	57952.5
98	57320.8
99	56189.3
100	55899.4
101	55868.9
102	55734.2
103	55580.6
104	56697.6
105	58675.6
106	59949.7
107	60015.2
108	59604.9
109	59343.6
110	58852.9
111	59090.6
112	60115.6
113	61210.3
114	62447.1
115	63448.3
116	64735.1
117	65456.8
118	64976
119	64580.9
120	65782
121	65628.8
122	64067.2
123	63934.4
124	63788.2
125	63905.9
126	63570.6
127	63921.8
128	62944.7
129	62761.2
130	63400
131	64568.5
132	66761.2
133	67291.5
134	68012.2
135	69059.6
136	69451.9
137	70477.8
138	71845.7
139	72929.1
140	72018.4
141	70921.8
142	70388.7
143	70530.5
144	69316.3
145	68938
146	67183.7
147	64671.1
148	63013.8
149	62521.5
150	61341.4
151	61091
152	61061.9
153	60914.6
154	60794.4
155	60269
156	59703.3
157	59668.9
158	58956.9
159	58085.9
160	57475.4
161	56318.8
162	55277.2
163	53445.3
164	52286.6
165	50477.6
166	48984.6
167	48307.5
168	46488.2
169	44757.7
170	43358.9
171	42753.1
172	41778.2
173	39944.6
174	39146.5
175	37779.5
176	36413.4
177	35098.5
178	34807.3
179	33626.8
180	31963.5
181	30948
182	30458.1
183	29772.4
184	29607
185	29607
186	29607
187	29607
188	29113.4
189	28951
190	26959.2
191	20973.2
192	12443.3
193	12443.3
194	12443.3
195	12443.3
196	11702
