Generation	Geometric_mean
1	387.365
2	387.365
3	387.365
4	387.365
5	614.422
6	660.725
7	731.532
8	808.569
9	2235.47
10	3424.57
11	3691.93
12	5475.35
13	8428.38
14	9863.98
15	9812.91
16	9586.15
17	9015.79
18	9163.16
19	9151.19
20	9108.86
21	9317.43
22	9176.83
23	9244.53
24	9190.69
25	9051.37
26	8610.37
27	8371.73
28	8403.75
29	8534.09
30	8658.46
31	8506.21
32	8439.84
33	8407.09
34	8266.43
35	8360.85
36	8305.15
37	8226.11
38	8307.95
39	8371.26
40	8487.06
41	8512.62
42	8531.27
43	8461.67
44	8463.59
45	8405.07
46	8316.13
47	8222.46
48	8243.03
49	8182.24
50	8221.96
51	8265.25
52	8306.35
53	8411.14
54	8644.22
55	8547.07
56	8412.78
57	8494.24
58	8372.74
59	8317.37
60	8485.1
61	8382.7
62	8319.43
63	8419.16
64	8493.38
65	8650.98
66	8729.21
67	8780.94
68	8897.6
69	9398.41
70	9685.49
71	9791.79
72	9736.05
73	9652.4
74	9502.77
75	9376.32
76	9531.04
77	9696.33
78	9997.07
79	10440.6
80	10799.2
81	11793.4
82	13454
83	14410.4
84	15576.9
85	17093.3
86	18651
87	19387
88	20344.2
89	21501.1
90	21983.4
91	22772.5
92	23914.7
93	24825
94	26042.3
95	26547.8
96	27881.7
97	28964.9
98	29726.3
99	30376.8
100	31659.3
101	32891.7
102	33701.6
103	35514.2
104	36416.8
105	36957.8
106	37606.3
107	38168.5
108	37379.6
109	37271.3
110	38577.5
111	39819
112	40058.7
113	40554.9
114	40738.9
115	40827.6
116	41055.2
117	41601.3
118	41741.2
119	42147.3
120	42705
121	41846.9
122	41528.8
123	41536.7
124	41471.6
125	41975
126	42243.7
127	42290.3
128	42836.5
129	43443.4
130	44020.6
131	44532.6
132	44758.1
133	45091.2
134	45557.1
135	46303.2
136	46814.1
137	47555.2
138	48855.4
139	48568.2
140	48222.8
141	48347.3
142	49164.6
143	50322.1
144	51431.9
145	52214
146	52183.1
147	52885.2
148	53637
149	53975.9
150	54646
151	55149.6
152	55523.9
153	56099.4
154	55991.7
155	55980.1
156	56151.5
157	56147.7
158	56192.7
159	56192.7
160	56192.7
161	56192.7
162	56192.7
163	56192.7
164	56192.7
165	56192.7
166	56192.7
167	56192.7
168	56192.7
169	56192.7
170	56192.7
171	56192.7
172	56192.7
173	56192.7
174	56192.7
175	56192.7
176	56192.7
177	56192.7
178	56192.7
179	56192.7
180	56192.7
181	56192.7
182	56192.7
183	56192.7
184	56192.7
185	56192.7
186	56192.7
187	56192.7
188	55794.6
189	55339.9
190	52098.6
191	41951.7
192	17987.1
193	2366.48
194	2366.48
195	2366.48
196	2366.48
197	2166.96
