Generation	Geometric_mean
1	15780.1
2	15780.1
3	15780.1
4	15780.1
5	11477.3
6	10465.9
7	8116.28
8	6919.64
9	2300.28
10	1855.07
11	1289.38
12	466.354
13	132.923
14	123.571
15	127.534
16	133.135
17	11454
18	655582
19	2.47099e+06
20	3.09393e+06
21	3.05852e+06
22	3.19445e+06
23	3.68398e+06
24	3.69399e+06
25	3.67145e+06
26	3.70039e+06
27	3.71347e+06
28	3.726e+06
29	3.78874e+06
30	3.92907e+06
31	3.89084e+06
32	3.85826e+06
33	3.84588e+06
34	3.88872e+06
35	3.96763e+06
36	3.98311e+06
37	4.05854e+06
38	3.9922e+06
39	3.87526e+06
40	3.82787e+06
41	3.83779e+06
42	3.84771e+06
43	3.8162e+06
44	3.79391e+06
45	3.79127e+06
46	3.70024e+06
47	3.69926e+06
48	3.70434e+06
49	3.71873e+06
50	3.75161e+06
51	3.73502e+06
52	3.70353e+06
53	3.69793e+06
54	3.7111e+06
55	3.72576e+06
56	3.73859e+06
57	3.7921e+06
58	3.813e+06
59	3.90155e+06
60	3.91233e+06
61	3.94814e+06
62	3.96024e+06
63	3.97717e+06
64	3.90431e+06
65	3.86001e+06
66	3.87018e+06
67	3.85108e+06
68	3.89129e+06
69	3.86782e+06
70	3.8724e+06
71	3.85584e+06
72	3.83312e+06
73	3.91084e+06
74	3.99885e+06
75	4.00299e+06
76	4.03515e+06
77	4.09621e+06
78	4.07563e+06
79	4.07746e+06
80	4.10971e+06
81	4.1253e+06
82	4.09798e+06
83	4.05868e+06
84	3.96028e+06
85	3.90323e+06
86	3.90238e+06
87	3.88833e+06
88	3.90546e+06
89	3.95164e+06
90	3.97713e+06
91	4.05114e+06
92	4.04563e+06
93	4.03864e+06
94	4.03995e+06
95	4.00981e+06
96	4.00919e+06
97	3.94257e+06
98	3.85834e+06
99	3.82124e+06
100	3.81061e+06
101	3.84996e+06
102	3.89369e+06
103	3.96017e+06
104	3.99936e+06
105	4.02669e+06
106	4.00538e+06
107	3.97333e+06
108	3.96684e+06
109	3.91275e+06
110	3.9081e+06
111	3.9098e+06
112	3.90821e+06
113	3.97086e+06
114	3.98456e+06
115	3.97742e+06
116	3.99877e+06
117	4.01348e+06
118	4.02762e+06
119	4.02854e+06
120	4.04287e+06
121	4.05468e+06
122	4.00155e+06
123	3.97752e+06
124	3.92147e+06
125	3.92284e+06
126	3.9185e+06
127	3.97777e+06
128	4.01568e+06
129	4.01384e+06
130	4.04155e+06
131	4.01436e+06
132	3.9946e+06
133	4.00032e+06
134	4.03074e+06
135	4.11713e+06
136	4.13049e+06
137	4.1615e+06
138	4.20291e+06
139	4.2401e+06
140	4.22961e+06
141	4.2625e+06
142	4.2702e+06
143	4.26637e+06
144	4.27579e+06
145	4.26782e+06
146	4.27893e+06
147	4.29077e+06
148	4.29956e+06
149	4.29399e+06
150	4.29583e+06
151	4.29195e+06
152	4.29206e+06
153	4.28989e+06
154	4.28884e+06
155	4.28651e+06
156	4.28651e+06
157	4.28755e+06
158	4.28755e+06
159	4.28634e+06
160	4.28303e+06
161	4.28303e+06
162	4.28303e+06
163	4.28303e+06
164	4.28303e+06
165	4.28303e+06
166	4.28303e+06
167	4.28303e+06
168	4.28303e+06
169	4.28303e+06
170	4.28303e+06
171	4.28303e+06
172	4.28303e+06
173	4.28303e+06
174	4.28303e+06
175	4.28303e+06
176	4.28303e+06
177	4.28303e+06
178	4.28303e+06
179	4.28303e+06
180	4.28303e+06
181	4.28303e+06
182	4.28303e+06
183	4.28303e+06
184	4.28303e+06
185	4.28303e+06
186	4.28303e+06
187	4.28303e+06
188	4.28303e+06
189	4.28303e+06
190	4.28303e+06
191	4.34304e+06
