Generation	Geometric_mean
1	211.179
2	211.179
3	211.179
4	211.179
5	267695
6	267695
7	267695
8	267695
9	266029
10	266071
11	267579
12	267968
13	261888
14	256631
15	249922
16	248480
17	253740
18	251675
19	252255
20	252444
21	246016
22	249423
23	245815
24	240889
25	240783
26	235413
27	232314
28	230910
29	227237
30	224644
31	226250
32	225467
33	229317
34	235550
35	234199
36	235213
37	237834
38	235793
39	237549
40	240598
41	241348
42	239929
43	238172
44	233208
45	227409
46	219007
47	199912
48	174924
49	171173
50	165030
51	137734
52	114900
53	96310.4
54	76913.9
55	54567.2
56	32359.4
57	22843.2
58	20194.5
59	17437.2
60	16172.5
61	15139.8
62	14957.8
63	14811.3
64	14085.2
65	13747.3
66	13113.9
67	12650.4
68	11799.4
69	11006.4
70	10580.5
71	9837.97
72	9494.97
73	9294.16
74	9083.07
75	8802.73
76	8434.56
77	8158.6
78	7932.98
79	7978.05
80	7922.19
81	7398.07
82	6990.15
83	6792.13
84	6646.74
85	6175.09
86	6076.61
87	5916.2
88	5748.89
89	5593.07
90	5398.7
91	5113.92
92	5019.8
93	4905.21
94	4774.31
95	4536.36
96	4567.39
97	4400.88
98	4164.63
99	4026.02
100	3923.87
101	3778.14
102	3571.29
103	3593.36
104	3548.26
105	3500.44
106	3392.73
107	3204.9
108	2945.33
109	2865.77
110	2778.73
111	2717.95
112	2612.61
113	2538.13
114	2465.21
115	2368.41
116	2322.2
117	2298
118	2214.98
119	2151.88
120	2081.86
121	2071.03
122	2064.26
123	2070.19
124	2185.64
125	2214.19
126	2254.66
127	2297.99
128	2313.36
129	2344.06
130	2349.86
131	2371.75
132	2373.46
133	2348.66
134	2337.54
135	2363.05
136	2376.14
137	2422.78
138	2461.71
139	2517.76
140	2668.3
141	2869.23
142	3041.32
143	3258.8
144	3431.66
145	3762.99
146	3919.8
147	4223.5
148	4392.41
149	4540.61
150	5220.47
151	5736.09
152	6195.41
153	6652.02
154	7020.03
155	7237.47
156	7691.25
157	8378.12
158	9128.97
159	10319.7
160	10957.3
161	11136.8
162	11540.3
163	12174.3
164	12519.8
165	12761.9
166	12761.9
167	12761.9
168	12761.9
169	12761.9
170	12761.9
171	12761.9
172	12761.9
173	12761.9
174	12761.9
175	12761.9
176	12761.9
177	12761.9
178	12761.9
179	12761.9
180	12761.9
181	12761.9
182	12761.9
183	12761.9
184	12761.9
185	12761.9
186	12761.9
187	12761.9
188	12761.9
189	12761.9
190	12761.9
191	12761.9
192	12761.9
193	12761.9
194	12761.9
195	12761.9
196	12761.9
197	13344.5
