Generation	Geometric_mean
1	199.598
2	199.598
3	199.598
4	199.598
5	949317
6	949317
7	949317
8	949317
9	870758
10	864947
11	865449
12	865449
13	911298
14	938704
15	945722
16	939732
17	916682
18	920344
19	932659
20	944021
21	940832
22	935557
23	938083
24	948442
25	956729
26	988648
27	1.00733e+06
28	1.0156e+06
29	1.00283e+06
30	987255
31	984674
32	964433
33	959241
34	955501
35	964406
36	972721
37	990231
38	989088
39	991276
40	976664
41	952589
42	936408
43	927786
44	918843
45	923133
46	920169
47	920294
48	923135
49	933652
50	931761
51	921221
52	918975
53	911035
54	912911
55	916470
56	941127
57	940084
58	928700
59	912365
60	899317
61	892424
62	887985
63	894746
64	892517
65	871240
66	865122
67	826691
68	774750
69	727605
70	678292
71	645263
72	657324
73	655887
74	656066
75	665746
76	668971
77	617422
78	582020
79	559744
80	515410
81	497805
82	466395
83	443643
84	427690
85	411331
86	381761
87	368999
88	360599
89	345682
90	322042
91	297738
92	282339
93	260913
94	240204
95	203385
96	175106
97	169721
98	159216
99	150528
100	145313
101	140269
102	129320
103	119733
104	111667
105	111327
106	111173
107	105065
108	92802.9
109	80402.5
110	56996
111	36513.7
112	16361.4
113	6835.03
114	3451.78
115	2595.57
116	2246.31
117	2067.45
118	1950.48
119	1906.7
120	1888
121	1862.15
122	1791.79
123	1788.51
124	1772.19
125	1759.61
126	1753.42
127	1750.88
128	1745.61
129	1739.13
130	1740.27
131	1734.94
132	1737.73
133	1749.01
134	1733.47
135	1728.21
136	1742.18
137	1752.73
138	1772.83
139	1803.99
140	1812.28
141	1826.04
142	1835.12
143	1850.75
144	1873.61
145	1902.45
146	1924.67
147	1954.82
148	2009.56
149	2055.51
150	2077.87
151	2089.91
152	2094.11
153	2109.98
154	2125.6
155	2132.88
156	2141.35
157	2149.01
158	2156.56
159	2160.01
160	2161.27
161	2161.27
162	2161.27
163	2161.27
164	2161.27
165	2161.27
166	2161.27
167	2161.27
168	2161.27
169	2161.27
170	2161.27
171	2161.27
172	2161.27
173	2161.27
174	2161.27
175	2161.27
176	2161.27
177	2161.27
178	2161.27
179	2161.27
180	2161.27
181	2161.27
182	2161.27
183	2161.27
184	2161.27
185	2161.27
186	2161.27
187	2161.27
188	2161.27
189	2161.27
190	2161.27
191	2161.27
192	2161.27
193	2161.27
194	2161.27
195	2161.27
196	2161.27
197	2269.55
