Generation	Geometric_mean
1	769.74
2	769.74
3	769.74
4	769.74
5	798.066
6	816.862
7	808.165
8	796.826
9	772.298
10	763.88
11	826.562
12	942.698
13	1316.53
14	1758.21
15	2128.93
16	2073.97
17	2043.13
18	2220.47
19	2564.02
20	3058.93
21	3773.06
22	4982.02
23	6695.52
24	7702.31
25	10743.5
26	10851.7
27	10419.8
28	10456.5
29	10124.2
30	9991.99
31	10590.2
32	11098.2
33	10846.8
34	11100.4
35	11387.7
36	11500.1
37	11693.7
38	11878
39	12136
40	12398.7
41	12123.2
42	12199.9
43	12532.8
44	12417.2
45	12535.3
46	12584.7
47	12634.4
48	13033.6
49	13843.8
50	14285.7
51	14556.7
52	14582
53	14615.9
54	14704.9
55	15173
56	15751.2
57	16449.5
58	16476.7
59	16563.3
60	16423.5
61	16302.3
62	16299.5
63	16225.8
64	16281.3
65	17563.2
66	19243.1
67	20169.7
68	20652.3
69	20966.8
70	21403.2
71	22273.1
72	23214.3
73	23430.7
74	23745.9
75	24161
76	24881.8
77	25382
78	25615.3
79	25607.8
80	25220
81	25042.5
82	24650.6
83	24866.1
84	25538.5
85	25877.6
86	25933.9
87	26139.8
88	26585.3
89	26895.2
90	27124.5
91	27146.5
92	27154.6
93	27001.5
94	27167.2
95	27224.2
96	27431.9
97	27154.9
98	26964.4
99	27478.6
100	27803.1
101	27725
102	27480.4
103	27124.2
104	26763
105	26856.6
106	26592.9
107	26583.9
108	26653.3
109	26664.7
110	26913.5
111	27059.1
112	27464.1
113	27988.2
114	28199
115	28218.3
116	28127.9
117	27709.5
118	26963.7
119	26040.6
120	25324.9
121	24996.6
122	25257.2
123	25694.4
124	26619.6
125	27045.5
126	26940.2
127	26369.8
128	26118.5
129	25686.6
130	25590.3
131	25617.2
132	25625.7
133	25886.4
134	25320.4
135	24935.4
136	24424.3
137	23467
138	22866
139	22079.7
140	21643.4
141	20062.8
142	18213.5
143	15962.8
144	14257.3
145	12567.6
146	11819.4
147	10958
148	10275.1
149	9891.76
150	9113.12
151	8844.3
152	8152.37
153	7671.28
154	6812.68
155	6206.03
156	5902.2
157	5644.43
158	5281.67
159	5203.69
160	5108.41
161	5108.41
162	5108.41
163	5108.41
164	5108.41
165	5108.41
166	5108.41
167	5108.41
168	5108.41
169	5108.41
170	5108.41
171	5108.41
172	5108.41
173	5108.41
174	5108.41
175	5108.41
176	5108.41
177	5108.41
178	5108.41
179	5108.41
180	5108.41
181	5108.41
182	5108.41
183	5108.41
184	5108.41
185	5108.41
186	5108.41
187	5108.41
188	5108.41
189	5108.41
190	5108.41
191	5108.41
192	5108.41
193	5108.41
194	5108.41
195	5108.41
196	5108.41
197	5453.79
