Generation	Geometric_mean
1	205.633
2	205.633
3	205.633
4	205.633
5	398665
6	398665
7	398665
8	398665
9	465122
10	477562
11	487705
12	487201
13	490943
14	505814
15	512431
16	513437
17	498656
18	480704
19	477676
20	467568
21	463231
22	465478
23	464888
24	463037
25	461378
26	462359
27	464573
28	471639
29	469385
30	463462
31	463975
32	451915
33	451284
34	447262
35	428804
36	428726
37	422000
38	410535
39	405462
40	406114
41	398349
42	405773
43	402535
44	396035
45	389393
46	372744
47	368016
48	360885
49	356588
50	350784
51	331995
52	309279
53	296848
54	283761
55	269418
56	258607
57	252888
58	244884
59	222744
60	206173
61	193023
62	184078
63	175543
64	165862
65	157486
66	151073
67	146096
68	140196
69	132020
70	125711
71	114838
72	88389.5
73	74957.1
74	55312.7
75	34716.3
76	24264.9
77	17771.7
78	11115
79	7549.36
80	6225.9
81	5232.21
82	5107.95
83	5059.28
84	5114.48
85	5060.07
86	4913.38
87	4778.54
88	4656.5
89	4437.19
90	4339.37
91	4278
92	4090.42
93	4037.06
94	3858.18
95	3655.5
96	3609.95
97	3606.36
98	3588.05
99	3657.44
100	3662.12
101	3504.89
102	3285.17
103	3195.18
104	3154.41
105	3100.18
106	3044.91
107	2943.1
108	2828.58
109	2691.4
110	2642.87
111	2636.04
112	2569.98
113	2439.65
114	2354.77
115	2302.95
116	2234.15
117	2271.63
118	2230.18
119	2185.34
120	2170.78
121	2147.4
122	2121.01
123	2059.27
124	1944.35
125	1948.54
126	1967.68
127	2006.4
128	2033.32
129	2011.15
130	1995.94
131	2023.79
132	2012.06
133	1978.5
134	1947.31
135	1944.47
136	1970.39
137	1975.87
138	2020.06
139	2033.03
140	2048.88
141	2056.92
142	2078.5
143	2107.54
144	2123.68
145	2141.11
146	2218.04
147	2374.62
148	2608.94
149	2863.64
150	3083.99
151	3329.62
152	3560.35
153	3872.02
154	4154.33
155	4425.26
156	4670.91
157	4855.66
158	4938.95
159	5153.73
160	5341.5
161	5489.23
162	5623.51
163	5768.92
164	5806.25
165	5867.83
166	5904.36
167	5922.24
168	5922.24
169	5922.24
170	5922.24
171	5922.24
172	5922.24
173	5922.24
174	5922.24
175	5922.24
176	5922.24
177	5922.24
178	5922.24
179	5922.24
180	5922.24
181	5922.24
182	5922.24
183	5922.24
184	5922.24
185	5922.24
186	5922.24
187	5922.24
188	5922.24
189	5922.24
190	5922.24
191	5922.24
192	5922.24
193	5922.24
194	5922.24
195	5922.24
196	5922.24
197	6137.61
