Generation	Geometric_mean
1	225.126
2	225.126
3	225.126
4	225.126
5	855922
6	855922
7	855922
8	855922
9	945572
10	972523
11	978775
12	981818
13	978991
14	1.00783e+06
15	1.00979e+06
16	1.0163e+06
17	1.03404e+06
18	1.04005e+06
19	1.03223e+06
20	1.03396e+06
21	1.03815e+06
22	1.02829e+06
23	1.02639e+06
24	1.02268e+06
25	1.04743e+06
26	1.04581e+06
27	1.01341e+06
28	1.03069e+06
29	1.01343e+06
30	988115
31	985118
32	970094
33	993427
34	1.01703e+06
35	1.0486e+06
36	1.03868e+06
37	1.01433e+06
38	980023
39	942939
40	939887
41	949250
42	934717
43	924690
44	936281
45	916070
46	918544
47	923836
48	903151
49	912726
50	912411
51	934428
52	936498
53	935002
54	894754
55	851872
56	798411
57	787148
58	757817
59	770455
60	764667
61	755668
62	754789
63	736869
64	636554
65	567681
66	490020
67	437333
68	393983
69	350457
70	320848
71	271826
72	245919
73	227572
74	215009
75	193142
76	177019
77	160285
78	145802
79	139656
80	136582
81	134915
82	130212
83	129261
84	126904
85	112991
86	80939.3
87	61027.2
88	33738
89	18896
90	13372.6
91	9511.08
92	7954.38
93	7229.66
94	7003.45
95	5938.08
96	5084.3
97	4928.69
98	4661.45
99	4499.3
100	4377.43
101	4216.99
102	4001.12
103	3690.51
104	3572.34
105	3424.27
106	3298.98
107	3195.8
108	3125.93
109	3023.7
110	2868.22
111	2803.8
112	2725.13
113	2707.3
114	2610.47
115	2503.28
116	2392.99
117	2364.22
118	2265.27
119	2191.76
120	2140.3
121	2026.99
122	1976.69
123	1928.63
124	1883.28
125	1868.47
126	1836.58
127	1781.47
128	1697.95
129	1658.18
130	1676.12
131	1692.01
132	1683.29
133	1642.24
134	1622.62
135	1613.45
136	1624.57
137	1641.99
138	1624.59
139	1543.16
140	1456.21
141	1432.84
142	1445.53
143	1469.94
144	1479.31
145	1485.43
146	1508.24
147	1524.21
148	1529.28
149	1553.92
150	1588.32
151	1653.19
152	1705.13
153	1768.61
154	1869.91
155	1931.29
156	2037.95
157	2172.42
158	2305.96
159	2451.14
160	2813.72
161	3010.49
162	3209.59
163	3674.25
164	4099.46
165	4417.78
166	4767.02
167	5100.1
168	5280.08
169	5476.42
170	5612.16
171	5612.16
172	5612.16
173	5612.16
174	5612.16
175	5612.16
176	5612.16
177	5612.16
178	5612.16
179	5612.16
180	5612.16
181	5612.16
182	5612.16
183	5612.16
184	5682.36
185	5682.36
186	5825.77
187	5972.02
188	6194.58
189	6349.48
190	6349.48
191	6349.48
192	6349.48
193	6349.48
194	6349.48
195	6349.48
196	6349.48
197	6926.77
