Generation	Geometric_mean
1	407.681
2	407.681
3	407.681
4	407.681
5	518.54
6	526.022
7	531.272
8	541.553
9	1348.5
10	1594.86
11	3458.87
12	10217.4
13	15976.9
14	19533.3
15	18272.9
16	17245.7
17	16660.2
18	16834.4
19	17082.9
20	17671.7
21	17547.5
22	17694.9
23	17906.4
24	18436.6
25	18469
26	18194.7
27	17858.7
28	17619.6
29	17266.5
30	16742.4
31	16495.6
32	16359.3
33	16092
34	15912.9
35	15881.4
36	16412.2
37	16476.4
38	16356.4
39	16519.9
40	16878.4
41	16916.8
42	16765.7
43	16684.8
44	16683.3
45	16471.9
46	16796.3
47	17223.1
48	17817.5
49	18397.6
50	18596.4
51	18733.7
52	19500.1
53	19933.4
54	20883.8
55	21001.6
56	21397.5
57	22600.6
58	23324.2
59	25239.3
60	25299
61	27289.1
62	28033.5
63	28936.9
64	30797.5
65	33560.2
66	38130.7
67	41230.1
68	42826.7
69	45665.6
70	49029.4
71	50366.7
72	50826.7
73	51062.8
74	51438.5
75	52629.3
76	54982.1
77	57244.7
78	58390.9
79	59753.2
80	59748.4
81	59665.9
82	59689
83	59918
84	61094.1
85	63671.2
86	65452.4
87	67164.4
88	67209
89	67045.8
90	69558.1
91	70006.1
92	70330.6
93	69911.5
94	70061.9
95	69919.8
96	70100.9
97	71523.6
98	71773.4
99	72845.8
100	72519.7
101	72337.9
102	71389.7
103	71314.5
104	70658
105	70752.1
106	70002.5
107	68986.8
108	69695.8
109	69135.1
110	68543.8
111	68543.8
112	68750.3
113	69526.7
114	70598
115	69785.6
116	70753.2
117	71703.8
118	73576
119	73651.1
120	72346.1
121	73741.9
122	73641.5
123	72831.4
124	72408.4
125	71381.5
126	72298.3
127	72255.6
128	72372
129	74036.4
130	74385.1
131	74700.6
132	74580.1
133	73437.2
134	72851.7
135	71397.6
136	71016.4
137	72253.3
138	72428.4
139	73674.9
140	74484.5
141	74525.2
142	75783.7
143	76263.1
144	76611.5
145	77672.1
146	76939.5
147	76151.4
148	75375.3
149	74719.3
150	72854.5
151	72001
152	72180.9
153	72141.2
154	71915.9
155	72126
156	72180.1
157	72114.5
158	71996.7
159	71996.7
160	71451.4
161	71451.4
162	67618.1
163	61942.2
164	55385.1
165	43685.2
166	35778.1
167	25480.9
168	18618.2
169	14964.8
170	10613.9
171	7290.84
172	5738.04
173	4520.29
174	3834.57
175	3457.35
176	3176.49
177	3125
178	3040.82
179	3040.82
180	2959.89
181	2909.97
182	2819.56
183	2777.81
184	2756.55
185	2756.55
186	2756.55
187	2756.55
188	2756.55
189	2756.55
190	2756.55
191	2756.55
192	2756.55
193	2756.55
194	2756.55
195	2756.55
196	2756.55
197	3184.4
