Generation	Geometric_mean
1	82.6742
2	82.6742
3	82.6742
4	82.6742
5	14907.8
6	14907.8
7	14907.8
8	14907.8
9	17617.5
10	18193.8
11	18312.8
12	18330.3
13	18879.2
14	19285.3
15	19526.8
16	19713.9
17	20115.1
18	20093.6
19	20017.6
20	19935.3
21	19634.7
22	19791.4
23	19975.8
24	19935.8
25	19817.5
26	19920
27	19807.3
28	19840.2
29	20462
30	20792.5
31	20392.7
32	20461.6
33	20328.5
34	20402.9
35	20540.6
36	20387
37	20188.7
38	20008.9
39	19684.5
40	19398.3
41	19084
42	18784
43	18648.9
44	18048.9
45	18053.9
46	18128
47	18618.4
48	18463.8
49	18084.3
50	17907.4
51	17043.6
52	16752.2
53	16448.8
54	15908
55	15453
56	15110
57	14621.9
58	14497.7
59	14605.4
60	14466
61	14073.8
62	13540.7
63	13215.1
64	13033.1
65	12248.2
66	11505.8
67	10678.8
68	10198.8
69	9788.98
70	9666.68
71	9471.7
72	9345.5
73	8972.76
74	7781.02
75	7411.8
76	6002.49
77	4225.37
78	2047.84
79	1010.58
80	543.488
81	323.422
82	243.872
83	212.273
84	189.483
85	171.077
86	156.815
87	150.543
88	146.319
89	144.645
90	141.197
91	139.837
92	139.072
93	136.756
94	138.276
95	135.046
96	136.71
97	140.105
98	145.243
99	150.569
100	159.479
101	169.986
102	179.21
103	187.471
104	201.061
105	206.131
106	354.666
107	951.319
108	1763.42
109	4259.67
110	8657.2
111	15937
112	20451.4
113	24772.2
114	27517.6
115	31495.5
116	32278.8
117	33272.7
118	39198.2
119	40565.9
120	42412.6
121	50278.1
122	55819.2
123	64778.1
124	67407.1
125	68450.1
126	77865.9
127	80809.6
128	82801.3
129	92044.8
130	93730
131	95939.8
132	96895
133	98961.1
134	98360.7
135	98521.7
136	106367
137	109799
138	112498
139	114506
140	115442
141	118741
142	128109
143	134028
144	140862
145	152135
146	158314
147	164359
148	167461
149	169932
150	172616
151	176424
152	181592
153	184781
154	184926
155	185297
156	185119
157	185185
158	185201
159	185261
160	185260
161	185260
162	185260
163	185260
164	185260
165	185260
166	185260
167	185260
168	185260
169	185260
170	185260
171	185260
172	185260
173	185260
174	185260
175	185260
176	185260
177	185260
178	185260
179	185260
180	185260
181	185260
182	185260
183	185260
184	185260
185	185260
186	185260
187	185260
188	185260
189	185260
190	185260
191	185260
192	185260
193	185260
194	185260
195	185260
196	189894
