Generation	Geometric_mean
1	595.262
2	595.262
3	595.262
4	595.262
5	1052.24
6	1086.83
7	1130.69
8	1132.47
9	1724.22
10	1864.37
11	1883.83
12	1891.9
13	2099.63
14	2114.01
15	2127.04
16	2191
17	2206.47
18	2317.85
19	2459.15
20	2812.61
21	2761.59
22	2916.52
23	3838.65
24	3952.45
25	4751.45
26	4934.23
27	4855.28
28	4930.82
29	4974.88
30	4763.03
31	4618.75
32	4573.01
33	4531.29
34	4496.75
35	4333.94
36	4312.84
37	4221.05
38	4168.07
39	4325.32
40	4385.58
41	4360.35
42	4228.97
43	4151.26
44	4085.05
45	3950.89
46	3949.55
47	3966.95
48	3956.3
49	3922.01
50	3817.65
51	3795.17
52	3782.25
53	3857.6
54	3957.36
55	4048.64
56	4093.55
57	4124
58	4138.38
59	4286
60	4435.76
61	4594.33
62	4704.51
63	4888.73
64	5452.47
65	5794.43
66	5876.42
67	6089.49
68	6567.9
69	7161.01
70	7541.38
71	7520.95
72	7511.72
73	7891.07
74	8204.62
75	8660.95
76	9171.74
77	9598.33
78	10029
79	11315.5
80	11592.8
81	12200.1
82	12321.8
83	12538.8
84	12884.1
85	12952.6
86	13302.8
87	13778.1
88	13703.1
89	14552.4
90	14725.9
91	14805.9
92	14686.1
93	14651.6
94	14647.7
95	14655.5
96	15207.2
97	15125.6
98	14934.5
99	14676
100	14789.5
101	14601.1
102	14574.4
103	14909.6
104	14967.5
105	15164.8
106	15600.3
107	15676.2
108	15811.2
109	16112.1
110	16164.9
111	16079.8
112	16344.7
113	16239.4
114	16125.4
115	16370.7
116	16198.9
117	16148.2
118	16123.7
119	16104.6
120	16154.7
121	16285
122	16000.9
123	15956.4
124	15878.4
125	16018.9
126	16186.9
127	16418.3
128	16464.9
129	16545.7
130	16598.1
131	16881.6
132	17039.5
133	17346.3
134	17543.7
135	17705.6
136	17736.4
137	17435.8
138	17279.5
139	16880.2
140	16692.1
141	16454.4
142	16141.8
143	15916.1
144	15764.6
145	15619.6
146	15474.4
147	15472.4
148	15625.7
149	15466.1
150	14902.8
151	14764.4
152	14591.7
153	14435.5
154	14316.6
155	14137.7
156	13980.6
157	13580.2
158	13310.7
159	12955.8
160	12537.2
161	12433
162	11821.4
163	11352.4
164	11094.7
165	10779.5
166	10546.3
167	10302.4
168	9968.61
169	9833.04
170	9753.56
171	9685.95
172	9543.73
173	9470.36
174	9470.36
175	9470.36
176	9322.09
177	9174.61
178	8989.26
179	8715.83
180	8215.3
181	7848.86
182	7657.94
183	7558.67
184	7508.52
185	7483.3
186	7483.3
187	7483.3
188	7483.3
189	7483.3
190	7483.3
191	7483.3
192	7483.3
193	7483.3
194	7483.3
195	7483.3
196	7483.3
197	7159.55
