Generation	Geometric_mean
1	219.34
2	219.34
3	219.34
4	219.34
5	1.48281e+06
6	1.48281e+06
7	1.48281e+06
8	1.48281e+06
9	1.54151e+06
10	1.59362e+06
11	1.59527e+06
12	1.59798e+06
13	1.62117e+06
14	1.61378e+06
15	1.59752e+06
16	1.5691e+06
17	1.53067e+06
18	1.51641e+06
19	1.51748e+06
20	1.50707e+06
21	1.51913e+06
22	1.53315e+06
23	1.54317e+06
24	1.59937e+06
25	1.66632e+06
26	1.70626e+06
27	1.68472e+06
28	1.62895e+06
29	1.56382e+06
30	1.51295e+06
31	1.47417e+06
32	1.46407e+06
33	1.46745e+06
34	1.46795e+06
35	1.44769e+06
36	1.46113e+06
37	1.44666e+06
38	1.42992e+06
39	1.4272e+06
40	1.45444e+06
41	1.43514e+06
42	1.44558e+06
43	1.44559e+06
44	1.42817e+06
45	1.44024e+06
46	1.40894e+06
47	1.42365e+06
48	1.41212e+06
49	1.36999e+06
50	1.33826e+06
51	1.29261e+06
52	1.22466e+06
53	1.21073e+06
54	1.22181e+06
55	1.25173e+06
56	1.31525e+06
57	1.38124e+06
58	1.34184e+06
59	1.33819e+06
60	1.32539e+06
61	1.27682e+06
62	1.26309e+06
63	1.24362e+06
64	1.18527e+06
65	1.16561e+06
66	1.1779e+06
67	1.1739e+06
68	1.09885e+06
69	1.0667e+06
70	1.04083e+06
71	972914
72	935503
73	893414
74	864681
75	803053
76	737522
77	688161
78	615141
79	554452
80	516515
81	454249
82	399524
83	368783
84	347487
85	325700
86	312258
87	298850
88	274935
89	252960
90	222990
91	204984
92	192767
93	185232
94	164161
95	145173
96	114017
97	90096.4
98	75254.5
99	52482.4
100	34564.8
101	24954.5
102	19353.1
103	13890.5
104	10569.8
105	8490.31
106	6431.94
107	5832.3
108	5123.83
109	4845.14
110	4456.65
111	4121.02
112	3912.61
113	3782.56
114	3695.34
115	3690.09
116	3598.95
117	3543.75
118	3423.13
119	3344.93
120	3252.59
121	3138.6
122	3056.43
123	2983.49
124	2932.73
125	2921.52
126	2869.77
127	2815.15
128	2744.65
129	2687.3
130	2656.33
131	2620.86
132	2612.13
133	2590.5
134	2576.89
135	2603.83
136	2632.19
137	2612.67
138	2596.48
139	2571.68
140	2540.6
141	2513.03
142	2526.96
143	2558.96
144	2598.75
145	2654.1
146	2671.8
147	2687.18
148	2719.67
149	2769.02
150	2839.06
151	2888.64
152	2981.61
153	3052.53
154	3187.1
155	3341.37
156	3581.34
157	3795.42
158	4154.33
159	4368.57
160	4768.01
161	5019.43
162	5374.89
163	5610.7
164	5729.98
165	5823.28
166	5823.28
167	5823.28
168	5823.28
169	5823.28
170	5823.28
171	5823.28
172	5823.28
173	5823.28
174	5823.28
175	5823.28
176	5823.28
177	5823.28
178	5823.28
179	5823.28
180	5823.28
181	5823.28
182	5823.28
183	5823.28
184	5823.28
185	5823.28
186	5823.28
187	5823.28
188	5823.28
189	5823.28
190	5823.28
191	5823.28
192	5823.28
193	5823.28
194	5823.28
195	5823.28
196	5823.28
197	6184.78
