Generation	Geometric_mean
1	106.762
2	106.762
3	106.762
4	106.762
5	4.29132e+06
6	4.29132e+06
7	4.29132e+06
8	4.29132e+06
9	4.19501e+06
10	4.18759e+06
11	4.18927e+06
12	4.19297e+06
13	4.26471e+06
14	4.30882e+06
15	4.31381e+06
16	4.31382e+06
17	4.41437e+06
18	4.49895e+06
19	4.5624e+06
20	4.60836e+06
21	4.59608e+06
22	4.598e+06
23	4.60443e+06
24	4.59023e+06
25	4.59692e+06
26	4.61644e+06
27	4.60499e+06
28	4.57742e+06
29	4.58646e+06
30	4.58173e+06
31	4.60344e+06
32	4.62081e+06
33	4.61723e+06
34	4.62626e+06
35	4.62991e+06
36	4.61323e+06
37	4.60825e+06
38	4.57515e+06
39	4.55955e+06
40	4.54626e+06
41	4.55844e+06
42	4.55701e+06
43	4.58004e+06
44	4.56532e+06
45	4.56056e+06
46	4.5719e+06
47	4.58672e+06
48	4.60587e+06
49	4.6222e+06
50	4.62537e+06
51	4.63014e+06
52	4.62358e+06
53	4.63147e+06
54	4.64414e+06
55	4.62015e+06
56	4.59401e+06
57	4.58623e+06
58	4.55146e+06
59	4.54761e+06
60	4.55296e+06
61	4.55473e+06
62	4.56801e+06
63	4.55634e+06
64	4.56033e+06
65	4.56453e+06
66	4.57494e+06
67	4.61418e+06
68	4.59656e+06
69	4.57957e+06
70	4.57993e+06
71	4.54227e+06
72	4.51203e+06
73	4.52335e+06
74	4.54939e+06
75	4.5659e+06
76	4.58136e+06
77	4.61173e+06
78	4.61405e+06
79	4.63137e+06
80	4.65378e+06
81	4.65441e+06
82	4.65807e+06
83	4.65256e+06
84	4.63941e+06
85	4.62792e+06
86	4.60962e+06
87	4.57472e+06
88	4.51408e+06
89	4.46534e+06
90	4.47287e+06
91	4.47012e+06
92	4.4805e+06
93	4.51727e+06
94	4.54102e+06
95	4.52018e+06
96	4.53226e+06
97	4.53001e+06
98	4.51284e+06
99	4.49689e+06
100	4.50352e+06
101	4.55327e+06
102	4.56443e+06
103	4.5718e+06
104	4.58956e+06
105	4.55099e+06
106	4.51428e+06
107	4.49559e+06
108	4.52301e+06
109	4.53477e+06
110	4.55977e+06
111	4.59658e+06
112	4.61031e+06
113	4.59711e+06
114	4.57416e+06
115	4.54898e+06
116	4.55526e+06
117	4.56935e+06
118	4.60305e+06
119	4.60746e+06
120	4.5985e+06
121	4.59208e+06
122	4.57073e+06
123	4.57492e+06
124	4.60407e+06
125	4.62535e+06
126	4.63884e+06
127	4.65166e+06
128	4.65808e+06
129	4.66829e+06
130	4.66716e+06
131	4.65692e+06
132	4.66404e+06
133	4.67354e+06
134	4.68856e+06
135	4.71036e+06
136	4.73663e+06
137	4.75581e+06
138	4.78504e+06
139	4.79457e+06
140	4.79602e+06
141	4.79907e+06
142	4.79909e+06
143	4.7992e+06
144	4.7992e+06
145	4.79931e+06
146	4.7989e+06
147	4.7989e+06
148	4.7989e+06
149	4.7989e+06
150	4.7989e+06
151	4.7989e+06
152	4.7989e+06
153	4.7989e+06
154	4.7989e+06
155	4.7989e+06
156	4.7989e+06
157	4.7989e+06
158	4.7989e+06
159	4.7989e+06
160	4.7989e+06
161	4.7989e+06
162	4.7989e+06
163	4.7989e+06
164	4.7989e+06
165	4.7989e+06
166	4.7989e+06
167	4.7989e+06
168	4.7989e+06
169	4.7989e+06
170	4.7989e+06
171	4.7989e+06
172	4.7989e+06
173	4.7989e+06
174	4.7989e+06
175	4.7989e+06
176	4.7989e+06
177	4.7989e+06
178	4.7989e+06
179	4.7989e+06
180	4.7196e+06
