Generation	Geometric_mean
1	193.388
2	193.388
3	193.388
4	193.388
5	153522
6	153522
7	153522
8	153522
9	159595
10	166941
11	168544
12	169205
13	169489
14	172855
15	172401
16	172381
17	173396
18	176766
19	178181
20	179138
21	178211
22	177837
23	178491
24	177136
25	181317
26	185193
27	185941
28	189101
29	188626
30	184015
31	178424
32	174040
33	172392
34	168489
35	167043
36	165066
37	160995
38	162436
39	164158
40	162180
41	159149
42	159216
43	155338
44	150064
45	139290
46	124296
47	101737
48	83839.4
49	68221
50	50254.3
51	36467.7
52	31776.5
53	27016.1
54	22039.5
55	17211.9
56	13187.5
57	9414.98
58	8182.05
59	6747.07
60	5133.66
61	3994.5
62	3796.91
63	3496.56
64	3382.22
65	3239.76
66	3091.49
67	2932.47
68	2936.28
69	2985.35
70	3021.29
71	3045.06
72	3064.58
73	3053.62
74	3027.02
75	2994.32
76	2992.06
77	2925.64
78	2941.59
79	2958.38
80	2995.92
81	3082.79
82	3268.87
83	3703.24
84	3834.78
85	4007.27
86	4280.42
87	4879.23
88	5199.08
89	6689.92
90	9694.15
91	12885.7
92	16778.1
93	19818.5
94	24152.1
95	29064.7
96	32274.9
97	34484
98	36441.4
99	36388.3
100	36898.7
101	37280.5
102	37946
103	38623.7
104	39178.1
105	40861
106	41414.5
107	41434
108	41256.1
109	41779.2
110	42433.7
111	42598.5
112	43385.6
113	43832
114	44325.9
115	44288.4
116	44936.8
117	45612.5
118	46419.8
119	47666.2
120	48928.4
121	49498.3
122	49581.1
123	50382.6
124	51571.1
125	50862.5
126	50223.5
127	49094.7
128	47993.4
129	48344.3
130	48894.9
131	49696.8
132	50208.1
133	50439.8
134	50874.7
135	51322.2
136	52334
137	52830.4
138	52968.1
139	52972.9
140	53082.5
141	52974.1
142	53110.9
143	53730.6
144	54205.3
145	54376.6
146	54372
147	54115.1
148	53585
149	53076.7
150	52277.4
151	51724.6
152	51263.9
153	50920.6
154	49880.5
155	48862.4
156	46832.7
157	44963.7
158	43545.5
159	42372
160	42331.8
161	42102.1
162	41829
163	41631.1
164	41167.9
165	40849.2
166	40226.1
167	39605.3
168	39098.3
169	39098.3
170	39098.3
171	39098.3
172	39098.3
173	39098.3
174	39098.3
175	39098.3
176	39098.3
177	39098.3
178	39098.3
179	39098.3
180	39098.3
181	39098.3
182	39098.3
183	39098.3
184	39098.3
185	39098.3
186	39098.3
187	39098.3
188	39098.3
189	39098.3
190	39098.3
191	38015.1
192	29649.8
193	4215.06
194	4215.06
195	4215.06
196	4215.06
197	3774.21
