Generation	Geometric_mean
1	224.131
2	224.131
3	224.131
4	224.131
5	22006
6	22006
7	22006
8	22006
9	26432
10	27344.4
11	27362.4
12	27374.9
13	29831.3
14	30604.4
15	30646
16	30390.8
17	31231.3
18	32174
19	32612.5
20	32776
21	32392.2
22	32424
23	32245.7
24	31853.2
25	32273.8
26	32023.7
27	32465
28	32974.9
29	32790.7
30	33250.3
31	33266.7
32	33236
33	32314.5
34	31264
35	30314.2
36	29252.1
37	29174.5
38	29400.8
39	29954.6
40	29826.2
41	29136.9
42	28830.1
43	29029.7
44	29171.1
45	29360.7
46	29436
47	28933.8
48	27783.2
49	27173.7
50	26822
51	26367.7
52	25924.4
53	25160.8
54	24561.8
55	23719.9
56	22611.1
57	21956.3
58	21606.6
59	21561.4
60	20867.1
61	20696.9
62	20955.3
63	21034.5
64	21226.2
65	21037.5
66	20264.9
67	20206.4
68	19708.9
69	18782.4
70	17952.1
71	17244.9
72	16568.2
73	15660.4
74	15244.8
75	15176.4
76	15142
77	15057
78	15099.6
79	14741.7
80	14113.1
81	12833
82	12018.6
83	11557.7
84	11062.8
85	10288.7
86	9854.47
87	9314.45
88	8996.85
89	8881.65
90	8535.99
91	8534.22
92	8096.52
93	7137.4
94	6811.99
95	5907.15
96	5376.2
97	4592.13
98	3910.37
99	3581.09
100	3092.62
101	2754.72
102	2564.24
103	2505.09
104	2489.13
105	2450.71
106	2421.46
107	2313.69
108	2189.47
109	2055.45
110	1981.65
111	1901.35
112	1838.26
113	1792.84
114	1769.02
115	1760.95
116	1748.39
117	1729.83
118	1691.25
119	1681.57
120	1668.69
121	1666.41
122	1632.9
123	1677.09
124	1685.62
125	1628.65
126	1657.49
127	1710.57
128	1724.3
129	1721.4
130	1815.13
131	2031.67
132	2246.43
133	2570.36
134	2949.31
135	3251.4
136	4293.58
137	6580.91
138	7124.05
139	7777.44
140	9202.91
141	10598.7
142	10907.8
143	11867
144	12616.5
145	12965.2
146	13684.2
147	14535.8
148	15401.6
149	17024.9
150	19874.4
151	22978.6
152	25331.3
153	27551.8
154	29930.9
155	32560
156	34245.1
157	38108.2
158	42382
159	47666.2
160	50581.9
161	53949.8
162	54352.6
163	54352.6
164	55859.3
165	57316.2
166	58436.1
167	58436.1
168	58436.1
169	58436.1
170	58436.1
171	58436.1
172	58436.1
173	58436.1
174	58436.1
175	58436.1
176	58436.1
177	58436.1
178	58436.1
179	58436.1
180	58436.1
181	58436.1
182	58436.1
183	58436.1
184	58436.1
185	58436.1
186	58436.1
187	58436.1
188	58436.1
189	58436.1
190	58436.1
191	58436.1
192	58436.1
193	58436.1
194	58436.1
195	58436.1
196	58436.1
197	62270.7
