Generation	Geometric_mean
1	152.31
2	152.31
3	152.31
4	152.31
5	4.32592e+06
6	4.32592e+06
7	4.32592e+06
8	4.32592e+06
9	4.51756e+06
10	4.55285e+06
11	4.56657e+06
12	4.56909e+06
13	4.67495e+06
14	4.72269e+06
15	4.75766e+06
16	4.76471e+06
17	4.76573e+06
18	4.75586e+06
19	4.76154e+06
20	4.76881e+06
21	4.77338e+06
22	4.78988e+06
23	4.78617e+06
24	4.78128e+06
25	4.77066e+06
26	4.77885e+06
27	4.78744e+06
28	4.79023e+06
29	4.80105e+06
30	4.8073e+06
31	4.81526e+06
32	4.81683e+06
33	4.83933e+06
34	4.82905e+06
35	4.81316e+06
36	4.82193e+06
37	4.81987e+06
38	4.80832e+06
39	4.79609e+06
40	4.78953e+06
41	4.78647e+06
42	4.76692e+06
43	4.76576e+06
44	4.76506e+06
45	4.77683e+06
46	4.78826e+06
47	4.81229e+06
48	4.81117e+06
49	4.80428e+06
50	4.81612e+06
51	4.80677e+06
52	4.8085e+06
53	4.82191e+06
54	4.82507e+06
55	4.82092e+06
56	4.81438e+06
57	4.81049e+06
58	4.81074e+06
59	4.8152e+06
60	4.81544e+06
61	4.81554e+06
62	4.8199e+06
63	4.81192e+06
64	4.81252e+06
65	4.81377e+06
66	4.81591e+06
67	4.79828e+06
68	4.80954e+06
69	4.80609e+06
70	4.7936e+06
71	4.76958e+06
72	4.74745e+06
73	4.735e+06
74	4.72288e+06
75	4.73097e+06
76	4.74209e+06
77	4.75671e+06
78	4.76688e+06
79	4.77282e+06
80	4.78498e+06
81	4.78421e+06
82	4.75008e+06
83	4.72139e+06
84	4.7176e+06
85	4.70511e+06
86	4.70315e+06
87	4.71033e+06
88	4.7227e+06
89	4.74028e+06
90	4.73593e+06
91	4.73444e+06
92	4.73379e+06
93	4.71479e+06
94	4.71859e+06
95	4.68993e+06
96	4.66825e+06
97	4.67817e+06
98	4.6797e+06
99	4.71503e+06
100	4.70768e+06
101	4.69529e+06
102	4.68411e+06
103	4.65109e+06
104	4.62752e+06
105	4.63601e+06
106	4.65522e+06
107	4.67729e+06
108	4.70357e+06
109	4.71902e+06
110	4.73096e+06
111	4.74973e+06
112	4.76114e+06
113	4.75859e+06
114	4.75111e+06
115	4.73633e+06
116	4.71465e+06
117	4.68571e+06
118	4.67599e+06
119	4.67193e+06
120	4.65723e+06
121	4.63289e+06
122	4.63162e+06
123	4.63238e+06
124	4.64552e+06
125	4.67856e+06
126	4.6965e+06
127	4.69854e+06
128	4.7193e+06
129	4.74233e+06
130	4.76429e+06
131	4.7711e+06
132	4.7817e+06
133	4.78613e+06
134	4.80284e+06
135	4.8201e+06
136	4.8439e+06
137	4.8698e+06
138	4.88656e+06
139	4.89868e+06
140	4.91822e+06
141	4.92739e+06
142	4.93019e+06
143	4.93222e+06
144	4.93265e+06
145	4.93363e+06
146	4.93385e+06
147	4.93385e+06
148	4.93331e+06
149	4.93343e+06
150	4.93341e+06
151	4.93341e+06
152	4.93341e+06
153	4.93341e+06
154	4.93341e+06
155	4.93341e+06
156	4.93341e+06
157	4.93341e+06
158	4.93341e+06
159	4.93341e+06
160	4.93341e+06
161	4.93341e+06
162	4.93341e+06
163	4.93341e+06
164	4.93341e+06
165	4.93341e+06
166	4.93341e+06
167	4.93341e+06
168	4.93341e+06
169	4.93341e+06
170	4.93341e+06
171	4.93341e+06
172	4.93341e+06
173	4.93341e+06
174	4.93341e+06
175	4.93341e+06
176	4.93341e+06
177	4.93341e+06
178	4.93341e+06
179	4.93341e+06
180	4.93341e+06
181	4.93341e+06
182	4.93341e+06
183	4.93341e+06
184	4.93341e+06
185	4.93341e+06
186	4.93341e+06
187	4.95281e+06
