Generation	Geometric_mean
1	949.038
2	949.038
3	949.038
4	949.038
5	778.816
6	755.472
7	741.014
8	737.592
9	664.499
10	661.675
11	659.626
12	645.597
13	649.047
14	655.83
15	630.845
16	619.032
17	709.664
18	725.271
19	1230.83
20	2877.9
21	62060.5
22	259716
23	404335
24	397521
25	412849
26	426455
27	426724
28	425054
29	437193
30	436582
31	441875
32	444607
33	441618
34	443928
35	444536
36	440093
37	443968
38	450892
39	445703
40	439312
41	433779
42	434449
43	435446
44	440230
45	452706
46	450876
47	460050
48	460437
49	454772
50	458936
51	469180
52	477691
53	487711
54	481621
55	475769
56	473513
57	457915
58	451944
59	458161
60	454932
61	463012
62	465067
63	461477
64	459551
65	460743
66	464043
67	463712
68	457488
69	463548
70	474271
71	479666
72	486316
73	494474
74	500700
75	506514
76	499098
77	488768
78	483562
79	487426
80	475459
81	471233
82	472148
83	474259
84	471184
85	468417
86	464827
87	464325
88	478863
89	496382
90	518588
91	535354
92	544506
93	548849
94	550389
95	552065
96	533618
97	520824
98	508340
99	501888
100	498300
101	492436
102	484637
103	476460
104	466725
105	458316
106	446243
107	443796
108	452583
109	462169
110	474083
111	485818
112	493522
113	473630
114	446972
115	426820
116	415574
117	408723
118	406028
119	394157
120	395736
121	390551
122	389846
123	389948
124	388811
125	390593
126	383711
127	372674
128	362395
129	361116
130	352393
131	348849
132	345944
133	341174
134	335723
135	326915
136	313162
137	304412
138	294149
139	282866
140	274025
141	267300
142	260609
143	256808
144	254071
145	246056
146	241443
147	233321
148	226107
149	220131
150	215544
151	211572
152	204103
153	193215
154	187542
155	169576
156	163886
157	155288
158	145632
159	138230
160	131026
161	125106
162	122731
163	121613
164	121096
165	121096
166	120100
167	119396
168	118701
169	118025
170	117686
171	117686
172	116516
173	114841
174	113722
175	113179
176	112615
177	112089
178	112089
179	112089
180	112089
181	112089
182	112089
183	112089
184	112089
185	112089
186	112089
187	112089
188	112089
189	112089
190	112089
191	112089
192	112089
193	2353.61
194	2353.61
195	2353.61
196	2353.61
197	1977.72
