Generation	Geometric_mean
1	221.041
2	221.041
3	221.041
4	221.041
5	95743.4
6	95743.4
7	95743.4
8	95743.4
9	109007
10	112039
11	112379
12	112333
13	114604
14	117260
15	118114
16	117979
17	115666
18	111060
19	109536
20	108797
21	107879
22	108312
23	107409
24	107137
25	106068
26	106882
27	104491
28	104090
29	105417
30	105031
31	103122
32	103842
33	102606
34	101759
35	101987
36	100326
37	99394.2
38	97030
39	97855.6
40	100157
41	101602
42	102279
43	101007
44	99623.4
45	98309.3
46	95886.4
47	96054.3
48	94198
49	91729.8
50	90235.4
51	87961.3
52	86275.4
53	85706.4
54	83236.1
55	83245.3
56	83179.3
57	80370
58	74844.6
59	72146.6
60	70484.4
61	65063.9
62	63012.4
63	57852.7
64	34391.8
65	24204.1
66	14838.9
67	9121.57
68	5184.75
69	3877.29
70	3122.87
71	2385.89
72	2124.27
73	2078.12
74	2005.52
75	1932.95
76	1893.74
77	1834.2
78	1790.09
79	1768.56
80	1653.57
81	1617.31
82	1617.8
83	1602.8
84	1626.2
85	1671.9
86	1694.15
87	1714.61
88	1715.72
89	1709.39
90	1732.26
91	1767.18
92	1791.03
93	1793.63
94	1802.8
95	1875.44
96	1968.35
97	2057.62
98	2215.96
99	2273.23
100	2365.37
101	2553.83
102	2611.9
103	2674.18
104	2765.34
105	3078.01
106	3385.94
107	3825.56
108	4617.18
109	5982.29
110	6972.25
111	7643.51
112	8242.49
113	9479.42
114	10584.9
115	11934.4
116	13021.3
117	13657.4
118	13815.7
119	14035
120	14299.6
121	14507.3
122	14598.1
123	14637.3
124	14525.8
125	14426.4
126	14358.1
127	14656.2
128	14899.8
129	14920.5
130	14960.8
131	15115.3
132	15024.8
133	15135.8
134	15464.6
135	15685.3
136	15766.9
137	15879.8
138	15852.1
139	15866.9
140	15600.3
141	15366.2
142	15035.1
143	14845.2
144	14547.3
145	14284.7
146	14085.7
147	13929.2
148	13662.3
149	13332.7
150	13180.1
151	13025.4
152	12916.1
153	12859.2
154	12852.7
155	12840.7
156	12767
157	12737.2
158	12737.2
159	12695.7
160	12650.7
161	12650.7
162	12650.7
163	12612.5
164	12599.4
165	12574.9
166	12561.2
167	12534.3
168	12521.1
169	12521.1
170	12521.1
171	12521.1
172	12521.1
173	12521.1
174	12521.1
175	12521.1
176	12521.1
177	12521.1
178	12521.1
179	12521.1
180	12521.1
181	12521.1
182	12521.1
183	12521.1
184	12521.1
185	12521.1
186	12521.1
187	12521.1
188	12521.1
189	12521.1
190	12521.1
191	12521.1
192	12521.1
193	12521.1
194	12521.1
195	12521.1
196	12001.4
