Generation	Geometric_mean
1	141.384
2	141.384
3	141.384
4	141.384
5	4.2418e+06
6	4.2418e+06
7	4.2418e+06
8	4.2418e+06
9	4.32112e+06
10	4.33935e+06
11	4.34541e+06
12	4.34541e+06
13	4.51212e+06
14	4.56257e+06
15	4.56417e+06
16	4.56496e+06
17	4.56582e+06
18	4.55978e+06
19	4.57546e+06
20	4.59871e+06
21	4.64647e+06
22	4.66809e+06
23	4.6884e+06
24	4.70038e+06
25	4.69983e+06
26	4.71368e+06
27	4.71561e+06
28	4.72886e+06
29	4.72422e+06
30	4.71103e+06
31	4.69911e+06
32	4.68879e+06
33	4.67842e+06
34	4.68534e+06
35	4.69508e+06
36	4.6955e+06
37	4.69936e+06
38	4.70789e+06
39	4.68575e+06
40	4.68796e+06
41	4.68114e+06
42	4.66842e+06
43	4.68245e+06
44	4.6898e+06
45	4.69694e+06
46	4.70075e+06
47	4.70987e+06
48	4.71215e+06
49	4.71396e+06
50	4.71143e+06
51	4.67608e+06
52	4.67297e+06
53	4.67e+06
54	4.67868e+06
55	4.70569e+06
56	4.68337e+06
57	4.67381e+06
58	4.69588e+06
59	4.69818e+06
60	4.72042e+06
61	4.75586e+06
62	4.73748e+06
63	4.73199e+06
64	4.72534e+06
65	4.71586e+06
66	4.64348e+06
67	4.63975e+06
68	4.61232e+06
69	4.60091e+06
70	4.60974e+06
71	4.63028e+06
72	4.68067e+06
73	4.7076e+06
74	4.71415e+06
75	4.71342e+06
76	4.71028e+06
77	4.71098e+06
78	4.71657e+06
79	4.72911e+06
80	4.73977e+06
81	4.73701e+06
82	4.70278e+06
83	4.68804e+06
84	4.67599e+06
85	4.67283e+06
86	4.66207e+06
87	4.64174e+06
88	4.63068e+06
89	4.62986e+06
90	4.61724e+06
91	4.63083e+06
92	4.64229e+06
93	4.65017e+06
94	4.67501e+06
95	4.69494e+06
96	4.703e+06
97	4.70369e+06
98	4.69668e+06
99	4.65887e+06
100	4.61271e+06
101	4.58837e+06
102	4.58135e+06
103	4.57279e+06
104	4.59923e+06
105	4.60537e+06
106	4.59037e+06
107	4.57557e+06
108	4.58076e+06
109	4.59135e+06
110	4.58398e+06
111	4.57339e+06
112	4.5808e+06
113	4.50163e+06
114	4.45461e+06
115	4.44396e+06
116	4.43919e+06
117	4.47702e+06
118	4.53394e+06
119	4.57218e+06
120	4.60198e+06
121	4.61571e+06
122	4.62552e+06
123	4.6524e+06
124	4.67839e+06
125	4.67839e+06
126	4.68616e+06
127	4.70938e+06
128	4.73091e+06
129	4.7449e+06
130	4.7517e+06
131	4.76941e+06
132	4.80363e+06
133	4.82968e+06
134	4.84748e+06
135	4.85553e+06
136	4.86868e+06
137	4.88088e+06
138	4.88067e+06
139	4.88371e+06
140	4.89328e+06
141	4.90215e+06
142	4.90506e+06
143	4.91662e+06
144	4.91664e+06
145	4.9168e+06
146	4.91678e+06
147	4.91678e+06
148	4.91678e+06
149	4.91678e+06
150	4.91678e+06
151	4.91678e+06
152	4.91678e+06
153	4.91678e+06
154	4.91678e+06
155	4.91678e+06
156	4.91678e+06
157	4.91678e+06
158	4.91678e+06
159	4.91678e+06
160	4.91678e+06
161	4.91678e+06
162	4.91678e+06
163	4.91678e+06
164	4.91678e+06
165	4.91678e+06
166	4.91678e+06
167	4.91678e+06
168	4.91678e+06
169	4.91678e+06
170	4.91678e+06
171	4.91678e+06
172	4.91678e+06
173	4.91678e+06
174	4.91678e+06
175	4.91678e+06
176	4.91678e+06
177	4.91678e+06
178	4.91678e+06
179	4.91678e+06
180	4.91678e+06
181	4.93219e+06
