Generation	Geometric_mean
1	172656
2	172656
3	172656
4	172656
5	156806
6	73633.3
7	10883.5
8	5680.53
9	5155
10	2364.54
11	250.654
12	133.964
13	131.001
14	135.589
15	135.589
16	10518.1
17	495554
18	3.46948e+06
19	3.46948e+06
20	3.71318e+06
21	3.76806e+06
22	3.86838e+06
23	3.88813e+06
24	3.97396e+06
25	3.94702e+06
26	3.94168e+06
27	3.9605e+06
28	3.97225e+06
29	4.09784e+06
30	4.13463e+06
31	4.13575e+06
32	4.1357e+06
33	4.16989e+06
34	4.19386e+06
35	4.21466e+06
36	4.23597e+06
37	4.21302e+06
38	4.26115e+06
39	4.26739e+06
40	4.28536e+06
41	4.32853e+06
42	4.3348e+06
43	4.22534e+06
44	4.25828e+06
45	4.23191e+06
46	4.18628e+06
47	4.23898e+06
48	4.25329e+06
49	4.2367e+06
50	4.31402e+06
51	4.3922e+06
52	4.40709e+06
53	4.44913e+06
54	4.4166e+06
55	4.3953e+06
56	4.40685e+06
57	4.44202e+06
58	4.48187e+06
59	4.55336e+06
60	4.62186e+06
61	4.65739e+06
62	4.59582e+06
63	4.55085e+06
64	4.50992e+06
65	4.49524e+06
66	4.48414e+06
67	4.50271e+06
68	4.52762e+06
69	4.53692e+06
70	4.54906e+06
71	4.5347e+06
72	4.52207e+06
73	4.54601e+06
74	4.56127e+06
75	4.55753e+06
76	4.54301e+06
77	4.51484e+06
78	4.5132e+06
79	4.52524e+06
80	4.53436e+06
81	4.52409e+06
82	4.50005e+06
83	4.45931e+06
84	4.49295e+06
85	4.49947e+06
86	4.53003e+06
87	4.58058e+06
88	4.58107e+06
89	4.55857e+06
90	4.58578e+06
91	4.60534e+06
92	4.61422e+06
93	4.65663e+06
94	4.65062e+06
95	4.59926e+06
96	4.59975e+06
97	4.5954e+06
98	4.61237e+06
99	4.63861e+06
100	4.64337e+06
101	4.63614e+06
102	4.64979e+06
103	4.67239e+06
104	4.68967e+06
105	4.69873e+06
106	4.66204e+06
107	4.62313e+06
108	4.59621e+06
109	4.57949e+06
110	4.59695e+06
111	4.57947e+06
112	4.58933e+06
113	4.59999e+06
114	4.59678e+06
115	4.60163e+06
116	4.59505e+06
117	4.57502e+06
118	4.59409e+06
119	4.59712e+06
120	4.61188e+06
121	4.64382e+06
122	4.6621e+06
123	4.6634e+06
124	4.66269e+06
125	4.67628e+06
126	4.68358e+06
127	4.69514e+06
128	4.718e+06
129	4.72858e+06
130	4.72982e+06
131	4.71609e+06
132	4.72206e+06
133	4.73182e+06
134	4.7344e+06
135	4.73268e+06
136	4.74552e+06
137	4.74694e+06
138	4.75001e+06
139	4.76928e+06
140	4.7935e+06
141	4.8068e+06
142	4.84379e+06
143	4.86364e+06
144	4.88095e+06
145	4.88341e+06
146	4.8977e+06
147	4.90445e+06
148	4.90771e+06
149	4.90821e+06
150	4.90967e+06
151	4.90967e+06
152	4.90977e+06
153	4.90977e+06
154	4.90977e+06
155	4.90977e+06
156	4.90977e+06
157	4.90977e+06
158	4.90977e+06
159	4.90977e+06
160	4.90977e+06
161	4.90977e+06
162	4.90977e+06
163	4.90977e+06
164	4.90977e+06
165	4.90977e+06
166	4.90977e+06
167	4.90977e+06
168	4.90977e+06
169	4.90977e+06
170	4.90977e+06
171	4.90977e+06
172	4.90977e+06
173	4.90977e+06
174	4.90977e+06
175	4.90977e+06
176	4.90977e+06
177	4.90977e+06
178	4.90977e+06
179	4.90977e+06
180	4.90977e+06
181	4.90977e+06
182	4.90977e+06
183	4.90977e+06
184	4.90977e+06
185	4.90977e+06
186	4.90977e+06
187	4.90977e+06
188	4.90977e+06
189	4.87382e+06
