Generation	Geometric_mean
1	262.508
2	262.508
3	262.508
4	262.508
5	262.508
6	579.418
7	208825
8	208825
9	208825
10	208176
11	216115
12	218711
13	217784
14	215170
15	211570
16	206072
17	207118
18	208002
19	214477
20	222922
21	228367
22	226701
23	228306
24	234675
25	242953
26	248317
27	248439
28	245704
29	241673
30	239225
31	236660
32	236745
33	240917
34	241032
35	239740
36	241248
37	240927
38	243375
39	245550
40	243320
41	242201
42	236483
43	227433
44	231443
45	229628
46	231039
47	242240
48	243330
49	249492
50	254871
51	264610
52	269558
53	275109
54	273197
55	270566
56	264378
57	258844
58	252964
59	251706
60	249528
61	249548
62	249521
63	251013
64	253248
65	258583
66	259253
67	257408
68	254208
69	251503
70	251011
71	249716
72	252898
73	253397
74	252335
75	247426
76	243951
77	246926
78	251592
79	253030
80	257557
81	254986
82	250828
83	247876
84	244505
85	243707
86	246610
87	247443
88	248483
89	252220
90	256681
91	264389
92	269102
93	266768
94	262630
95	254722
96	253349
97	252961
98	252055
99	246522
100	238052
101	234442
102	233340
103	226409
104	224640
105	230458
106	233263
107	229907
108	231390
109	232578
110	231884
111	232579
112	233418
113	232727
114	228129
115	217275
116	209658
117	207845
118	210549
119	204323
120	197467
121	192212
122	184522
123	175498
124	172878
125	165819
126	155620
127	152504
128	156438
129	153495
130	149081
131	147994
132	144805
133	139996
134	135540
135	129227
136	122849
137	115530
138	112331
139	112548
140	112696
141	113430
142	108929
143	105005
144	100861
145	99082.9
146	97872.5
147	98057.6
148	96708
149	94943.7
150	92006.1
151	88533.6
152	84413.9
153	82386.2
154	78546.5
155	74103.3
156	71088
157	67727.3
158	64040.2
159	61836.3
160	60666
161	59836.1
162	59209
163	59148.5
164	59148.5
165	59148.5
166	57544.9
167	55969.5
168	53917.8
169	50462.8
170	46724.6
171	41346.8
172	36465.9
173	26920.3
174	17835.6
175	10722.8
176	6034.11
177	3371.37
178	2138.45
179	1808.48
180	1489.47
181	1475.05
182	1419.36
183	1405.82
184	1405.82
185	1405.82
186	1405.82
187	1405.82
188	1405.82
189	1405.82
190	1405.82
191	1405.82
192	1405.82
193	1405.82
194	1405.82
195	1405.82
196	1405.82
197	1563.24
