Generation	Geometric_mean
1	143.792
2	143.792
3	143.792
4	143.792
5	3.96223e+06
6	3.96223e+06
7	3.96223e+06
8	3.96223e+06
9	4.24004e+06
10	4.26666e+06
11	4.283e+06
12	4.28893e+06
13	4.40856e+06
14	4.48746e+06
15	4.50208e+06
16	4.51122e+06
17	4.51635e+06
18	4.51401e+06
19	4.52363e+06
20	4.5296e+06
21	4.5754e+06
22	4.60143e+06
23	4.60358e+06
24	4.58982e+06
25	4.58139e+06
26	4.54214e+06
27	4.5206e+06
28	4.50988e+06
29	4.48815e+06
30	4.45074e+06
31	4.42615e+06
32	4.4248e+06
33	4.41256e+06
34	4.45261e+06
35	4.50077e+06
36	4.51009e+06
37	4.5027e+06
38	4.51576e+06
39	4.5097e+06
40	4.50162e+06
41	4.49067e+06
42	4.49309e+06
43	4.50587e+06
44	4.48885e+06
45	4.48628e+06
46	4.46284e+06
47	4.4506e+06
48	4.44786e+06
49	4.42576e+06
50	4.46615e+06
51	4.48219e+06
52	4.50853e+06
53	4.51732e+06
54	4.49941e+06
55	4.47644e+06
56	4.42482e+06
57	4.36786e+06
58	4.35251e+06
59	4.32849e+06
60	4.33626e+06
61	4.39122e+06
62	4.43934e+06
63	4.43286e+06
64	4.45231e+06
65	4.41817e+06
66	4.42397e+06
67	4.41435e+06
68	4.42038e+06
69	4.45867e+06
70	4.4945e+06
71	4.51747e+06
72	4.53166e+06
73	4.5218e+06
74	4.49491e+06
75	4.46095e+06
76	4.37034e+06
77	4.37774e+06
78	4.36989e+06
79	4.34493e+06
80	4.35967e+06
81	4.36802e+06
82	4.34672e+06
83	4.3463e+06
84	4.32468e+06
85	4.31407e+06
86	4.25674e+06
87	4.21342e+06
88	4.22383e+06
89	4.24363e+06
90	4.24324e+06
91	4.266e+06
92	4.25144e+06
93	4.20449e+06
94	4.19529e+06
95	4.1323e+06
96	4.14945e+06
97	4.14769e+06
98	4.11515e+06
99	4.12437e+06
100	4.12552e+06
101	4.11143e+06
102	4.14118e+06
103	4.15454e+06
104	4.13173e+06
105	4.1124e+06
106	4.0921e+06
107	4.06703e+06
108	4.04533e+06
109	4.05028e+06
110	4.05229e+06
111	4.05166e+06
112	4.04295e+06
113	4.10715e+06
114	4.1352e+06
115	4.16645e+06
116	4.17148e+06
117	4.23931e+06
118	4.24256e+06
119	4.2062e+06
120	4.16721e+06
121	4.12227e+06
122	4.08559e+06
123	4.0651e+06
124	4.06497e+06
125	4.05109e+06
126	4.07019e+06
127	4.03181e+06
128	3.97225e+06
129	3.93685e+06
130	3.92726e+06
131	3.92352e+06
132	3.94594e+06
133	3.90696e+06
134	3.8814e+06
135	3.80609e+06
136	3.71777e+06
137	3.61058e+06
138	3.49813e+06
139	3.40876e+06
140	3.32672e+06
141	3.26601e+06
142	3.20944e+06
143	3.16153e+06
144	3.0908e+06
145	3.05098e+06
146	2.99548e+06
147	2.9666e+06
148	2.9358e+06
149	2.90376e+06
150	2.88287e+06
151	2.82528e+06
152	2.78255e+06
153	2.73254e+06
154	2.68529e+06
155	2.66221e+06
156	2.65319e+06
157	2.64045e+06
158	2.63298e+06
159	2.63298e+06
160	2.63298e+06
161	2.63298e+06
162	2.63029e+06
163	2.62785e+06
164	2.62478e+06
165	2.61768e+06
166	2.608e+06
167	2.60327e+06
168	2.58722e+06
169	2.56364e+06
170	2.56364e+06
171	2.56364e+06
172	2.24517e+06
173	57496.7
174	57496.7
175	57496.7
176	57496.7
177	1180.2
178	1180.2
179	1180.2
180	1180.2
181	983.72
