Generation	Geometric_mean
1	228.761
2	228.761
3	228.761
4	228.761
5	49221.3
6	49221.3
7	49221.3
8	49221.3
9	50473.2
10	51009
11	50987.6
12	51061.2
13	51967.9
14	52305.2
15	52929.5
16	53021
17	53554.1
18	53971.9
19	53513.3
20	52310.5
21	51315
22	51170.2
23	50562.7
24	50507
25	51157.8
26	51126.9
27	50840.1
28	49429.1
29	49160.5
30	48463.1
31	48358.4
32	47844.2
33	48134.8
34	47798.3
35	46810.3
36	45218.6
37	42127.2
38	40737.8
39	39608.9
40	40308.8
41	41742.5
42	40909.1
43	34492.7
44	30551.7
45	22660.4
46	9403.01
47	5530.15
48	3185.05
49	2092.42
50	1686.42
51	1300.77
52	1246.65
53	1196.68
54	1132.03
55	1083.95
56	1064.52
57	1040.29
58	1054.74
59	1067.3
60	1054.4
61	1059.27
62	1069.08
63	1072.29
64	1122.48
65	1203.75
66	1532.92
67	1973.9
68	2596.01
69	4196.25
70	14063.3
71	66331.7
72	248669
73	1.20681e+06
74	2.7322e+06
75	3.10316e+06
76	3.09675e+06
77	3.014e+06
78	2.98044e+06
79	2.94927e+06
80	2.93849e+06
81	3.00402e+06
82	3.09455e+06
83	3.13429e+06
84	3.12887e+06
85	3.12144e+06
86	3.07735e+06
87	3.04274e+06
88	3.06274e+06
89	3.06468e+06
90	3.09661e+06
91	3.13586e+06
92	3.1389e+06
93	3.17477e+06
94	3.22458e+06
95	3.28477e+06
96	3.28502e+06
97	3.28708e+06
98	3.31991e+06
99	3.41802e+06
100	3.45681e+06
101	3.44666e+06
102	3.41739e+06
103	3.37606e+06
104	3.41503e+06
105	3.42898e+06
106	3.40683e+06
107	3.34261e+06
108	3.29687e+06
109	3.29636e+06
110	3.32715e+06
111	3.39851e+06
112	3.45887e+06
113	3.49192e+06
114	3.57077e+06
115	3.62703e+06
116	3.64852e+06
117	3.63345e+06
118	3.5657e+06
119	3.52617e+06
120	3.49721e+06
121	3.50827e+06
122	3.50772e+06
123	3.49674e+06
124	3.50475e+06
125	3.52923e+06
126	3.53019e+06
127	3.54412e+06
128	3.53375e+06
129	3.52182e+06
130	3.49181e+06
131	3.50121e+06
132	3.51036e+06
133	3.54964e+06
134	3.54833e+06
135	3.5525e+06
136	3.59637e+06
137	3.6416e+06
138	3.6748e+06
139	3.68603e+06
140	3.68394e+06
141	3.65949e+06
142	3.63006e+06
143	3.65077e+06
144	3.69843e+06
145	3.73947e+06
146	3.80684e+06
147	3.89128e+06
148	3.9299e+06
149	3.96756e+06
150	3.97916e+06
151	3.99092e+06
152	3.99062e+06
153	3.97136e+06
154	3.96496e+06
155	3.9779e+06
156	3.98165e+06
157	3.98635e+06
158	3.98635e+06
159	3.99297e+06
160	3.99297e+06
161	3.99782e+06
162	3.99782e+06
163	3.99782e+06
164	3.99782e+06
165	3.99782e+06
166	3.99782e+06
167	3.99782e+06
168	3.99782e+06
169	3.99782e+06
170	3.99782e+06
171	3.99782e+06
172	3.99782e+06
173	3.99782e+06
174	3.99782e+06
175	3.99782e+06
176	3.99782e+06
177	3.99782e+06
178	3.99782e+06
179	3.99782e+06
180	3.99782e+06
181	3.99782e+06
182	3.99782e+06
183	3.99782e+06
184	3.99782e+06
185	3.99782e+06
186	3.99782e+06
187	3.99782e+06
188	3.99782e+06
189	3.99782e+06
190	3.99782e+06
191	3.99782e+06
192	3.99782e+06
193	3.99782e+06
194	3.99782e+06
195	3.99782e+06
196	3.99782e+06
197	4.06735e+06
