Generation	Geometric_mean
1	242.837
2	242.837
3	242.837
4	242.837
5	253460
6	253460
7	253460
8	253460
9	276172
10	286578
11	290483
12	290384
13	277709
14	276166
15	262349
16	252107
17	247905
18	241148
19	239209
20	232639
21	232632
22	236551
23	237802
24	242614
25	248986
26	240486
27	241160
28	250651
29	258149
30	252961
31	247811
32	240641
33	223505
34	214094
35	204825
36	199710
37	191565
38	195014
39	189294
40	183359
41	179633
42	171485
43	165441
44	159346
45	158179
46	158023
47	143015
48	138105
49	137531
50	130131
51	121094
52	104688
53	90505.8
54	78450
55	58974.6
56	41906.8
57	30343.1
58	25711.4
59	20529.6
60	18073.5
61	15515.6
62	13633.3
63	10679.5
64	8822.74
65	8587.98
66	8560.3
67	8383.78
68	8230.39
69	8196.16
70	8012.5
71	7895.71
72	7599.65
73	7223.79
74	7088.12
75	6943.07
76	6600.18
77	6517.14
78	6324.18
79	6362.28
80	6411.06
81	6252.88
82	6016.9
83	5675.11
84	5399.18
85	5209.48
86	5238.79
87	5132.2
88	5046.29
89	4991.94
90	4839.54
91	4710.75
92	4494.29
93	4364.67
94	4264.73
95	4181.51
96	4122.59
97	4019.12
98	3839.62
99	3715.94
100	3616.29
101	3560.35
102	3510.02
103	3378.48
104	2924.6
105	2785.95
106	2675.42
107	2534.25
108	2185.59
109	2097.11
110	2016.32
111	1982.84
112	1968.7
113	2016.63
114	2010.83
115	2003.92
116	1918.07
117	1789.7
118	1684.79
119	1572.42
120	1506.02
121	1500.54
122	1538.24
123	1574.02
124	1521.82
125	1496.92
126	1428.59
127	1338.99
128	1320.75
129	1337.09
130	1353.24
131	1372.66
132	1397.04
133	1396.48
134	1417.67
135	1410.7
136	1395.46
137	1413.03
138	1400.29
139	1445.85
140	1467.45
141	1499.67
142	1520.36
143	1537.89
144	1563.78
145	1585.66
146	1590.96
147	1604.24
148	1608.88
149	1610.53
150	1633.44
151	1709.81
152	1808.18
153	1952.94
154	2237.55
155	2738.89
156	3162.53
157	3464.4
158	3982.23
159	4874.08
160	5756.83
161	6194.44
162	7181.11
163	7864.28
164	8309.55
165	9098.57
166	9380.8
167	9978.44
168	10521.3
169	10579.3
170	11169.8
171	12132.9
172	12342.5
173	12646.5
174	12801.9
175	12801.9
176	12801.9
177	12801.9
178	12801.9
179	12801.9
180	12801.9
181	12801.9
182	12801.9
183	12801.9
184	12801.9
185	12801.9
186	12801.9
187	12801.9
188	12801.9
189	12801.9
190	12801.9
191	12801.9
192	12801.9
193	12801.9
194	12801.9
195	12801.9
196	12801.9
197	13934.7
