Generation	Geometric_mean
1	245.001
2	245.001
3	245.001
4	245.001
5	49090.5
6	49090.5
7	49090.5
8	49090.5
9	55457.1
10	56645.8
11	56539.2
12	56381.1
13	59354
14	62071.7
15	63257.9
16	63760.8
17	63765.2
18	64304.4
19	64297.5
20	63421.1
21	63313
22	64951.6
23	65032.9
24	64515.6
25	63763.6
26	61737.4
27	60335.5
28	59784.4
29	59378.2
30	59804.9
31	59118.5
32	60235.6
33	61088.2
34	61071.7
35	60682.2
36	59959.5
37	59947.8
38	57649.7
39	55205.8
40	54103.8
41	53850.6
42	53614.8
43	51681.6
44	50492.3
45	48990.2
46	49040.6
47	48836.6
48	47935.6
49	47282.3
50	46880.3
51	45381.2
52	43581.8
53	43131.5
54	41559.5
55	40453.4
56	39051.7
57	34949
58	25434
59	10816.9
60	7065.08
61	3331.21
62	2479.99
63	2004.18
64	1535.03
65	1444.69
66	1294.21
67	1220.91
68	1183.61
69	1183.3
70	1155.22
71	1159.22
72	1148.84
73	1140.27
74	1141.33
75	1120.51
76	1129.64
77	1190.51
78	1200.07
79	1227.73
80	1245.64
81	1252.99
82	1249.35
83	1310.76
84	1363.55
85	1389.74
86	1844.08
87	2317.44
88	2609.77
89	6310.64
90	17302.9
91	88325.3
92	218829
93	421914
94	683341
95	1.03875e+06
96	1.49368e+06
97	1.81487e+06
98	1.93884e+06
99	2.15382e+06
100	2.24733e+06
101	2.32374e+06
102	2.38597e+06
103	2.47552e+06
104	2.5613e+06
105	2.78735e+06
106	2.98633e+06
107	3.12476e+06
108	3.05415e+06
109	3.097e+06
110	3.14224e+06
111	3.1948e+06
112	3.24421e+06
113	3.26245e+06
114	3.24048e+06
115	3.20046e+06
116	3.16447e+06
117	3.12528e+06
118	3.11301e+06
119	3.1373e+06
120	3.11353e+06
121	3.12078e+06
122	3.1053e+06
123	3.09302e+06
124	3.06645e+06
125	3.08981e+06
126	3.10135e+06
127	3.13208e+06
128	3.17569e+06
129	3.2127e+06
130	3.1944e+06
131	3.22211e+06
132	3.24376e+06
133	3.30836e+06
134	3.3682e+06
135	3.43225e+06
136	3.48268e+06
137	3.53776e+06
138	3.52218e+06
139	3.49637e+06
140	3.50127e+06
141	3.50621e+06
142	3.54449e+06
143	3.5974e+06
144	3.66032e+06
145	3.76725e+06
146	3.83479e+06
147	3.87726e+06
148	3.92802e+06
149	3.96035e+06
150	3.96995e+06
151	4.00786e+06
152	4.01831e+06
153	4.04129e+06
154	4.03966e+06
155	4.07894e+06
156	4.09966e+06
157	4.10682e+06
158	4.11052e+06
159	4.12021e+06
160	4.12144e+06
161	4.12144e+06
162	4.12144e+06
163	4.12144e+06
164	4.12144e+06
165	4.12144e+06
166	4.12144e+06
167	4.12144e+06
168	4.12144e+06
169	4.12144e+06
170	4.12144e+06
171	4.12144e+06
172	4.12144e+06
173	4.12144e+06
174	4.12144e+06
175	4.12144e+06
176	4.12144e+06
177	4.12144e+06
178	4.12144e+06
179	4.12144e+06
180	4.12144e+06
181	4.12144e+06
182	4.12144e+06
183	4.12144e+06
184	4.12144e+06
185	4.12144e+06
186	4.12144e+06
187	4.12144e+06
188	4.12144e+06
189	4.12144e+06
190	4.12144e+06
191	4.12144e+06
192	4.12144e+06
193	4.12144e+06
194	4.12144e+06
195	4.12144e+06
196	4.12144e+06
197	4.07332e+06
