Generation	Geometric_mean
1	186.005
2	186.005
3	186.005
4	186.005
5	185300
6	185300
7	185300
8	185300
9	191232
10	191709
11	192554
12	192472
13	185017
14	182731
15	182270
16	181235
17	185619
18	188634
19	190941
20	192921
21	191029
22	191868
23	186568
24	184428
25	188816
26	191465
27	193800
28	193419
29	190258
30	186567
31	180249
32	175455
33	173689
34	173364
35	178249
36	186316
37	190708
38	194570
39	195045
40	193068
41	191269
42	188905
43	185769
44	185832
45	188208
46	187505
47	185773
48	187279
49	186018
50	184750
51	180629
52	176813
53	176145
54	173822
55	170934
56	166602
57	159559
58	155361
59	152035
60	150992
61	149539
62	147657
63	144910
64	147799
65	153022
66	157812
67	163713
68	164835
69	161874
70	158152
71	155126
72	154843
73	153514
74	151440
75	151967
76	152481
77	150788
78	148974
79	149984
80	143093
81	140873
82	144785
83	147011
84	150519
85	151650
86	143912
87	143769
88	144501
89	145124
90	145959
91	145535
92	145577
93	144828
94	143681
95	141915
96	139667
97	138013
98	137374
99	135013
100	132210
101	129939
102	128928
103	129972
104	130026
105	130136
106	127844
107	125643
108	123734
109	123766
110	121653
111	119117
112	112695
113	102029
114	89465.1
115	69273.8
116	46230.2
117	28626.4
118	18455.5
119	12932.5
120	9366.18
121	7446.27
122	5974.8
123	5098.81
124	4100.07
125	3685.49
126	3543.91
127	3524.58
128	3402.54
129	3312.81
130	3312.04
131	3235.57
132	3140.82
133	3117.05
134	3124.31
135	3107.22
136	3088.99
137	3066.3
138	3042.65
139	3035.19
140	2983.83
141	2951.47
142	2932.63
143	2887.06
144	2865.5
145	2831.58
146	2801.05
147	2748.66
148	2737.81
149	2734.89
150	2744.54
151	2746.3
152	2744.97
153	2738.95
154	2734.66
155	2736.36
156	2728.01
157	2721.17
158	2710.8
159	2700.19
160	2698
161	2698.25
162	2697.17
163	2697.17
164	2695.75
165	2695.75
166	2695.75
167	2695.75
168	2695.75
169	2695.75
170	2695.75
171	2695.75
172	2695.75
173	2695.75
174	2695.75
175	2695.75
176	2695.75
177	2695.75
178	2695.75
179	2695.75
180	2695.75
181	2695.75
182	2695.75
183	2695.75
184	2695.75
185	2695.75
186	2695.75
187	2695.75
188	2695.75
189	2695.75
190	2695.75
191	2695.75
192	2695.75
193	2695.75
194	2695.75
195	2695.75
196	2616.46
