Generation	Geometric_mean
1	224.413
2	224.413
3	224.413
4	224.413
5	224.858
6	224.569
7	224.636
8	224.605
9	223.307
10	228.373
11	231.236
12	232.9
13	234.18
14	242.625
15	266.897
16	297.462
17	666.365
18	3176.3
19	5768.04
20	6175.49
21	6246.46
22	6529.92
23	7363.65
24	7777.15
25	7865.17
26	7488.49
27	7428.67
28	7151.29
29	7292.99
30	7140.49
31	7113.37
32	6997.67
33	6960.21
34	7026.88
35	7234.44
36	7498.56
37	7492.75
38	7468.53
39	7437.06
40	7469.5
41	7538.46
42	7407.26
43	7586.87
44	7493.98
45	7383.18
46	7468.56
47	7486.66
48	7526.61
49	7649.62
50	8041.24
51	8274.63
52	8500.08
53	8617.31
54	8790.18
55	8695.35
56	8651.86
57	8643.56
58	8659.3
59	8650.5
60	8687.59
61	8645.34
62	8357.47
63	7866.06
64	7634.5
65	7495.74
66	7403.96
67	7409.75
68	7434.7
69	7496.9
70	7500.18
71	7573.12
72	7803.24
73	7876.94
74	7917.39
75	8269.12
76	8131.46
77	7995.87
78	7988.14
79	8113.05
80	7902.28
81	7815.84
82	7786.06
83	7677.06
84	7600.09
85	7505.1
86	7464.62
87	7438.03
88	7466.23
89	7401.3
90	7319.92
91	7354.23
92	7336.7
93	7306.12
94	7388.32
95	7346.46
96	7401.06
97	7362.08
98	7496.42
99	7481.43
100	7480.82
101	7518.76
102	7509.44
103	7433.27
104	7411.04
105	7415.16
106	7564.32
107	7585.79
108	7684.53
109	7794.88
110	7892.49
111	8029.11
112	8082.48
113	8073.16
114	8012.02
115	7926.88
116	7982.96
117	8136.52
118	8174.97
119	8117.33
120	8104.63
121	8152.11
122	8168.17
123	8275.73
124	8324.32
125	8573.78
126	8705.54
127	8740.08
128	8597.06
129	8562.35
130	8576.6
131	8511.57
132	8592.48
133	8654.51
134	8700.78
135	8718.65
136	8785.65
137	8977.18
138	9129.86
139	9391.05
140	9573.71
141	9670.88
142	9747.06
143	9729.2
144	9811.52
145	9912.38
146	9977.49
147	10072.9
148	10126.9
149	10216.8
150	10299.7
151	10317.8
152	10371.8
153	10382.9
154	10419.5
155	10457.6
156	10471.8
157	10471.8
158	10482.9
159	10482.9
160	10482.9
161	10482.9
162	10482.9
163	10482.9
164	10482.9
165	10482.9
166	10482.9
167	10482.9
168	10482.9
169	10482.9
170	10482.9
171	10482.9
172	10482.9
173	10482.9
174	10482.9
175	10482.9
176	10482.9
177	10482.9
178	10482.9
179	10482.9
180	10482.9
181	10482.9
182	10482.9
183	10482.9
184	10482.9
185	10482.9
186	10482.9
187	10482.9
188	10482.9
189	10482.9
190	10482.9
191	10482.9
192	10482.9
193	10482.9
194	10451.1
