Generation	Geometric_mean
1	242.926
2	242.926
3	242.926
4	242.926
5	204561
6	204561
7	204561
8	204561
9	239537
10	247774
11	248300
12	249270
13	243224
14	244374
15	244286
16	243078
17	246905
18	251289
19	254145
20	256715
21	259740
22	253309
23	246479
24	245361
25	241668
26	242722
27	240958
28	244806
29	250848
30	249212
31	246033
32	246535
33	248531
34	247591
35	246049
36	241436
37	241150
38	235206
39	235301
40	240309
41	239575
42	239040
43	231651
44	227999
45	223381
46	223729
47	219983
48	221573
49	222051
50	220805
51	220973
52	222165
53	222866
54	229166
55	234063
56	233841
57	229537
58	219343
59	209130
60	201951
61	198948
62	192370
63	187484
64	185287
65	177036
66	167683
67	150643
68	134713
69	119785
70	113078
71	112908
72	110785
73	106709
74	101996
75	94386.4
76	84157
77	82228.5
78	80492.7
79	76482
80	73709.5
81	71281.1
82	66701.2
83	62801.3
84	51674.3
85	41018.9
86	21156.6
87	12840.6
88	6949.9
89	4417.13
90	2545.76
91	2113.86
92	1299.1
93	1080.67
94	777.698
95	666.078
96	578.866
97	575.213
98	525.313
99	519.951
100	506.33
101	493.993
102	485.678
103	488.88
104	494.462
105	509.969
106	518.736
107	539.26
108	547.609
109	554.474
110	604.88
111	890.682
112	929.27
113	1517.74
114	2994.9
115	8486.58
116	17359
117	30657.6
118	56495.9
119	92453.7
120	129538
121	149154
122	167037
123	172890
124	177535
125	179360
126	202611
127	220747
128	225924
129	228381
130	237147
131	239923
132	243246
133	250993
134	254524
135	266373
136	275432
137	279090
138	288255
139	290319
140	287334
141	286927
142	292089
143	296694
144	306286
145	318213
146	333745
147	351037
148	367114
149	377318
150	384467
151	394404
152	399257
153	403864
154	421668
155	438252
156	441915
157	444752
158	448428
159	448428
160	455411
161	461946
162	461946
163	461946
164	461946
165	461946
166	461946
167	461946
168	461946
169	461946
170	461946
171	461946
172	461946
173	461946
174	461946
175	461946
176	461946
177	461946
178	461946
179	461946
180	461946
181	461946
182	461946
183	461946
184	461946
185	461946
186	461946
187	461946
188	461946
189	461946
190	461946
191	461946
192	461946
193	461946
194	461946
195	461946
196	461946
197	458835
