Generation	Geometric_mean
1	222.668
2	222.668
3	222.668
4	222.668
5	29485.1
6	29485.1
7	29485.1
8	29485.1
9	31477.7
10	31688.1
11	31499.9
12	31305.3
13	33013.7
14	34692.4
15	35685.3
16	35854.8
17	36203.7
18	35607.6
19	35037.3
20	35084
21	35109
22	34872.2
23	34525
24	34262.7
25	33701.7
26	33708.4
27	33204.6
28	32999.5
29	32564.6
30	31991.8
31	31009.2
32	30939.9
33	30412.8
34	30151.3
35	30266.5
36	30172.6
37	29461
38	27827.7
39	27587.2
40	27235.4
41	26657.7
42	26737.7
43	27006.5
44	26968.8
45	25256.5
46	22051.8
47	16516
48	12517.5
49	7485.81
50	3648.92
51	2619.81
52	2203.62
53	1754.8
54	1693.97
55	1624.22
56	1542.53
57	1504.78
58	1486.25
59	1480.66
60	1456.83
61	1454.98
62	1423.99
63	1407.05
64	1411.23
65	1414.75
66	1370.44
67	1351.09
68	1370.24
69	1387.1
70	1419.95
71	1464.86
72	1499.45
73	1527.68
74	1539.96
75	1570.94
76	1570.96
77	1622.11
78	1697.14
79	1722.97
80	1909.42
81	2395.77
82	2705.15
83	3870.01
84	10104.1
85	18475.8
86	56132.5
87	156836
88	363451
89	674825
90	1.31292e+06
91	1.5124e+06
92	1.57338e+06
93	1.6032e+06
94	1.56077e+06
95	1.53501e+06
96	1.50765e+06
97	1.48839e+06
98	1.45982e+06
99	1.49338e+06
100	1.49658e+06
101	1.51227e+06
102	1.5259e+06
103	1.54625e+06
104	1.53959e+06
105	1.55546e+06
106	1.55055e+06
107	1.54214e+06
108	1.54783e+06
109	1.55462e+06
110	1.53488e+06
111	1.50925e+06
112	1.48984e+06
113	1.48545e+06
114	1.49573e+06
115	1.52115e+06
116	1.53499e+06
117	1.58384e+06
118	1.60718e+06
119	1.60318e+06
120	1.61641e+06
121	1.62055e+06
122	1.60806e+06
123	1.5999e+06
124	1.57752e+06
125	1.58341e+06
126	1.60483e+06
127	1.59678e+06
128	1.5834e+06
129	1.55667e+06
130	1.54233e+06
131	1.54912e+06
132	1.53815e+06
133	1.53131e+06
134	1.57907e+06
135	1.58764e+06
136	1.57518e+06
137	1.57318e+06
138	1.58244e+06
139	1.58211e+06
140	1.59463e+06
141	1.61732e+06
142	1.63115e+06
143	1.65631e+06
144	1.6755e+06
145	1.6794e+06
146	1.6885e+06
147	1.71636e+06
148	1.74555e+06
149	1.77565e+06
150	1.80019e+06
151	1.8238e+06
152	1.84339e+06
153	1.85219e+06
154	1.85685e+06
155	1.86538e+06
156	1.86776e+06
157	1.87175e+06
158	1.87263e+06
159	1.87478e+06
160	1.87478e+06
161	1.87478e+06
162	1.87478e+06
163	1.87478e+06
164	1.87478e+06
165	1.87478e+06
166	1.87478e+06
167	1.87478e+06
168	1.87478e+06
169	1.87478e+06
170	1.87478e+06
171	1.87478e+06
172	1.87478e+06
173	1.87478e+06
174	1.87478e+06
175	1.87478e+06
176	1.87478e+06
177	1.87478e+06
178	1.87478e+06
179	1.87478e+06
180	1.87478e+06
181	1.87478e+06
182	1.87478e+06
183	1.87478e+06
184	1.87478e+06
185	1.87478e+06
186	1.87478e+06
187	1.87478e+06
188	1.87478e+06
189	1.87478e+06
190	1.87478e+06
191	1.87478e+06
192	1.87478e+06
193	1.87478e+06
194	1.87478e+06
195	1.87478e+06
196	1.87478e+06
197	1.89226e+06
