Generation	Geometric_mean
1	2655.89
2	2655.89
3	2655.89
4	2655.89
5	2655.89
6	2230.91
7	762.161
8	132.889
9	132.889
10	135.086
11	135.086
12	1.95805e+06
13	2.51978e+06
14	2.8544e+06
15	2.8544e+06
16	3.34592e+06
17	3.32061e+06
18	3.67485e+06
19	3.71751e+06
20	3.71842e+06
21	3.75679e+06
22	3.76994e+06
23	3.77601e+06
24	3.87762e+06
25	3.91173e+06
26	3.93349e+06
27	3.92411e+06
28	3.92254e+06
29	3.96603e+06
30	3.95422e+06
31	3.93891e+06
32	3.93808e+06
33	3.92192e+06
34	3.95015e+06
35	3.96663e+06
36	3.9677e+06
37	3.97165e+06
38	4.05123e+06
39	4.13723e+06
40	4.18087e+06
41	4.17768e+06
42	4.15619e+06
43	4.14956e+06
44	4.11816e+06
45	4.0757e+06
46	4.0382e+06
47	4.0067e+06
48	4.00505e+06
49	4.02683e+06
50	4.13103e+06
51	4.18703e+06
52	4.21239e+06
53	4.22306e+06
54	4.21904e+06
55	4.2042e+06
56	4.20502e+06
57	4.18374e+06
58	4.17731e+06
59	4.18891e+06
60	4.21418e+06
61	4.20319e+06
62	4.18841e+06
63	4.23321e+06
64	4.24879e+06
65	4.28029e+06
66	4.27204e+06
67	4.27257e+06
68	4.29115e+06
69	4.32503e+06
70	4.32834e+06
71	4.32946e+06
72	4.34341e+06
73	4.33584e+06
74	4.33456e+06
75	4.35481e+06
76	4.39704e+06
77	4.3973e+06
78	4.41033e+06
79	4.43341e+06
80	4.44809e+06
81	4.46555e+06
82	4.4472e+06
83	4.42333e+06
84	4.3667e+06
85	4.35264e+06
86	4.32639e+06
87	4.29458e+06
88	4.28409e+06
89	4.27286e+06
90	4.26059e+06
91	4.27769e+06
92	4.30354e+06
93	4.26964e+06
94	4.27675e+06
95	4.28483e+06
96	4.2817e+06
97	4.28509e+06
98	4.32484e+06
99	4.32555e+06
100	4.29982e+06
101	4.31166e+06
102	4.33101e+06
103	4.312e+06
104	4.32901e+06
105	4.29773e+06
106	4.27226e+06
107	4.26868e+06
108	4.26587e+06
109	4.28069e+06
110	4.24166e+06
111	4.20905e+06
112	4.21442e+06
113	4.21374e+06
114	4.20616e+06
115	4.25661e+06
116	4.25946e+06
117	4.28154e+06
118	4.36857e+06
119	4.38928e+06
120	4.45277e+06
121	4.43475e+06
122	4.41023e+06
123	4.43476e+06
124	4.37089e+06
125	4.38085e+06
126	4.41705e+06
127	4.44651e+06
128	4.46395e+06
129	4.47206e+06
130	4.48446e+06
131	4.51516e+06
132	4.53507e+06
133	4.54808e+06
134	4.56816e+06
135	4.57588e+06
136	4.58893e+06
137	4.6079e+06
138	4.62695e+06
139	4.63705e+06
140	4.66216e+06
141	4.66859e+06
142	4.67724e+06
143	4.68093e+06
144	4.68381e+06
145	4.69464e+06
146	4.69653e+06
147	4.70121e+06
148	4.70142e+06
149	4.70367e+06
150	4.70367e+06
151	4.70367e+06
152	4.70367e+06
153	4.70367e+06
154	4.70367e+06
155	4.70367e+06
156	4.70367e+06
157	4.70367e+06
158	4.70367e+06
159	4.70367e+06
160	4.70367e+06
161	4.70367e+06
162	4.70367e+06
163	4.70367e+06
164	4.70367e+06
165	4.70367e+06
166	4.70367e+06
167	4.70367e+06
168	4.70367e+06
169	4.70367e+06
170	4.70367e+06
171	4.70367e+06
172	4.70367e+06
173	4.70367e+06
174	4.70367e+06
175	4.70367e+06
176	4.70367e+06
177	4.70367e+06
178	4.70367e+06
179	4.70367e+06
180	4.70367e+06
181	4.70367e+06
182	4.70367e+06
183	4.70367e+06
184	4.70367e+06
185	4.70367e+06
186	4.64332e+06
