Generation	Geometric_mean
1	163.954
2	163.954
3	163.954
4	163.954
5	1.32734e+06
6	1.32734e+06
7	1.32734e+06
8	1.32734e+06
9	1.44196e+06
10	1.48002e+06
11	1.49139e+06
12	1.49335e+06
13	1.55542e+06
14	1.57819e+06
15	1.56391e+06
16	1.5643e+06
17	1.57724e+06
18	1.61339e+06
19	1.62322e+06
20	1.62723e+06
21	1.64923e+06
22	1.66244e+06
23	1.66849e+06
24	1.69722e+06
25	1.66606e+06
26	1.66872e+06
27	1.63992e+06
28	1.63106e+06
29	1.61421e+06
30	1.65474e+06
31	1.65382e+06
32	1.6424e+06
33	1.63578e+06
34	1.61836e+06
35	1.60412e+06
36	1.589e+06
37	1.56113e+06
38	1.56306e+06
39	1.55421e+06
40	1.542e+06
41	1.55301e+06
42	1.51658e+06
43	1.49547e+06
44	1.46571e+06
45	1.4159e+06
46	1.41742e+06
47	1.43992e+06
48	1.48718e+06
49	1.50922e+06
50	1.50563e+06
51	1.50954e+06
52	1.49939e+06
53	1.48903e+06
54	1.49043e+06
55	1.47692e+06
56	1.49575e+06
57	1.50358e+06
58	1.50288e+06
59	1.48564e+06
60	1.43834e+06
61	1.41908e+06
62	1.36836e+06
63	1.3113e+06
64	1.28637e+06
65	1.27111e+06
66	1.22746e+06
67	1.18723e+06
68	1.16098e+06
69	1.13813e+06
70	1.1278e+06
71	1.12745e+06
72	1.10219e+06
73	1.0838e+06
74	1.04853e+06
75	1.03781e+06
76	1.02487e+06
77	1.0417e+06
78	1.03015e+06
79	1.04272e+06
80	1.02224e+06
81	1.0275e+06
82	997794
83	943146
84	912440
85	916928
86	925645
87	926070
88	905534
89	860501
90	834739
91	820540
92	788421
93	787495
94	777283
95	744295
96	693107
97	664046
98	635261
99	633035
100	628865
101	618253
102	592772
103	575900
104	534668
105	530777
106	554715
107	559343
108	540320
109	525224
110	519637
111	500688
112	475630
113	439338
114	435779
115	413076
116	395414
117	371452
118	348144
119	315925
120	284166
121	256946
122	237915
123	180240
124	131032
125	100098
126	73693.6
127	42073.2
128	18115.3
129	11348.9
130	8325.04
131	6343.23
132	2078.05
133	742.819
134	306.073
135	214.269
136	198.435
137	176.913
138	159.087
139	158.279
140	158.279
141	158.279
142	158.279
143	194.026
144	334.54
145	737.264
146	2756.07
147	18205.6
148	175578
149	549160
150	614759
151	648568
152	666177
153	703132
154	731755
155	741607
156	741607
157	741607
158	741607
159	741607
160	741607
161	741607
162	741607
163	741607
164	741607
165	741607
166	741607
167	741607
168	741607
169	741607
170	741607
171	741607
172	741607
173	741607
174	787692
