Generation	Geometric_mean
1	196376
2	196376
3	196376
4	196376
5	90133.4
6	5353.5
7	5353.5
8	5353.5
9	2449.72
10	107.979
11	107.979
12	107.979
13	107.979
14	107.979
15	456621
16	3.57304e+06
17	3.57304e+06
18	3.57304e+06
19	4.04198e+06
20	4.13365e+06
21	4.14152e+06
22	4.1433e+06
23	4.3377e+06
24	4.42931e+06
25	4.47575e+06
26	4.47691e+06
27	4.49914e+06
28	4.5402e+06
29	4.57659e+06
30	4.60733e+06
31	4.60222e+06
32	4.6321e+06
33	4.62683e+06
34	4.61578e+06
35	4.6394e+06
36	4.67505e+06
37	4.70702e+06
38	4.72874e+06
39	4.75184e+06
40	4.77636e+06
41	4.77418e+06
42	4.78231e+06
43	4.77136e+06
44	4.75759e+06
45	4.76523e+06
46	4.76614e+06
47	4.7932e+06
48	4.81369e+06
49	4.82478e+06
50	4.83281e+06
51	4.83234e+06
52	4.82816e+06
53	4.81693e+06
54	4.81129e+06
55	4.82267e+06
56	4.83426e+06
57	4.82824e+06
58	4.83898e+06
59	4.83719e+06
60	4.83612e+06
61	4.84962e+06
62	4.86282e+06
63	4.87059e+06
64	4.88649e+06
65	4.88011e+06
66	4.87259e+06
67	4.84945e+06
68	4.84795e+06
69	4.84306e+06
70	4.85946e+06
71	4.88752e+06
72	4.89268e+06
73	4.89532e+06
74	4.87294e+06
75	4.86564e+06
76	4.85383e+06
77	4.84795e+06
78	4.84887e+06
79	4.85541e+06
80	4.86162e+06
81	4.8661e+06
82	4.85805e+06
83	4.85655e+06
84	4.85987e+06
85	4.85637e+06
86	4.88109e+06
87	4.88272e+06
88	4.87564e+06
89	4.88033e+06
90	4.87471e+06
91	4.8756e+06
92	4.88502e+06
93	4.89501e+06
94	4.88517e+06
95	4.87177e+06
96	4.87184e+06
97	4.87669e+06
98	4.87789e+06
99	4.87894e+06
100	4.87565e+06
101	4.87507e+06
102	4.86888e+06
103	4.86538e+06
104	4.86506e+06
105	4.86578e+06
106	4.86692e+06
107	4.8735e+06
108	4.87177e+06
109	4.86973e+06
110	4.86364e+06
111	4.85809e+06
112	4.85836e+06
113	4.86093e+06
114	4.8556e+06
115	4.85799e+06
116	4.85927e+06
117	4.82553e+06
118	4.83903e+06
119	4.84192e+06
120	4.83722e+06
121	4.82834e+06
122	4.82854e+06
123	4.83927e+06
124	4.84984e+06
125	4.86659e+06
126	4.89163e+06
127	4.90786e+06
128	4.91649e+06
129	4.92642e+06
130	4.93578e+06
131	4.93893e+06
132	4.94423e+06
133	4.94855e+06
134	4.95336e+06
135	4.9567e+06
136	4.95922e+06
137	4.96683e+06
138	4.9732e+06
139	4.98066e+06
140	4.98369e+06
141	4.98632e+06
142	4.9871e+06
143	4.98754e+06
144	4.98754e+06
145	4.98759e+06
146	4.98759e+06
147	4.98759e+06
148	4.98759e+06
149	4.98759e+06
150	4.98759e+06
151	4.98759e+06
152	4.98759e+06
153	4.98759e+06
154	4.98759e+06
155	4.98759e+06
156	4.98759e+06
157	4.98759e+06
158	4.98759e+06
159	4.98759e+06
160	4.98759e+06
161	4.98759e+06
162	4.98759e+06
163	4.98759e+06
164	4.98759e+06
165	4.98759e+06
166	4.98759e+06
167	4.98759e+06
168	4.98759e+06
169	4.98759e+06
170	4.98759e+06
171	4.98759e+06
172	4.98759e+06
173	4.98759e+06
174	4.98759e+06
175	4.98759e+06
176	4.98759e+06
177	4.98759e+06
178	4.98759e+06
179	4.98759e+06
180	4.98759e+06
181	4.99019e+06
