Generation	Geometric_mean
1	201.598
2	201.598
3	201.598
4	201.598
5	117273
6	117273
7	117273
8	117273
9	134216
10	133085
11	131414
12	130734
13	138796
14	141673
15	143047
16	142409
17	141944
18	141435
19	142587
20	143464
21	145875
22	147470
23	146258
24	147987
25	147625
26	148958
27	150461
28	151426
29	154698
30	156948
31	156534
32	158213
33	156504
34	156668
35	154383
36	142353
37	138676
38	132738
39	120866
40	122117
41	119573
42	107942
43	97166.9
44	95331.5
45	94124.2
46	91389.6
47	86843.8
48	85024.3
49	81287.6
50	78733.5
51	78986.9
52	78734.2
53	77121
54	76281.4
55	73889.9
56	70799.5
57	68669.4
58	67947.7
59	66473.3
60	64717.7
61	63798.8
62	62915
63	60581.9
64	59853.2
65	54454.4
66	51264.5
67	49763.8
68	47122.1
69	45788.1
70	44793.6
71	42169.7
72	38014.2
73	36893
74	36278.5
75	35569.1
76	35723.1
77	35817.8
78	34232
79	32242.4
80	30281.9
81	28029.9
82	25354
83	24818
84	23802.5
85	21733.6
86	19696.8
87	14926.1
88	11451.7
89	8353.91
90	7144.11
91	6807.84
92	6312.63
93	5450.19
94	4027.84
95	3356.69
96	3199.62
97	3149.08
98	2995.43
99	2804.96
100	2664.91
101	2597.86
102	2496.15
103	2450.62
104	2359.01
105	2342.18
106	2327.57
107	2299.88
108	2338.3
109	2308.6
110	2263.73
111	2242.02
112	2219.96
113	2203.3
114	2208.78
115	2226.9
116	2229.59
117	2210.15
118	2235.19
119	2243.34
120	2275.9
121	2304.62
122	2306.51
123	2357.41
124	2378.64
125	2423.17
126	2471.69
127	2545.98
128	2565.24
129	2897.07
130	2950.02
131	3050.11
132	3179.37
133	3428.41
134	3959.93
135	4580.98
136	5572.5
137	6314.26
138	7531.04
139	8732.45
140	9273.93
141	10894.1
142	13079.1
143	15049.3
144	17105.4
145	19873.5
146	23826.8
147	28610.2
148	31696
149	33314
150	35206.7
151	35863.6
152	37579.4
153	39770.8
154	43415.1
155	48597.7
156	50540.3
157	52592.2
158	53906
159	56010.1
160	57878.3
161	58828.9
162	58828.9
163	58828.9
164	58828.9
165	58828.9
166	58828.9
167	58828.9
168	58828.9
169	58828.9
170	58828.9
171	58828.9
172	58828.9
173	58828.9
174	58828.9
175	58828.9
176	58828.9
177	58828.9
178	58828.9
179	58828.9
180	58828.9
181	58828.9
182	58828.9
183	58828.9
184	58828.9
185	58828.9
186	58828.9
187	58828.9
188	58828.9
189	58828.9
190	58828.9
191	58828.9
192	58828.9
193	58828.9
194	58828.9
195	58828.9
196	58828.9
197	60863.6
