Generation	Geometric_mean
1	197.269
2	197.269
3	197.269
4	197.269
5	143259
6	143259
7	143259
8	143259
9	159546
10	161059
11	162946
12	162769
13	164807
14	160666
15	158681
16	157495
17	162119
18	166348
19	166153
20	166986
21	164831
22	163338
23	166646
24	166116
25	166076
26	166146
27	165233
28	164056
29	166615
30	166855
31	168239
32	169752
33	167213
34	160198
35	154317
36	149774
37	145177
38	144930
39	144670
40	143561
41	144343
42	146117
43	143365
44	139912
45	138105
46	136431
47	131777
48	128366
49	124102
50	119295
51	117670
52	112871
53	109733
54	101905
55	93872.7
56	87630.7
57	81304.3
58	73827.2
59	68621.9
60	59696.6
61	56635.6
62	55530
63	52540.4
64	49990.9
65	48641.9
66	47106.9
67	46333.9
68	46342.9
69	45535.9
70	44587
71	44925.6
72	44523.4
73	41408.9
74	38826.6
75	37283
76	36361.5
77	36626.1
78	36160.6
79	36038.2
80	34503.7
81	32271.5
82	30550.1
83	30204.2
84	30028
85	29484.9
86	29762.4
87	29625.3
88	29006.9
89	28186.9
90	28004.4
91	28386.9
92	28913.8
93	29543.9
94	29705.3
95	30208.6
96	31304.2
97	31648.2
98	32276.7
99	33284.4
100	34351.8
101	35427.1
102	35797.4
103	36311.3
104	36387.8
105	36443.5
106	36623.2
107	36465
108	36399.5
109	35706.5
110	35362.4
111	35120.8
112	35093.2
113	36838.7
114	37482.1
115	37621.9
116	38438.5
117	38529.1
118	39234.6
119	40233
120	40885.2
121	41470.3
122	41515.6
123	42202.4
124	42713.9
125	42594.4
126	43273.3
127	45194.6
128	45916
129	42181.2
130	34428.4
131	26949.3
132	17447.9
133	11383.5
134	8121.61
135	6574.58
136	5287.89
137	4798.65
138	4490.47
139	4479.18
140	4343.09
141	4157.78
142	4095.85
143	3877.91
144	3640.82
145	3617.17
146	3559.51
147	3546.07
148	3560.33
149	3576.14
150	3591.83
151	3617.59
152	3631.13
153	3630.68
154	3615.98
155	3421.01
156	3324.91
157	3284.39
158	3263.54
159	3263.54
160	3263.54
161	3175.73
162	3153.58
163	3111.44
164	3090.23
165	3047.99
166	3006.68
167	2944.15
168	2867.25
169	2782.74
170	2751.82
171	2700.56
172	2700.56
173	2700.56
174	2685.62
175	2655.76
176	2627
177	2596.69
178	2582.05
179	2566.84
180	2566.84
181	2522.82
182	2481.98
183	2429.52
184	2403.17
185	2403.17
186	2403.17
187	2403.17
188	2403.17
189	2403.17
190	2403.17
191	2403.17
192	2228.41
193	1782.63
194	1782.63
195	1782.63
196	1782.63
197	1517.18
