Generation	Geometric_mean
1	1305.46
2	1305.46
3	1305.46
4	1305.46
5	849.885
6	658.895
7	490.251
8	439.317
9	370.301
10	364.523
11	401.748
12	526.325
13	2069.12
14	7328.93
15	59738.7
16	106450
17	265788
18	351122
19	351163
20	353950
21	384088
22	385460
23	392085
24	390977
25	389455
26	382400
27	386928
28	385370
29	403051
30	413400
31	426633
32	438684
33	454293
34	452990
35	446915
36	453266
37	440226
38	437951
39	438303
40	438898
41	442154
42	445617
43	445396
44	448083
45	466689
46	469182
47	471651
48	470206
49	476339
50	486491
51	485987
52	485904
53	473307
54	468126
55	460153
56	466505
57	475354
58	475265
59	473822
60	476432
61	481043
62	486344
63	490402
64	501879
65	508060
66	508570
67	509905
68	496968
69	498685
70	490549
71	491268
72	501849
73	500395
74	499659
75	496750
76	485584
77	475158
78	475537
79	456687
80	460653
81	459599
82	458616
83	455785
84	465163
85	466381
86	461844
87	469646
88	458325
89	448957
90	446189
91	447251
92	459546
93	468552
94	473256
95	472226
96	465988
97	455473
98	453882
99	453424
100	447835
101	443416
102	440089
103	431139
104	430082
105	413556
106	400081
107	393232
108	382065
109	372507
110	369143
111	351951
112	344879
113	349469
114	351881
115	354448
116	353590
117	356433
118	357934
119	353667
120	343849
121	335158
122	331570
123	329540
124	315624
125	302976
126	289504
127	283277
128	275806
129	269118
130	253908
131	252672
132	244740
133	240736
134	235275
135	235720
136	230624
137	236637
138	235712
139	238351
140	233129
141	231007
142	226570
143	221144
144	218260
145	211101
146	205605
147	201058
148	196575
149	195071
150	192230
151	189323
152	188939
153	185354
154	178904
155	175217
156	172467
157	163722
158	158900
159	150279
160	144794
161	138506
162	133613
163	132104
164	129118
165	128583
166	128583
167	128583
168	128073
169	128073
170	127516
171	126410
172	126410
173	125882
174	125882
175	125348
176	125348
177	124852
178	123792
179	123270
180	123270
181	123270
182	123270
183	123270
184	123270
185	123270
186	123270
187	123270
188	123270
189	123270
190	123270
191	123270
192	89555.5
193	2883.14
194	2883.14
195	2883.14
196	2883.14
197	2471.18
