Generation	Geometric_mean
1	238.411
2	238.411
3	238.411
4	238.411
5	181096
6	181096
7	181096
8	181096
9	175040
10	177185
11	177494
12	178726
13	178967
14	178829
15	177087
16	176500
17	177161
18	183409
19	188834
20	193102
21	194461
22	195736
23	198666
24	199489
25	201982
26	204745
27	203478
28	199429
29	197699
30	198378
31	199130
32	196250
33	193896
34	192278
35	193260
36	193680
37	193328
38	187440
39	183656
40	178759
41	176759
42	178386
43	180305
44	178603
45	176942
46	169539
47	165131
48	161864
49	160823
50	162031
51	160249
52	156670
53	148274
54	137729
55	129074
56	126689
57	123314
58	120298
59	116792
60	114274
61	114516
62	111966
63	107556
64	105746
65	103130
66	97703.8
67	93466.7
68	92949
69	88601.6
70	83770.1
71	77519.6
72	72448.9
73	67384.6
74	65390.4
75	58404.8
76	58143.9
77	57551.5
78	54965.3
79	48446.2
80	41643.6
81	37481.4
82	30199.9
83	20332.1
84	14535.5
85	6428.05
86	3534.36
87	2295.73
88	1724.8
89	1460.15
90	1415.15
91	1316.72
92	1198.47
93	1169.68
94	1130.73
95	1106.6
96	1063.61
97	1041.6
98	1019.89
99	1021.76
100	1030.46
101	1020.71
102	1012.8
103	991.49
104	961.371
105	946.495
106	947.499
107	937.279
108	926.938
109	938.617
110	964.521
111	995.609
112	1034.58
113	1067.41
114	1087.67
115	1088.18
116	1119.53
117	1166.04
118	1204.79
119	1283.56
120	2233.43
121	2769.96
122	3757.93
123	6585.33
124	11541.3
125	18746.8
126	36407.5
127	55465.8
128	75954.4
129	91986.7
130	95953.3
131	110164
132	115508
133	122817
134	130455
135	147882
136	154160
137	162585
138	166842
139	170343
140	172994
141	172520
142	173432
143	178760
144	190160
145	204654
146	216333
147	224594
148	233968
149	239109
150	243987
151	248597
152	250883
153	251545
154	252368
155	252611
156	253874
157	253874
158	261190
159	263844
160	271509
161	276953
162	277210
163	279776
164	280009
165	280009
166	280009
167	280009
168	280009
169	280009
170	280009
171	280009
172	280009
173	280009
174	280009
175	280009
176	280009
177	280009
178	280009
179	280009
180	280009
181	280009
182	280009
183	280009
184	280009
185	280009
186	280009
187	280009
188	280009
189	280009
190	280009
191	280009
192	280009
193	280009
194	280009
195	280009
196	280009
197	288739
