Generation	Geometric_mean
1	223.815
2	223.815
3	223.815
4	223.815
5	296384
6	296384
7	296384
8	296384
9	268247
10	261255
11	257819
12	256923
13	264071
14	257450
15	257189
16	258121
17	261118
18	272836
19	278461
20	277551
21	280260
22	281755
23	277155
24	279329
25	279154
26	276145
27	280041
28	281142
29	285912
30	283739
31	283431
32	283509
33	277677
34	270380
35	267209
36	271325
37	265400
38	264424
39	258645
40	253295
41	246392
42	247030
43	248264
44	243110
45	236734
46	229591
47	225640
48	220789
49	212574
50	207621
51	197438
52	193192
53	191403
54	189053
55	188530
56	189930
57	191786
58	189018
59	196232
60	195306
61	195706
62	194975
63	193317
64	194073
65	193444
66	195657
67	196367
68	194461
69	196074
70	193776
71	192430
72	191290
73	192026
74	184579
75	179380
76	177288
77	173127
78	172946
79	172844
80	168284
81	164453
82	162179
83	161961
84	156561
85	156321
86	154058
87	150922
88	148719
89	144406
90	139796
91	138627
92	136961
93	128661
94	116382
95	108430
96	90325
97	59452.8
98	37470.9
99	25874.4
100	16609.6
101	9727.46
102	6100.19
103	5220.42
104	3795.79
105	3273.25
106	3046.18
107	2966.96
108	2879.12
109	2857.16
110	2839.04
111	2823.59
112	2784.68
113	2733.68
114	2681.37
115	2604.86
116	2549.11
117	2504.77
118	2419.78
119	2397.49
120	2393.31
121	2379.92
122	2329.47
123	2281.29
124	2247.45
125	2160.72
126	2119.84
127	2079.33
128	2070.69
129	2070
130	2083.3
131	2098.6
132	2080.47
133	2071.86
134	2073.9
135	2078.33
136	2086.93
137	2123.8
138	2137.63
139	2152.78
140	2179.7
141	2209.2
142	2263.98
143	2299.43
144	2336.31
145	2381.47
146	2392.76
147	2426.89
148	2493.09
149	2546.52
150	2591.31
151	2679.24
152	2729.83
153	2798.41
154	2880.15
155	2973.42
156	3020.01
157	3064.45
158	3070.63
159	3097.75
160	3110.51
161	3127.06
162	3134.29
163	3163.24
164	3191.11
165	3191.11
166	3191.11
167	3191.11
168	3191.11
169	3191.11
170	3191.11
171	3191.11
172	3191.11
173	3191.11
174	3191.11
175	3191.11
176	3191.11
177	3191.11
178	3191.11
179	3191.11
180	3191.11
181	3191.11
182	3191.11
183	3191.11
184	3191.11
185	3191.11
186	3191.11
187	3191.11
188	3191.11
189	3191.11
190	3191.11
191	3191.11
192	3191.11
193	3191.11
194	3191.11
195	3191.11
196	3191.11
197	3322.33
