Generation	Geometric_mean
1	202.573
2	202.573
3	202.573
4	202.573
5	297.341
6	307.873
7	308.56
8	309.513
9	302.865
10	306.968
11	317.013
12	318.916
13	327.053
14	331.921
15	335.921
16	418.847
17	780.787
18	1880.18
19	2139.98
20	2245.8
21	2306.68
22	2328.06
23	2325.69
24	2658.14
25	2771.97
26	2709.02
27	2946.6
28	2971.67
29	3305.44
30	4421.44
31	4448.93
32	5230.77
33	6451.52
34	6377.52
35	6682.7
36	7388.1
37	7344.73
38	7456.21
39	7396.47
40	7394.23
41	7630.7
42	7580.63
43	7547.55
44	7574.86
45	7663.45
46	7614.48
47	7461.51
48	7373.09
49	7452.83
50	7450.32
51	7484.67
52	7441.8
53	7463.15
54	7559.32
55	7753.67
56	7825.56
57	7797.66
58	7792.16
59	7874.9
60	7813.83
61	7817.93
62	7716.33
63	7662.36
64	7743.45
65	7769.07
66	7690.9
67	7609.26
68	7639.58
69	7634.44
70	7722.19
71	7931.51
72	8070.23
73	8169.03
74	8171.45
75	8077.1
76	7773.83
77	7616.77
78	7414.99
79	7137.02
80	7058.73
81	7019.52
82	6923.56
83	6798.18
84	6840.72
85	6931.57
86	6995.89
87	7025.27
88	7050.11
89	7078.04
90	7104.54
91	7240.47
92	7283.22
93	7400.3
94	7466.25
95	7376.77
96	7161.19
97	7189.32
98	7167.41
99	7191.32
100	7116.75
101	6988.96
102	6851.26
103	6728.77
104	6627.2
105	6695.36
106	6937.52
107	7179.91
108	7343.31
109	7430.48
110	7546.37
111	7677.32
112	7726.62
113	7812.79
114	7833.58
115	8422.57
116	8548.62
117	8737.34
118	8894.83
119	8800.63
120	9038.72
121	9397.76
122	9472.24
123	9829.94
124	10680.6
125	11149
126	11380.1
127	11822
128	12488.5
129	13310
130	15781.3
131	17057.9
132	17833.2
133	18418.7
134	18657.7
135	18842.1
136	18873.5
137	19450.3
138	19654.8
139	21532.2
140	25663
141	29209.8
142	33889.9
143	37540.3
144	43783.1
145	50950.3
146	60607.7
147	67937.8
148	75562.6
149	82069.4
150	94217.3
151	113931
152	123190
153	126087
154	129637
155	130655
156	131917
157	132289
158	132604
159	133222
160	133222
161	133222
162	133222
163	133222
164	133222
165	133222
166	133222
167	133222
168	133222
169	133222
170	133222
171	133222
172	133222
173	133222
174	133222
175	133222
176	133222
177	133222
178	133222
179	133222
180	133222
181	133222
182	133222
183	133222
184	133222
185	133222
186	133222
187	133222
188	133222
189	133222
190	133222
191	137204
