Generation	Geometric_mean
1	81.1372
2	81.1372
3	81.1372
4	81.1372
5	19497.7
6	19497.7
7	19497.7
8	19497.7
9	22535.2
10	23158.8
11	23397.3
12	23507.4
13	23290.7
14	23537.9
15	23491.5
16	23460.3
17	22918.5
18	23022.3
19	23206.3
20	23176.4
21	23361.7
22	23027.2
23	22942.3
24	23488
25	23721.8
26	24196.2
27	24807.7
28	24963.3
29	24987.5
30	24996.2
31	24760.2
32	24576
33	24351.9
34	23853.9
35	23292.4
36	22898.5
37	22830.1
38	22784.7
39	22515
40	22211
41	21580.9
42	21071.9
43	20415.3
44	20009.8
45	19401.8
46	19371.9
47	19036.7
48	18487.9
49	17916.5
50	17327.8
51	17029.6
52	17012.5
53	17154.9
54	16787.1
55	16287.6
56	15840.3
57	15217.3
58	14482.1
59	13952.8
60	13748.8
61	12995.8
62	12277.4
63	11902.1
64	11616.7
65	11745.4
66	11881.9
67	11674.4
68	11770.7
69	11256.5
70	10695.8
71	9865.05
72	9432.08
73	8709.07
74	5812.85
75	3094.33
76	1482.73
77	655.587
78	363.291
79	264.095
80	241.766
81	217.234
82	181.763
83	163.484
84	157.857
85	149.147
86	147.639
87	142.572
88	139.373
89	139.025
90	138.18
91	138.907
92	138.699
93	140.167
94	143.905
95	147.38
96	155.293
97	158.828
98	159.376
99	164.589
100	167.172
101	180.682
102	257.234
103	310.111
104	493.102
105	1149.33
106	3343.65
107	5189.63
108	10634
109	18470.5
110	21600.6
111	26503.5
112	28469
113	38140.6
114	38384
115	38051.8
116	37035.9
117	40814.1
118	43264.8
119	48299.9
120	53863.9
121	63425.4
122	68424.4
123	73363.3
124	77923.6
125	83688
126	87133.6
127	92791.5
128	92447.4
129	93176.2
130	93745.2
131	94673.4
132	94123.7
133	97184.6
134	101307
135	107548
136	113528
137	120384
138	124163
139	127687
140	129652
141	135421
142	144673
143	146304
144	148393
145	152046
146	159791
147	162716
148	170299
149	175216
150	178880
151	182763
152	183957
153	185458
154	186161
155	186034
156	185919
157	185904
158	185816
159	185816
160	185816
161	185816
162	185823
163	185859
164	185960
165	185960
166	185960
167	185960
168	185960
169	185960
170	185960
171	185960
172	185960
173	185960
174	185960
175	185960
176	185960
177	185960
178	185960
179	185960
180	185960
181	185960
182	185960
183	185960
184	185960
185	185960
186	185960
187	185960
188	185960
189	185960
190	185960
191	185960
192	185960
193	185960
194	185960
195	185960
196	186177
