Generation	Geometric_mean
1	258.391
2	258.391
3	258.391
4	258.391
5	11162.9
6	11162.9
7	11162.9
8	11162.9
9	13035.4
10	13696.6
11	13830.2
12	13841
13	15719.2
14	16204.4
15	16315.4
16	16436.1
17	17269.6
18	17835
19	17883.7
20	17805.3
21	18006.8
22	18155.2
23	18593.5
24	18807.2
25	18747.8
26	18767.4
27	18596.3
28	18625.1
29	18494.4
30	18602.7
31	18206.2
32	17642.1
33	17219.6
34	16793.1
35	17248
36	17424.8
37	17509.7
38	17468.2
39	17483.6
40	16656
41	16770.6
42	16701.1
43	16775.1
44	17076.8
45	16715.8
46	16644.8
47	16182.3
48	16318.7
49	16138.5
50	15622.7
51	15225
52	14933.1
53	14293.9
54	14346.8
55	14354.7
56	13788.3
57	13335.2
58	13280.8
59	12847.7
60	12683.9
61	12572.1
62	12174.3
63	11729.5
64	11557.2
65	11296.9
66	11189.7
67	11222.3
68	11029.9
69	10998.3
70	10642
71	10122.7
72	10023.2
73	9764.5
74	9596.82
75	9821.74
76	9770.01
77	9391.32
78	8793.74
79	8486.04
80	8215.52
81	8227.77
82	8251.97
83	8161.67
84	8117.6
85	7963.28
86	7463.96
87	6967.72
88	6676.31
89	6398.5
90	6195.27
91	6147.32
92	6100.42
93	6034.17
94	5812.19
95	5380.66
96	4729.61
97	4190.84
98	3932.6
99	3636.85
100	3183.41
101	3008.16
102	3008.29
103	2982.3
104	2808.91
105	2634.41
106	2483.64
107	2299.96
108	2203.43
109	2129.35
110	2113.14
111	2070.34
112	1980.57
113	1930.85
114	1863.81
115	1762.7
116	1767.47
117	1765.98
118	1760.8
119	1763.68
120	1714.78
121	1657.31
122	1606.29
123	1568.43
124	1617.58
125	1637.76
126	1628.98
127	1625.83
128	1620.26
129	1604.02
130	1578.41
131	1586.12
132	1574.99
133	1586.24
134	1599.9
135	1606.89
136	1656.35
137	1832.74
138	2047.29
139	2169.27
140	2437.12
141	2584.64
142	2857.61
143	3125.76
144	3537.89
145	4072.31
146	4456.39
147	5419.06
148	6224.3
149	6892.77
150	7527.05
151	8486.37
152	9491.52
153	10881.4
154	12445.5
155	14140.3
156	16403
157	19004
158	21899.9
159	23509.9
160	25088.4
161	26819.8
162	28057
163	29632.4
164	29898.4
165	29898.4
166	29898.4
167	29898.4
168	29898.4
169	29898.4
170	29898.4
171	29898.4
172	29898.4
173	29898.4
174	29898.4
175	29898.4
176	29898.4
177	29898.4
178	29898.4
179	29898.4
180	29898.4
181	29898.4
182	29898.4
183	29898.4
184	29898.4
185	29898.4
186	29898.4
187	29898.4
188	29898.4
189	29898.4
190	29898.4
191	29898.4
192	29898.4
193	29898.4
194	29898.4
195	29898.4
196	29898.4
197	33148.1
