Generation	Geometric_mean
1	282.596
2	282.596
3	282.596
4	282.596
5	45177.4
6	45177.4
7	45177.4
8	45177.4
9	47854.7
10	48015.4
11	47778.6
12	47867.5
13	50164
14	51952.1
15	52650.5
16	52777.1
17	53876.2
18	53703.5
19	52999.8
20	53248
21	52103.5
22	50317.7
23	49976.5
24	49694.5
25	48777.9
26	48233
27	46944
28	46432.7
29	45373
30	44962.1
31	44723.2
32	44631.1
33	43615.5
34	42630.7
35	42133.3
36	41316.3
37	40499
38	38100.2
39	37093.1
40	36254.5
41	35838.7
42	35909
43	34755.5
44	31162.7
45	29076.2
46	13216.2
47	4945.91
48	2559.7
49	1448.68
50	1102.36
51	856.889
52	758.495
53	703.386
54	669.443
55	640.173
56	639.672
57	637.282
58	651.178
59	665.626
60	689.914
61	705.156
62	718.204
63	893.09
64	922.042
65	2807.28
66	6690.27
67	25711.3
68	372971
69	1.02532e+06
70	1.7729e+06
71	2.69736e+06
72	3.13584e+06
73	3.22838e+06
74	3.27618e+06
75	3.32209e+06
76	3.29138e+06
77	3.25001e+06
78	3.2301e+06
79	3.21754e+06
80	3.23913e+06
81	3.1991e+06
82	3.18168e+06
83	3.14219e+06
84	3.08264e+06
85	3.04491e+06
86	3.02026e+06
87	2.96841e+06
88	2.96865e+06
89	2.9883e+06
90	2.98808e+06
91	2.9818e+06
92	2.92617e+06
93	2.8734e+06
94	2.85352e+06
95	2.8517e+06
96	2.93806e+06
97	3.0432e+06
98	3.10849e+06
99	3.16005e+06
100	3.23151e+06
101	3.25213e+06
102	3.28057e+06
103	3.25478e+06
104	3.2149e+06
105	3.22977e+06
106	3.23544e+06
107	3.25273e+06
108	3.23296e+06
109	3.20282e+06
110	3.19088e+06
111	3.17115e+06
112	3.10927e+06
113	3.08947e+06
114	3.048e+06
115	3.0281e+06
116	2.99811e+06
117	2.94414e+06
118	2.91132e+06
119	2.89924e+06
120	2.8927e+06
121	2.94061e+06
122	3.03987e+06
123	3.05322e+06
124	3.04747e+06
125	3.05455e+06
126	3.04526e+06
127	3.06453e+06
128	3.06774e+06
129	3.10533e+06
130	3.12444e+06
131	3.18606e+06
132	3.25245e+06
133	3.28583e+06
134	3.28008e+06
135	3.25632e+06
136	3.26871e+06
137	3.25927e+06
138	3.28142e+06
139	3.27278e+06
140	3.28056e+06
141	3.30178e+06
142	3.31545e+06
143	3.3353e+06
144	3.34329e+06
145	3.34552e+06
146	3.35266e+06
147	3.36374e+06
148	3.38718e+06
149	3.42508e+06
150	3.45737e+06
151	3.48681e+06
152	3.50006e+06
153	3.5204e+06
154	3.53929e+06
155	3.54431e+06
156	3.54638e+06
157	3.55554e+06
158	3.55823e+06
159	3.56125e+06
160	3.56361e+06
161	3.56361e+06
162	3.56361e+06
163	3.56361e+06
164	3.56361e+06
165	3.56361e+06
166	3.56361e+06
167	3.56361e+06
168	3.56361e+06
169	3.56361e+06
170	3.56361e+06
171	3.56361e+06
172	3.56361e+06
173	3.56361e+06
174	3.56361e+06
175	3.56361e+06
176	3.56361e+06
177	3.56361e+06
178	3.56361e+06
179	3.56361e+06
180	3.56361e+06
181	3.56361e+06
182	3.56361e+06
183	3.56361e+06
184	3.56361e+06
185	3.56361e+06
186	3.56361e+06
187	3.56361e+06
188	3.56361e+06
189	3.56361e+06
190	3.56361e+06
191	3.56361e+06
192	3.56361e+06
193	3.56361e+06
194	3.56361e+06
195	3.56361e+06
196	3.56361e+06
197	3.59493e+06
