Generation	Geometric_mean
1	293.353
2	293.353
3	293.353
4	293.353
5	25810
6	25810
7	25810
8	25810
9	28950.9
10	29557.3
11	29476.6
12	29420.5
13	29648.3
14	29866.7
15	29867
16	29851.6
17	30566
18	30226.3
19	29858.9
20	29185.4
21	28710.8
22	28559.2
23	27370.3
24	26385.1
25	25952.3
26	25686.7
27	25232
28	24171.2
29	23905.8
30	23687.3
31	23472.9
32	17443.2
33	13102.5
34	9263.07
35	6042.01
36	1689.22
37	959.691
38	642.078
39	556.509
40	500.427
41	505.329
42	505.441
43	519.814
44	591.009
45	789.604
46	5210.44
47	26332.7
48	644329
49	2.46932e+06
50	3.06204e+06
51	3.02811e+06
52	3.54851e+06
53	3.58182e+06
54	3.52374e+06
55	3.4792e+06
56	3.4905e+06
57	3.40428e+06
58	3.39719e+06
59	3.40163e+06
60	3.42184e+06
61	3.4138e+06
62	3.39649e+06
63	3.38123e+06
64	3.37127e+06
65	3.3812e+06
66	3.39734e+06
67	3.40196e+06
68	3.42721e+06
69	3.3795e+06
70	3.42145e+06
71	3.43074e+06
72	3.44365e+06
73	3.48605e+06
74	3.49617e+06
75	3.48402e+06
76	3.49233e+06
77	3.50525e+06
78	3.51962e+06
79	3.54198e+06
80	3.53853e+06
81	3.52801e+06
82	3.5263e+06
83	3.49014e+06
84	3.43424e+06
85	3.36373e+06
86	3.34543e+06
87	3.33916e+06
88	3.36098e+06
89	3.39921e+06
90	3.44144e+06
91	3.46736e+06
92	3.48734e+06
93	3.46228e+06
94	3.45142e+06
95	3.427e+06
96	3.47893e+06
97	3.50929e+06
98	3.55443e+06
99	3.62908e+06
100	3.6928e+06
101	3.70756e+06
102	3.69929e+06
103	3.66663e+06
104	3.6505e+06
105	3.64625e+06
106	3.59022e+06
107	3.57454e+06
108	3.55855e+06
109	3.58597e+06
110	3.60814e+06
111	3.61539e+06
112	3.59481e+06
113	3.5698e+06
114	3.56152e+06
115	3.60705e+06
116	3.60264e+06
117	3.6055e+06
118	3.61029e+06
119	3.61322e+06
120	3.64216e+06
121	3.60591e+06
122	3.60789e+06
123	3.56621e+06
124	3.58642e+06
125	3.63086e+06
126	3.61275e+06
127	3.6111e+06
128	3.62289e+06
129	3.60535e+06
130	3.65036e+06
131	3.63949e+06
132	3.55056e+06
133	3.5418e+06
134	3.52415e+06
135	3.54087e+06
136	3.53045e+06
137	3.55557e+06
138	3.60452e+06
139	3.67487e+06
140	3.7256e+06
141	3.79393e+06
142	3.82259e+06
143	3.85509e+06
144	3.91471e+06
145	3.99672e+06
146	4.06151e+06
147	4.08911e+06
148	4.1103e+06
149	4.13122e+06
150	4.10983e+06
151	4.10973e+06
152	4.12767e+06
153	4.15705e+06
154	4.20076e+06
155	4.25472e+06
156	4.3168e+06
157	4.34317e+06
158	4.34237e+06
159	4.34364e+06
160	4.34364e+06
161	4.34364e+06
162	4.34364e+06
163	4.34364e+06
164	4.34364e+06
165	4.34364e+06
166	4.34364e+06
167	4.34364e+06
168	4.34364e+06
169	4.34364e+06
170	4.34364e+06
171	4.34364e+06
172	4.34364e+06
173	4.34364e+06
174	4.34364e+06
175	4.34364e+06
176	4.34364e+06
177	4.34364e+06
178	4.34364e+06
179	4.34364e+06
180	4.34364e+06
181	4.34364e+06
182	4.34364e+06
183	4.34364e+06
184	4.34364e+06
185	4.34364e+06
186	4.34364e+06
187	4.34364e+06
188	4.34364e+06
189	4.34364e+06
190	4.34364e+06
191	4.34364e+06
192	4.34364e+06
193	4.34364e+06
194	4.34364e+06
195	4.34364e+06
196	4.34364e+06
197	4.37945e+06
