Generation	Geometric_mean
1	150.263
2	150.263
3	150.263
4	150.263
5	1.4373e+06
6	1.4373e+06
7	1.4373e+06
8	1.4373e+06
9	1.63463e+06
10	1.636e+06
11	1.64232e+06
12	1.64232e+06
13	1.71422e+06
14	1.75691e+06
15	1.76638e+06
16	1.77401e+06
17	1.75718e+06
18	1.7726e+06
19	1.774e+06
20	1.77552e+06
21	1.85745e+06
22	1.89237e+06
23	1.89546e+06
24	1.89274e+06
25	1.86424e+06
26	1.83058e+06
27	1.91309e+06
28	1.93014e+06
29	1.92704e+06
30	1.94671e+06
31	2.00361e+06
32	1.97571e+06
33	1.95386e+06
34	1.94999e+06
35	1.85725e+06
36	1.80102e+06
37	1.76838e+06
38	1.68549e+06
39	1.67546e+06
40	1.63942e+06
41	1.6077e+06
42	1.59376e+06
43	1.60194e+06
44	1.64235e+06
45	1.6728e+06
46	1.69169e+06
47	1.67167e+06
48	1.67105e+06
49	1.65637e+06
50	1.66983e+06
51	1.66903e+06
52	1.65657e+06
53	1.67939e+06
54	1.64738e+06
55	1.53419e+06
56	1.43052e+06
57	1.21923e+06
58	1.14932e+06
59	1.09818e+06
60	1.04298e+06
61	985651
62	946596
63	938425
64	887431
65	833150
66	768992
67	735504
68	720781
69	692297
70	633028
71	527127
72	516651
73	483649
74	456161
75	440963
76	411660
77	347087
78	281871
79	269675
80	257463
81	221147
82	202195
83	177182
84	148872
85	123253
86	99213
87	90951.9
88	77600.4
89	66378.3
90	57510.8
91	52639.4
92	49600.1
93	42987.2
94	37958.4
95	34037.7
96	28427.7
97	26328.6
98	24339.1
99	22377.8
100	22178.2
101	21728.1
102	19244.7
103	16157.6
104	13648.5
105	10786.9
106	7085.32
107	3409.57
108	2242.07
109	1437.45
110	1172.9
111	963.736
112	870.739
113	807.642
114	748.205
115	719.675
116	710.678
117	700.415
118	707.112
119	728.758
120	729.965
121	765.554
122	798.833
123	838.434
124	827.637
125	1031.27
126	1226.44
127	1719.42
128	2246.65
129	3797.01
130	12653.6
131	39325.4
132	56139.3
133	96331.7
134	103301
135	122955
136	135028
137	138320
138	141047
139	149124
140	152984
141	159699
142	159699
143	159699
144	159699
145	159699
146	159699
147	159699
148	159699
149	159699
150	159699
151	159699
152	159699
153	159699
154	159699
155	159699
156	159699
157	159699
158	159699
159	159699
160	159699
161	159699
162	159699
163	159699
164	159699
165	159699
166	159699
167	159699
168	159699
169	172508
