Generation	Geometric_mean
1	864523
2	864523
3	864523
4	864523
5	843405
6	827107
7	805996
8	793054
9	774091
10	774122
11	767476
12	762155
13	745765
14	730700
15	714838
16	690902
17	680498
18	651382
19	652204
20	642305
21	530788
22	434549
23	339593
24	226809
25	47489.5
26	21001.1
27	12328.6
28	8233.58
29	1645.63
30	631.47
31	352.191
32	263.08
33	88.5678
34	72.6213
35	74.1147
36	74.1147
37	4933.52
38	198484
39	1.20968e+06
40	1.57079e+06
41	2.5875e+06
42	3.7083e+06
43	3.66334e+06
44	3.66488e+06
45	3.66673e+06
46	3.65717e+06
47	3.62815e+06
48	3.67213e+06
49	3.69988e+06
50	3.76612e+06
51	3.7824e+06
52	3.75361e+06
53	3.78753e+06
54	3.75236e+06
55	3.74753e+06
56	3.78387e+06
57	3.82361e+06
58	3.88668e+06
59	3.91572e+06
60	3.90679e+06
61	3.98774e+06
62	4.05289e+06
63	4.09904e+06
64	4.11232e+06
65	4.04863e+06
66	4.07422e+06
67	4.08133e+06
68	4.07557e+06
69	4.1048e+06
70	4.09884e+06
71	4.00067e+06
72	3.92744e+06
73	3.85338e+06
74	3.83625e+06
75	3.86867e+06
76	3.89967e+06
77	3.96108e+06
78	3.98777e+06
79	4.0314e+06
80	3.95404e+06
81	3.95751e+06
82	3.91374e+06
83	3.86691e+06
84	3.89588e+06
85	3.9231e+06
86	3.98146e+06
87	3.99812e+06
88	4.00372e+06
89	4.05448e+06
90	4.03275e+06
91	4.05578e+06
92	4.12901e+06
93	4.13973e+06
94	4.11938e+06
95	4.15135e+06
96	4.16168e+06
97	4.08576e+06
98	4.02811e+06
99	4.02653e+06
100	3.99103e+06
101	4.01027e+06
102	4.03635e+06
103	4.04254e+06
104	4.07376e+06
105	4.01647e+06
106	4.00726e+06
107	4.02256e+06
108	4.05956e+06
109	4.10562e+06
110	4.0932e+06
111	4.08731e+06
112	4.05469e+06
113	4.04041e+06
114	4.10292e+06
115	4.12318e+06
116	4.12646e+06
117	4.14774e+06
118	4.1564e+06
119	4.21756e+06
120	4.27906e+06
121	4.32299e+06
122	4.33897e+06
123	4.3431e+06
124	4.35774e+06
125	4.3772e+06
126	4.40893e+06
127	4.43105e+06
128	4.44174e+06
129	4.46652e+06
130	4.47691e+06
131	4.49323e+06
132	4.51855e+06
133	4.55833e+06
134	4.58746e+06
135	4.62399e+06
136	4.65288e+06
137	4.68368e+06
138	4.70231e+06
139	4.75081e+06
140	4.77504e+06
141	4.80149e+06
142	4.81607e+06
143	4.82472e+06
144	4.83726e+06
145	4.83726e+06
146	4.83726e+06
147	4.83726e+06
148	4.83726e+06
149	4.83726e+06
150	4.83726e+06
151	4.83726e+06
152	4.83726e+06
153	4.83726e+06
154	4.83726e+06
155	4.83726e+06
156	4.83726e+06
157	4.83726e+06
158	4.83726e+06
159	4.83726e+06
160	4.83726e+06
161	4.83726e+06
162	4.83726e+06
163	4.83726e+06
164	4.83726e+06
165	4.83726e+06
166	4.83726e+06
167	4.83726e+06
168	4.83726e+06
169	4.83726e+06
170	4.83726e+06
171	4.83726e+06
172	4.83726e+06
173	4.83726e+06
174	4.83726e+06
175	4.83726e+06
176	4.83726e+06
177	4.83726e+06
178	4.90735e+06
