Generation	Geometric_mean
1	210.282
2	210.282
3	210.282
4	210.282
5	169880
6	169880
7	169880
8	169880
9	188654
10	198065
11	199778
12	200269
13	204033
14	203662
15	204159
16	204485
17	211367
18	215150
19	216628
20	220047
21	219347
22	216524
23	216291
24	215320
25	215780
26	211357
27	211481
28	212205
29	213244
30	216440
31	215202
32	217887
33	220629
34	216805
35	209546
36	206040
37	202155
38	196942
39	194843
40	191051
41	191080
42	185387
43	185025
44	183975
45	184058
46	186549
47	180958
48	177789
49	168991
50	165036
51	161067
52	155490
53	150087
54	148222
55	143843
56	138054
57	128898
58	121098
59	119114
60	118407
61	116511
62	113409
63	108303
64	102983
65	99905.9
66	99016.9
67	93842.7
68	90093.9
69	86726.8
70	86133.5
71	86471.5
72	83759.9
73	81629
74	78321.6
75	73881.1
76	68838.2
77	60532.7
78	48547.8
79	39282.9
80	22107.3
81	10026.3
82	5506.1
83	3661.38
84	2723.37
85	1939.29
86	1742.66
87	1585.79
88	1308.04
89	1205.83
90	1176.91
91	1142.36
92	1089.12
93	1086.2
94	1078.13
95	1062.9
96	1101.73
97	1089.58
98	1085.73
99	1076.2
100	1074.12
101	1085.37
102	1071.81
103	1096.66
104	1120.83
105	1161.88
106	1223.36
107	1236.02
108	1278.09
109	2210.05
110	2649.97
111	5995.03
112	13100.7
113	26045.5
114	78238.5
115	216677
116	429937
117	842262
118	893097
119	931589
120	1.02874e+06
121	1.10637e+06
122	1.17713e+06
123	1.25497e+06
124	1.27992e+06
125	1.324e+06
126	1.41682e+06
127	1.45481e+06
128	1.44197e+06
129	1.44721e+06
130	1.49711e+06
131	1.54054e+06
132	1.66381e+06
133	1.80589e+06
134	1.91319e+06
135	1.94535e+06
136	1.96516e+06
137	1.97416e+06
138	1.99534e+06
139	2.01957e+06
140	1.99853e+06
141	1.99908e+06
142	2.06641e+06
143	2.08036e+06
144	2.1412e+06
145	2.17574e+06
146	2.32884e+06
147	2.42492e+06
148	2.45234e+06
149	2.58519e+06
150	2.66205e+06
151	2.68262e+06
152	2.71914e+06
153	2.73263e+06
154	2.75553e+06
155	2.78729e+06
156	2.81477e+06
157	2.8304e+06
158	2.834e+06
159	2.83885e+06
160	2.84145e+06
161	2.84359e+06
162	2.84359e+06
163	2.84359e+06
164	2.84359e+06
165	2.84359e+06
166	2.84359e+06
167	2.84359e+06
168	2.84359e+06
169	2.84359e+06
170	2.84359e+06
171	2.84359e+06
172	2.84359e+06
173	2.84359e+06
174	2.84359e+06
175	2.84359e+06
176	2.84359e+06
177	2.84359e+06
178	2.84359e+06
179	2.84359e+06
180	2.84359e+06
181	2.84359e+06
182	2.84359e+06
183	2.84359e+06
184	2.84359e+06
185	2.84359e+06
186	2.84359e+06
187	2.84359e+06
188	2.84359e+06
189	2.84359e+06
190	2.84359e+06
191	2.84359e+06
192	2.84359e+06
193	2.84359e+06
194	2.84359e+06
195	2.84359e+06
196	2.84359e+06
197	2.83991e+06
