Generation	Geometric_mean
1	200.102
2	200.102
3	200.102
4	200.102
5	1.20502e+06
6	1.20502e+06
7	1.20502e+06
8	1.20502e+06
9	1.3261e+06
10	1.34739e+06
11	1.34693e+06
12	1.34252e+06
13	1.40408e+06
14	1.45695e+06
15	1.46226e+06
16	1.45753e+06
17	1.45447e+06
18	1.47058e+06
19	1.472e+06
20	1.47681e+06
21	1.48997e+06
22	1.49274e+06
23	1.52014e+06
24	1.56034e+06
25	1.58529e+06
26	1.59219e+06
27	1.60899e+06
28	1.57875e+06
29	1.53947e+06
30	1.54274e+06
31	1.5418e+06
32	1.54036e+06
33	1.55458e+06
34	1.55568e+06
35	1.53658e+06
36	1.55727e+06
37	1.54718e+06
38	1.55292e+06
39	1.56533e+06
40	1.58441e+06
41	1.56439e+06
42	1.5723e+06
43	1.56161e+06
44	1.52637e+06
45	1.49772e+06
46	1.48802e+06
47	1.46569e+06
48	1.4628e+06
49	1.45544e+06
50	1.43724e+06
51	1.434e+06
52	1.43527e+06
53	1.42259e+06
54	1.42556e+06
55	1.40313e+06
56	1.3706e+06
57	1.36778e+06
58	1.37636e+06
59	1.36469e+06
60	1.3675e+06
61	1.35101e+06
62	1.37133e+06
63	1.40459e+06
64	1.39671e+06
65	1.3971e+06
66	1.39484e+06
67	1.38258e+06
68	1.40893e+06
69	1.45196e+06
70	1.49071e+06
71	1.50916e+06
72	1.5021e+06
73	1.52218e+06
74	1.51974e+06
75	1.51947e+06
76	1.49315e+06
77	1.45438e+06
78	1.42132e+06
79	1.3837e+06
80	1.36209e+06
81	1.36287e+06
82	1.35028e+06
83	1.33758e+06
84	1.35605e+06
85	1.33039e+06
86	1.34121e+06
87	1.33262e+06
88	1.32935e+06
89	1.3025e+06
90	1.29263e+06
91	1.28578e+06
92	1.27743e+06
93	1.27008e+06
94	1.27234e+06
95	1.23857e+06
96	1.19024e+06
97	1.15426e+06
98	1.11404e+06
99	1.06605e+06
100	1.01748e+06
101	975569
102	933180
103	926350
104	899440
105	891705
106	866107
107	875744
108	877507
109	868173
110	836965
111	770761
112	713557
113	690850
114	644511
115	606991
116	574796
117	533222
118	482926
119	426366
120	359334
121	278988
122	253723
123	212174
124	190512
125	168488
126	153073
127	141870
128	131086
129	125043
130	120608
131	110327
132	102289
133	97380.4
134	87837.1
135	78389.5
136	72982.6
137	71546
138	69475
139	67679.4
140	66647.2
141	64603.6
142	63842.7
143	61703.4
144	61473.2
145	60916
146	60107.5
147	58081.8
148	54535.1
149	53617.5
150	43497.1
151	24114.3
152	6925.72
153	2288.61
154	1440.09
155	1211.17
156	1199.5
157	1199.5
158	1199.5
159	1199.5
160	1199.5
161	1199.5
162	1199.5
163	1199.5
164	1199.5
165	1199.5
166	1199.5
167	1199.5
168	1199.5
169	1199.5
170	1199.5
171	1199.5
172	1199.5
173	1199.5
174	1199.5
175	1199.5
176	1199.5
177	1199.5
178	1199.5
179	1199.5
180	1199.5
181	1199.5
182	1199.5
183	1199.5
184	1199.5
185	1199.5
186	1199.5
187	1199.5
188	1199.5
189	1199.5
190	1199.5
191	1199.5
192	1199.5
193	1199.5
194	1199.5
195	1199.5
196	1199.5
197	1421.1
