Generation	Geometric_mean
1	255.437
2	255.437
3	255.437
4	255.437
5	103917
6	103917
7	103917
8	103917
9	115899
10	119354
11	120368
12	120304
13	124359
14	125564
15	124204
16	124407
17	125087
18	124638
19	124448
20	124892
21	128448
22	132163
23	136525
24	136140
25	135193
26	134463
27	134600
28	136453
29	137119
30	136046
31	133210
32	131785
33	128291
34	128406
35	128590
36	127603
37	125886
38	124121
39	122057
40	121486
41	117083
42	115298
43	113531
44	111173
45	107984
46	109666
47	110895
48	112869
49	112209
50	110987
51	109978
52	109883
53	110977
54	108261
55	103580
56	98706.5
57	93600.6
58	88241.9
59	85843.9
60	83612.4
61	79891.9
62	77101.8
63	73096.2
64	72317.8
65	72202.2
66	69353.7
67	64699.7
68	62239
69	58910
70	52018.2
71	49689.6
72	47359.5
73	45136
74	43673.1
75	41695.1
76	39764.3
77	37461.8
78	32129.9
79	24123.2
80	16662.4
81	9392.38
82	3035.8
83	1668.29
84	1306.84
85	924.879
86	753.672
87	672.886
88	646.981
89	629.149
90	593.003
91	568.11
92	542.875
93	536.017
94	524.383
95	518.181
96	518.017
97	525.657
98	541.153
99	556.708
100	595.142
101	608.926
102	639.134
103	650.833
104	680.835
105	956.459
106	2041.55
107	6339.57
108	20117.8
109	51773.9
110	107507
111	179458
112	212304
113	246533
114	268106
115	281429
116	285944
117	287571
118	311597
119	386078
120	421372
121	516516
122	666872
123	729614
124	763763
125	810266
126	835549
127	907450
128	1.02515e+06
129	1.09262e+06
130	1.12867e+06
131	1.17328e+06
132	1.24505e+06
133	1.30769e+06
134	1.36074e+06
135	1.41375e+06
136	1.53218e+06
137	1.61131e+06
138	1.64817e+06
139	1.7114e+06
140	1.74568e+06
141	1.75598e+06
142	1.79664e+06
143	1.81576e+06
144	1.84442e+06
145	1.89277e+06
146	1.94769e+06
147	1.96143e+06
148	2.01179e+06
149	2.05892e+06
150	2.08407e+06
151	2.10722e+06
152	2.1082e+06
153	2.10305e+06
154	2.10104e+06
155	2.10256e+06
156	2.13909e+06
157	2.14478e+06
158	2.15455e+06
159	2.1596e+06
160	2.1596e+06
161	2.16176e+06
162	2.1633e+06
163	2.1633e+06
164	2.1633e+06
165	2.1633e+06
166	2.1633e+06
167	2.1633e+06
168	2.1633e+06
169	2.1633e+06
170	2.1633e+06
171	2.1633e+06
172	2.1633e+06
173	2.1633e+06
174	2.1633e+06
175	2.1633e+06
176	2.1633e+06
177	2.1633e+06
178	2.1633e+06
179	2.1633e+06
180	2.1633e+06
181	2.1633e+06
182	2.1633e+06
183	2.1633e+06
184	2.1633e+06
185	2.1633e+06
186	2.1633e+06
187	2.1633e+06
188	2.1633e+06
189	2.1633e+06
190	2.1633e+06
191	2.1633e+06
192	2.1633e+06
193	2.1633e+06
194	2.1633e+06
195	2.1633e+06
196	2.12946e+06
