Generation	Geometric_mean
1	247.347
2	247.347
3	247.347
4	247.347
5	195095
6	195095
7	195095
8	195095
9	199342
10	198562
11	199603
12	200076
13	205963
14	202406
15	200969
16	196955
17	199553
18	198444
19	194773
20	197562
21	206275
22	205647
23	204835
24	205187
25	203010
26	197714
27	192433
28	189930
29	187956
30	189113
31	187963
32	189200
33	189936
34	188348
35	186481
36	184196
37	182962
38	183362
39	188322
40	188494
41	185084
42	180668
43	173936
44	167765
45	163379
46	164366
47	168266
48	163432
49	159008
50	151090
51	149558
52	149886
53	146133
54	141339
55	135511
56	129026
57	116553
58	108368
59	96561.2
60	91649.4
61	87918.4
62	81358.2
63	79923.8
64	77765.9
65	72514.7
66	65676.2
67	63203.5
68	52028.9
69	39853.2
70	23196.5
71	13364.2
72	5906.78
73	3272
74	1512.87
75	1301.09
76	1040.83
77	850.755
78	692.92
79	663.14
80	601.738
81	584.853
82	553.543
83	552.099
84	577.283
85	592.064
86	633.387
87	663.249
88	887.893
89	1676.61
90	7050.19
91	13726.7
92	48033
93	117361
94	396031
95	720056
96	942833
97	1.29335e+06
98	1.40723e+06
99	1.62168e+06
100	1.71838e+06
101	1.79531e+06
102	2.03479e+06
103	2.11355e+06
104	2.09794e+06
105	2.08174e+06
106	2.15311e+06
107	2.25018e+06
108	2.2776e+06
109	2.29888e+06
110	2.28487e+06
111	2.29612e+06
112	2.30361e+06
113	2.37585e+06
114	2.46066e+06
115	2.69461e+06
116	2.74787e+06
117	2.82579e+06
118	2.81055e+06
119	2.77512e+06
120	2.77172e+06
121	2.782e+06
122	2.78957e+06
123	2.74813e+06
124	2.73572e+06
125	2.74925e+06
126	2.72905e+06
127	2.72562e+06
128	2.81245e+06
129	2.8248e+06
130	2.92698e+06
131	3.1048e+06
132	3.07807e+06
133	3.06243e+06
134	3.06496e+06
135	3.09153e+06
136	3.10719e+06
137	3.09867e+06
138	3.10894e+06
139	3.10533e+06
140	3.09993e+06
141	3.11381e+06
142	3.13482e+06
143	3.15432e+06
144	3.15709e+06
145	3.18555e+06
146	3.18659e+06
147	3.18268e+06
148	3.18706e+06
149	3.21668e+06
150	3.24275e+06
151	3.26372e+06
152	3.3138e+06
153	3.3739e+06
154	3.37803e+06
155	3.38154e+06
156	3.39178e+06
157	3.39292e+06
158	3.39292e+06
159	3.39292e+06
160	3.39292e+06
161	3.39292e+06
162	3.39292e+06
163	3.39292e+06
164	3.39292e+06
165	3.39292e+06
166	3.39292e+06
167	3.39292e+06
168	3.39292e+06
169	3.39292e+06
170	3.39292e+06
171	3.39292e+06
172	3.39292e+06
173	3.39292e+06
174	3.39292e+06
175	3.39292e+06
176	3.39292e+06
177	3.39292e+06
178	3.39292e+06
179	3.39292e+06
180	3.39292e+06
181	3.39292e+06
182	3.39292e+06
183	3.39292e+06
184	3.39292e+06
185	3.39292e+06
186	3.39292e+06
187	3.39292e+06
188	3.39292e+06
189	3.39292e+06
190	3.39292e+06
191	3.39292e+06
192	3.39292e+06
193	3.39292e+06
194	3.39292e+06
195	3.39292e+06
196	3.41213e+06
