Generation	Geometric_mean
1	295.43
2	295.43
3	295.43
4	295.43
5	2165.05
6	2617.45
7	2647.86
8	2865.94
9	13273
10	17292.7
11	22146.6
12	22360.7
13	22342.7
14	22384.3
15	22389.6
16	22421.6
17	21691
18	21450.3
19	21268.1
20	20829.3
21	20601.8
22	20495.5
23	20424.9
24	20604.1
25	20802.3
26	20622.4
27	20686.9
28	20521
29	20539
30	20796.2
31	21079.5
32	21332.2
33	21662
34	21562.6
35	21625.4
36	21735.3
37	22517.6
38	22843.2
39	22715.9
40	23340.4
41	23978.2
42	24464.3
43	24872.2
44	24953.1
45	24996.1
46	24913.2
47	24644.7
48	23634.1
49	22506.8
50	21726.6
51	21383.2
52	21973.1
53	22790.6
54	23335.4
55	23264.2
56	23409.9
57	23198.2
58	23026.4
59	22867.6
60	22491.8
61	22508.6
62	22336.9
63	22639.9
64	22559.8
65	21140.9
66	20385.5
67	19926.8
68	19714.7
69	19321.3
70	18128.6
71	16873.2
72	16000.1
73	15527.1
74	14710.8
75	12547
76	10656.3
77	10143.9
78	9712.83
79	9240.72
80	8994.47
81	9005.25
82	8917.98
83	8917.09
84	8704.29
85	8684.83
86	8555.7
87	8322.33
88	8240.83
89	8178.34
90	8050.67
91	7613.99
92	7248.59
93	7133.29
94	6984.59
95	6984.83
96	6893.23
97	6644.06
98	6581.53
99	6470.15
100	6510.52
101	6106.53
102	5829.02
103	5665.84
104	5491.06
105	5384.87
106	5248.79
107	5198.64
108	5213.25
109	5226.74
110	5208.92
111	5222.39
112	5189.2
113	5005.87
114	4936.66
115	4844.67
116	4784.42
117	4653.62
118	4554.81
119	4481.28
120	4367.09
121	4240.07
122	4062.04
123	3940.55
124	3789.39
125	3725.29
126	3487.96
127	3402.27
128	3305.48
129	3299.52
130	3140.81
131	2982.83
132	2845.35
133	2726.25
134	2706.58
135	2682.31
136	2737.61
137	2779.24
138	2774.91
139	2786.67
140	2811.33
141	2827.53
142	2851.98
143	2929.71
144	2926.62
145	2923.64
146	2912.37
147	2878.16
148	2842.21
149	2743.97
150	2745.69
151	2789.09
152	2760.83
153	2787.7
154	2798.67
155	2849.1
156	2921.39
157	3012.35
158	3116.54
159	3190.92
160	3235.18
161	3256.05
162	3293.48
163	3347.68
164	3353.23
165	3369.77
166	3393.95
167	3417.93
168	3441.74
169	3509.96
170	3527.26
171	3631.4
172	3631.4
173	3649.17
174	3666.22
175	3682.45
176	3733.55
177	3876.97
178	4056.49
179	4236.88
180	4297.36
181	4364.37
182	4381.17
183	4433.74
184	4459.24
185	4591.4
186	4618.9
187	4644.57
188	4696.87
189	4800.85
190	5023.7
191	5075.65
192	5464.99
193	6828.73
194	6828.73
195	6828.73
196	6828.73
197	7312.81
