Generation	Geometric_mean
1	207.635
2	207.635
3	207.635
4	207.635
5	994406
6	994406
7	994406
8	994406
9	994520
10	994519
11	995005
12	993663
13	980794
14	971355
15	1.00211e+06
16	1.00591e+06
17	986691
18	985980
19	957185
20	946071
21	939860
22	935921
23	927752
24	949187
25	950431
26	966075
27	979960
28	969558
29	954024
30	933008
31	950906
32	948835
33	956821
34	998120
35	998141
36	997383
37	1.02853e+06
38	1.03759e+06
39	1.02273e+06
40	1.04277e+06
41	1.06187e+06
42	1.06795e+06
43	1.08193e+06
44	1.09216e+06
45	1.07859e+06
46	1.03759e+06
47	989838
48	942364
49	932551
50	961339
51	988752
52	1.02393e+06
53	1.01695e+06
54	982321
55	954238
56	947768
57	939779
58	922202
59	951814
60	948996
61	948125
62	952541
63	955401
64	970495
65	961694
66	934203
67	938460
68	951409
69	969574
70	939988
71	839262
72	798720
73	777835
74	759954
75	757081
76	770571
77	708857
78	647669
79	615527
80	571040
81	517211
82	448550
83	433432
84	409593
85	364224
86	355886
87	331538
88	312132
89	279690
90	257061
91	240426
92	224347
93	198163
94	174128
95	158130
96	154191
97	143565
98	136690
99	124980
100	106987
101	76083.2
102	52330.2
103	36947.9
104	25229.2
105	19783.9
106	15757.1
107	10613.9
108	7796.63
109	6408.67
110	5249.46
111	3904.73
112	3830.92
113	3662.53
114	3202.64
115	3066.61
116	3029.7
117	2914.07
118	2704.47
119	2641.69
120	2584.28
121	2543.38
122	2494.23
123	2368.69
124	2310.25
125	2231.59
126	2177.05
127	2175.67
128	2161.8
129	2167.26
130	2144.52
131	2086.25
132	2039.78
133	1987.59
134	1961.55
135	1923.71
136	1890.4
137	1891.24
138	1887.58
139	1877.56
140	1864.69
141	1856.84
142	1864.79
143	1887.01
144	1907.03
145	1925.09
146	1957.9
147	1983.42
148	2027.75
149	2084.53
150	2125.63
151	2138.39
152	2151.3
153	2162.94
154	2169.29
155	2177.32
156	2192.8
157	2233.57
158	2381.96
159	2616.12
160	2877.87
161	3058.91
162	3216.12
163	3347.02
164	3389.22
165	3436.05
166	3525.71
167	3546.57
168	3567.23
169	3567.23
170	3567.23
171	3567.23
172	3576.98
173	3595.86
174	3605.27
175	3642.17
176	3659.21
177	3659.21
178	3659.21
179	3659.21
180	3659.21
181	3659.21
182	3659.21
183	3659.21
184	3659.21
185	3659.21
186	3659.21
187	3659.21
188	3659.21
189	3659.21
190	3659.21
191	3659.21
192	3659.21
193	3659.21
194	3659.21
195	3659.21
196	3942.47
