Generation	Geometric_mean
1	107.419
2	107.419
3	107.419
4	107.419
5	3.72285e+06
6	3.72285e+06
7	3.72285e+06
8	3.72285e+06
9	3.90408e+06
10	3.94565e+06
11	3.97154e+06
12	3.96674e+06
13	4.02828e+06
14	4.04948e+06
15	4.07242e+06
16	4.08804e+06
17	4.19151e+06
18	4.2785e+06
19	4.33828e+06
20	4.34593e+06
21	4.3622e+06
22	4.36006e+06
23	4.39562e+06
24	4.43072e+06
25	4.45324e+06
26	4.43731e+06
27	4.42399e+06
28	4.37275e+06
29	4.35292e+06
30	4.35642e+06
31	4.37783e+06
32	4.39622e+06
33	4.4159e+06
34	4.44493e+06
35	4.42407e+06
36	4.39735e+06
37	4.33438e+06
38	4.25688e+06
39	4.19806e+06
40	4.17881e+06
41	4.18143e+06
42	4.2229e+06
43	4.27376e+06
44	4.29544e+06
45	4.34884e+06
46	4.36388e+06
47	4.34567e+06
48	4.32846e+06
49	4.31038e+06
50	4.26547e+06
51	4.26193e+06
52	4.21966e+06
53	4.25415e+06
54	4.24565e+06
55	4.23177e+06
56	4.25311e+06
57	4.24013e+06
58	4.25985e+06
59	4.33845e+06
60	4.34924e+06
61	4.36619e+06
62	4.3476e+06
63	4.3003e+06
64	4.19679e+06
65	4.09385e+06
66	4.06236e+06
67	4.04387e+06
68	4.07054e+06
69	4.13177e+06
70	4.17797e+06
71	4.21742e+06
72	4.23318e+06
73	4.23838e+06
74	4.19159e+06
75	4.1956e+06
76	4.24881e+06
77	4.29356e+06
78	4.29122e+06
79	4.29624e+06
80	4.2688e+06
81	4.24363e+06
82	4.27045e+06
83	4.28829e+06
84	4.28695e+06
85	4.24962e+06
86	4.21452e+06
87	4.19792e+06
88	4.21683e+06
89	4.19205e+06
90	4.19901e+06
91	4.26183e+06
92	4.25999e+06
93	4.25633e+06
94	4.2961e+06
95	4.2741e+06
96	4.25819e+06
97	4.20676e+06
98	4.16047e+06
99	4.15242e+06
100	4.11577e+06
101	4.06584e+06
102	3.99946e+06
103	3.997e+06
104	4.00571e+06
105	4.07494e+06
106	4.0925e+06
107	4.12341e+06
108	4.10249e+06
109	4.09074e+06
110	4.08585e+06
111	4.06455e+06
112	4.06053e+06
113	4.01234e+06
114	3.99724e+06
115	3.99196e+06
116	3.99024e+06
117	3.95561e+06
118	3.96052e+06
119	3.97802e+06
120	4.00018e+06
121	3.99268e+06
122	3.9797e+06
123	3.99723e+06
124	4.00023e+06
125	4.0226e+06
126	4.0427e+06
127	4.07969e+06
128	4.11907e+06
129	4.08284e+06
130	4.1056e+06
131	4.12851e+06
132	4.13702e+06
133	4.14841e+06
134	4.17584e+06
135	4.19164e+06
136	4.19799e+06
137	4.21214e+06
138	4.21692e+06
139	4.23102e+06
140	4.25613e+06
141	4.27548e+06
142	4.27316e+06
143	4.27311e+06
144	4.26143e+06
145	4.2454e+06
146	4.23517e+06
147	4.23017e+06
148	4.22751e+06
149	4.22751e+06
150	4.22751e+06
151	4.22751e+06
152	4.22751e+06
153	4.22751e+06
154	4.22751e+06
155	4.22751e+06
156	4.22751e+06
157	4.22751e+06
158	4.22751e+06
159	4.22751e+06
160	4.22751e+06
161	4.22751e+06
162	4.22751e+06
163	4.22751e+06
164	4.22751e+06
165	4.22751e+06
166	4.22751e+06
167	4.22751e+06
168	4.22751e+06
169	3.98564e+06
170	3.35638e+06
171	1.60939e+06
172	204709
173	204709
174	204709
175	204709
176	4547.79
177	4547.79
178	4547.79
179	4547.79
180	3800.09
