Generation	Geometric_mean
1	276.493
2	276.493
3	276.493
4	276.493
5	8594.58
6	8594.58
7	8594.58
8	8594.58
9	11154.2
10	11299.7
11	11403.5
12	11403.6
13	12028.2
14	12303.8
15	12467.9
16	12541.4
17	13016.2
18	13330.7
19	13745.2
20	14061.4
21	14448.1
22	14581.8
23	14340.6
24	14446.6
25	14362.3
26	14466.8
27	14856.9
28	15253.4
29	15374.7
30	15528.9
31	15685.3
32	15893.2
33	16012
34	15912.5
35	15933.9
36	15728.2
37	16106.6
38	16252.1
39	16352.5
40	16658
41	16945.8
42	17250.9
43	17524.7
44	17484
45	17602.2
46	17364.9
47	17235.1
48	17065.6
49	16649.2
50	16106.5
51	16125.9
52	16050.6
53	16208.1
54	16420.4
55	16225.8
56	16168
57	16152.3
58	15812.7
59	15590.3
60	14753.7
61	13572.6
62	12754.8
63	12189.6
64	11093.2
65	10560.1
66	8938.18
67	7579.42
68	6417.03
69	5743.61
70	5336.38
71	4358.81
72	3594.97
73	3052.39
74	2738.64
75	2435.94
76	2284.19
77	2059.92
78	1925.75
79	1820.55
80	1777.78
81	1738.58
82	1701.57
83	1649.77
84	1593.72
85	1588.08
86	1569.58
87	1591.3
88	1629.19
89	1630.1
90	1632.78
91	1629.12
92	1628.43
93	1589.49
94	1579.56
95	1611.76
96	1679.56
97	1768.3
98	1807.59
99	1857.41
100	1909.55
101	1945.61
102	2018.06
103	2240.28
104	2536.98
105	3384.84
106	4486.65
107	6458.46
108	9873.56
109	31968.2
110	118701
111	210892
112	396042
113	655584
114	726976
115	768742
116	907036
117	918125
118	927291
119	989292
120	1.21534e+06
121	1.3676e+06
122	1.50744e+06
123	1.55503e+06
124	1.59591e+06
125	1.67485e+06
126	1.76122e+06
127	1.79641e+06
128	1.82798e+06
129	1.89028e+06
130	2.02e+06
131	2.07201e+06
132	2.09628e+06
133	2.10654e+06
134	2.11693e+06
135	2.13147e+06
136	2.15909e+06
137	2.17653e+06
138	2.16674e+06
139	2.20016e+06
140	2.2143e+06
141	2.23681e+06
142	2.26496e+06
143	2.28839e+06
144	2.31719e+06
145	2.33184e+06
146	2.38543e+06
147	2.42623e+06
148	2.46263e+06
149	2.50773e+06
150	2.54618e+06
151	2.56463e+06
152	2.57197e+06
153	2.58643e+06
154	2.59331e+06
155	2.60331e+06
156	2.6028e+06
157	2.61068e+06
158	2.61354e+06
159	2.61403e+06
160	2.60701e+06
161	2.60835e+06
162	2.60888e+06
163	2.6135e+06
164	2.6135e+06
165	2.6135e+06
166	2.6135e+06
167	2.6135e+06
168	2.6135e+06
169	2.6135e+06
170	2.6135e+06
171	2.6135e+06
172	2.6135e+06
173	2.6135e+06
174	2.6135e+06
175	2.6135e+06
176	2.6135e+06
177	2.6135e+06
178	2.6135e+06
179	2.6135e+06
180	2.6135e+06
181	2.6135e+06
182	2.6135e+06
183	2.6135e+06
184	2.6135e+06
185	2.6135e+06
186	2.6135e+06
187	2.6135e+06
188	2.6135e+06
189	2.6135e+06
190	2.6135e+06
191	2.6135e+06
192	2.6135e+06
193	2.6135e+06
194	2.6135e+06
195	2.6135e+06
196	2.59312e+06
