Generation	Geometric_mean
1	237.708
2	237.708
3	237.708
4	237.708
5	18331.4
6	18331.4
7	18331.4
8	18331.4
9	26722.7
10	27873
11	27895.6
12	27912.9
13	29462.3
14	29881.1
15	29896.4
16	30101.3
17	30273
18	29800.4
19	28945.1
20	28452.3
21	28179.9
22	27869.9
23	27800.7
24	27332.6
25	27336
26	26251.3
27	26679.2
28	26865.5
29	26878.5
30	27058.6
31	26594.2
32	26421.2
33	25637.8
34	25852.7
35	25219.2
36	24928.1
37	24208.9
38	22498.8
39	19422.6
40	16789.9
41	13586.9
42	7679.62
43	4716.06
44	3068.48
45	2092.91
46	1570.95
47	1502.59
48	1441.46
49	1415.98
50	1342.98
51	1333.91
52	1328.7
53	1302.46
54	1247.46
55	1231.48
56	1228.78
57	1227.67
58	1239.64
59	1241.49
60	1251.24
61	1297.29
62	1368.67
63	1415.57
64	1457.32
65	1511.29
66	1610.88
67	2098.16
68	2247.96
69	5029.33
70	11955.9
71	24701.8
72	59241
73	108203
74	199520
75	328778
76	463694
77	680305
78	686482
79	697958
80	689684
81	714243
82	722806
83	728797
84	724466
85	710693
86	709001
87	705852
88	701548
89	699464
90	696564
91	680666
92	680642
93	678628
94	679106
95	669061
96	664144
97	670910
98	686476
99	692515
100	690552
101	688404
102	683616
103	683436
104	684970
105	696456
106	696918
107	687059
108	689769
109	685309
110	684726
111	689854
112	697218
113	708732
114	718925
115	726899
116	728620
117	728032
118	728276
119	733005
120	724013
121	725248
122	714070
123	717554
124	714367
125	715846
126	726414
127	728801
128	731461
129	728388
130	723388
131	727465
132	729037
133	726086
134	724735
135	731035
136	724961
137	723742
138	726264
139	730183
140	737996
141	748678
142	760478
143	766481
144	770611
145	772275
146	777586
147	775115
148	780161
149	785729
150	795143
151	797984
152	802615
153	802468
154	801608
155	800064
156	800796
157	800901
158	801011
159	801011
160	801011
161	801011
162	801011
163	801011
164	801011
165	801011
166	801011
167	801011
168	801011
169	801011
170	801011
171	801011
172	801011
173	801011
174	801011
175	801011
176	801011
177	801011
178	801011
179	801011
180	801011
181	801011
182	801011
183	801011
184	801011
185	801011
186	801011
187	801011
188	801011
189	801011
190	801011
191	801011
192	801011
193	801011
194	801011
195	801011
196	801011
197	780936
