Generation	Geometric_mean
1	289.766
2	289.766
3	289.766
4	289.766
5	44377.8
6	44377.8
7	44377.8
8	44377.8
9	43043.5
10	42483
11	42312.2
12	42325.2
13	45122
14	46076.4
15	46526.4
16	46292.5
17	45966
18	45802.3
19	45830.3
20	45604.8
21	46057.4
22	46457.3
23	46315.2
24	45686.1
25	44776.8
26	44074.8
27	43891.2
28	43767.7
29	43752
30	43787.1
31	43982.8
32	42828.3
33	42655.1
34	42413.4
35	42055.6
36	41804.8
37	41806.9
38	41179.2
39	40249.3
40	39752.9
41	38553.4
42	37321.4
43	36106.5
44	35197.6
45	34169.9
46	32452.1
47	32304.6
48	28342.8
49	26012.2
50	19965.4
51	9057.57
52	4561.11
53	1899.28
54	1146.29
55	1093.32
56	944.5
57	798.849
58	744.003
59	738.378
60	724.506
61	698.304
62	702.594
63	705.806
64	708.49
65	734.816
66	750.703
67	758.392
68	773.03
69	802.189
70	1054.72
71	1086.15
72	2077.93
73	7688.74
74	97375
75	354341
76	1.24206e+06
77	2.15169e+06
78	2.64091e+06
79	2.60867e+06
80	2.55674e+06
81	2.82029e+06
82	2.86785e+06
83	2.86071e+06
84	2.88017e+06
85	2.85251e+06
86	2.83834e+06
87	2.80001e+06
88	2.77944e+06
89	2.79731e+06
90	2.77182e+06
91	2.7908e+06
92	2.77473e+06
93	2.78458e+06
94	2.74644e+06
95	2.73588e+06
96	2.71639e+06
97	2.69122e+06
98	2.6555e+06
99	2.6722e+06
100	2.67866e+06
101	2.65061e+06
102	2.68026e+06
103	2.68273e+06
104	2.68697e+06
105	2.68311e+06
106	2.69852e+06
107	2.71134e+06
108	2.73806e+06
109	2.74817e+06
110	2.75238e+06
111	2.78768e+06
112	2.79401e+06
113	2.75345e+06
114	2.72719e+06
115	2.72767e+06
116	2.72989e+06
117	2.78063e+06
118	2.81032e+06
119	2.85756e+06
120	2.87698e+06
121	2.94111e+06
122	2.98635e+06
123	3.03423e+06
124	3.05276e+06
125	3.07292e+06
126	3.0763e+06
127	3.08915e+06
128	3.10664e+06
129	3.11904e+06
130	3.11415e+06
131	3.12561e+06
132	3.14422e+06
133	3.14032e+06
134	3.14393e+06
135	3.17215e+06
136	3.2215e+06
137	3.24657e+06
138	3.24729e+06
139	3.30068e+06
140	3.32259e+06
141	3.33394e+06
142	3.35772e+06
143	3.40099e+06
144	3.41671e+06
145	3.42829e+06
146	3.45092e+06
147	3.42663e+06
148	3.42328e+06
149	3.42118e+06
150	3.41499e+06
151	3.39947e+06
152	3.38931e+06
153	3.38931e+06
154	3.37586e+06
155	3.37699e+06
156	3.3783e+06
157	3.3783e+06
158	3.3783e+06
159	3.3783e+06
160	3.3783e+06
161	3.3783e+06
162	3.3783e+06
163	3.3783e+06
164	3.3783e+06
165	3.3783e+06
166	3.3783e+06
167	3.3783e+06
168	3.3783e+06
169	3.3783e+06
170	3.3783e+06
171	3.3783e+06
172	3.3783e+06
173	3.3783e+06
174	3.3783e+06
175	3.3783e+06
176	3.3783e+06
177	3.3783e+06
178	3.3783e+06
179	3.3783e+06
180	3.3783e+06
181	3.3783e+06
182	3.3783e+06
183	3.3783e+06
184	3.3783e+06
185	3.3783e+06
186	3.3783e+06
187	3.3783e+06
188	3.3783e+06
189	3.3783e+06
190	3.3783e+06
191	3.3783e+06
192	3.3783e+06
193	3.3783e+06
194	3.3783e+06
195	3.3783e+06
196	3.3328e+06
