Generation	Geometric_mean
1	81.0156
2	81.0156
3	81.0156
4	81.0156
5	22388
6	22388
7	22388
8	22388
9	21702.5
10	21737.5
11	21836.4
12	21913.7
13	22980.3
14	23514.1
15	23849.2
16	23811.4
17	24390.7
18	25116.8
19	25831.2
20	25941.8
21	25973.6
22	26389.6
23	25878.7
24	25273.7
25	24844.3
26	24664
27	25084.2
28	25893.7
29	26499
30	26555.5
31	26318.5
32	26014.7
33	25616.4
34	25569.5
35	24886
36	24562.5
37	24178.9
38	23726.3
39	23316.8
40	23389.6
41	23430.6
42	23084.7
43	23531.6
44	23627.5
45	23292.9
46	23316.5
47	23372.4
48	23879.2
49	23421.5
50	23288.7
51	22014.7
52	20959.6
53	20469.8
54	19625.1
55	19398.1
56	18844.4
57	18439.5
58	17447.7
59	16466.3
60	16186.5
61	16016.8
62	15663.7
63	15628.8
64	15565.2
65	15177.5
66	14822.4
67	13755.2
68	12702.8
69	12160.6
70	11347.4
71	10796.6
72	10207.7
73	9387.97
74	8979.22
75	8548.63
76	6629.64
77	4711.04
78	2854.63
79	1602.95
80	586.093
81	326.873
82	221.44
83	211.225
84	192.517
85	181.366
86	174.991
87	171.128
88	162.565
89	152.581
90	144.256
91	140.376
92	135.52
93	133.23
94	132.19
95	133.733
96	138.455
97	140.616
98	143.677
99	146.86
100	150.356
101	154.269
102	158.683
103	174.312
104	189.108
105	258.742
106	269.944
107	665.547
108	1707.58
109	3184.42
110	6291.67
111	11054.3
112	13563
113	18605.2
114	25672.4
115	31806.6
116	32763.2
117	33628.4
118	37319
119	38004.1
120	37372.1
121	40517.7
122	41074.2
123	41225.3
124	43824.9
125	45940.2
126	48916.2
127	55531
128	59038.6
129	61350.9
130	63140.3
131	67337.2
132	71142.1
133	73261.2
134	75892.4
135	77330
136	83915.3
137	88465.2
138	93865.5
139	99287
140	103226
141	112370
142	115487
143	121019
144	127112
145	135087
146	141849
147	146244
148	149440
149	153511
150	158637
151	166221
152	172585
153	176255
154	177672
155	179187
156	179911
157	181971
158	183281
159	185344
160	186163
161	186102
162	185909
163	185909
164	185909
165	185909
166	185909
167	185909
168	185909
169	185909
170	185909
171	185909
172	185909
173	185909
174	185909
175	185909
176	185909
177	185909
178	185909
179	185909
180	185909
181	185909
182	185909
183	185909
184	185909
185	185909
186	185909
187	185909
188	185909
189	185909
190	185909
191	185909
192	185909
193	185909
194	185909
195	185909
196	185570
