Generation	Geometric_mean
1	456.987
2	456.987
3	456.987
4	456.987
5	689.385
6	763.768
7	806.339
8	861.872
9	2216.75
10	2562.59
11	3080.79
12	3522.97
13	5680.88
14	6639.24
15	7461.77
16	7517.01
17	8261.53
18	8794.71
19	9554.17
20	9368.99
21	8922.34
22	8666.52
23	8420.49
24	8306.78
25	8173.5
26	8075.86
27	8209.05
28	8254.19
29	8294.46
30	8205.73
31	8154.58
32	8404.1
33	8466.22
34	8640.35
35	8990.69
36	8910.77
37	8806.23
38	8764.46
39	8901.82
40	8860.36
41	8897.19
42	9032.56
43	9069.94
44	9153.45
45	9366.64
46	9282.95
47	9386.91
48	9820.1
49	10247.8
50	10820.9
51	11147.2
52	11452
53	11422.4
54	11814.6
55	12076.9
56	12315.1
57	12368.8
58	12339.6
59	12358.1
60	12191.3
61	12120.9
62	12405.8
63	12697.9
64	13127.2
65	13313.1
66	13824.8
67	13585.6
68	13672.5
69	13946.4
70	14165.4
71	14470.6
72	14670.7
73	14874.1
74	14630.7
75	14969
76	15209.9
77	15198.1
78	15467.2
79	15633.8
80	15985.7
81	16210.8
82	16422.9
83	16211.1
84	16218.8
85	16205.7
86	16233.9
87	16354.9
88	16584.5
89	16800
90	16888.9
91	17071.1
92	17277.2
93	17710.7
94	17777.9
95	17854
96	17917
97	17625.9
98	17478.1
99	17209.1
100	16679.3
101	16437.7
102	16203.9
103	16277.6
104	16450
105	16570.9
106	16804.7
107	16854.3
108	16528.8
109	16165.4
110	16141.9
111	16004.2
112	16076.8
113	16205.5
114	16019.2
115	15159
116	13780.2
117	13099.2
118	12332.4
119	11986.4
120	11568.4
121	11083.5
122	10546.7
123	10065.3
124	9656.91
125	9703.24
126	9511.03
127	8980.01
128	8643.78
129	7795.93
130	7208.28
131	6560.7
132	6127.41
133	5847.07
134	5568.64
135	5358.8
136	5230.8
137	5042.99
138	4867.19
139	4786.88
140	4715.77
141	4633.22
142	4581.23
143	4523.87
144	4481.21
145	4444.13
146	4394.35
147	4310.17
148	4187.43
149	4111.23
150	4090.55
151	4096.86
152	4097.76
153	4105.16
154	4125.29
155	4133.46
156	4161.59
157	4177.84
158	4203.12
159	4220.53
160	4237.25
161	4258.3
162	4271.36
163	4271.36
164	4276.61
165	4276.61
166	4276.61
167	4276.61
168	4276.61
169	4276.61
170	4276.61
171	4276.61
172	4276.61
173	4276.61
174	4276.61
175	4276.61
176	4276.61
177	4276.61
178	4276.61
179	4276.61
180	4276.61
181	4276.61
182	4276.61
183	4276.61
184	4276.61
185	4276.61
186	4276.61
187	4276.61
188	4276.61
189	4276.61
190	4276.61
191	4276.61
192	4276.61
193	4276.61
194	4276.61
195	4276.61
196	4276.61
197	4574.69
