Generation	Geometric_mean
1	239.63
2	239.63
3	239.63
4	239.63
5	9014.28
6	9014.28
7	9014.28
8	9014.28
9	11235
10	11713.6
11	11828.8
12	11869.9
13	12368.5
14	12699.6
15	12994.4
16	12982.8
17	13197.4
18	13351.6
19	13043.3
20	12880.7
21	12735.9
22	12581.1
23	12255.3
24	11830.4
25	11391.9
26	11089.8
27	10770.3
28	10550.2
29	10312.3
30	9923.49
31	9744.68
32	9632.31
33	9515.66
34	9063.3
35	8577.63
36	8248.01
37	8123.04
38	7977.76
39	7486.96
40	7223.71
41	6957.87
42	6619.28
43	6155.07
44	5820.34
45	5709.27
46	5534.56
47	5430.68
48	5281.15
49	4949.47
50	4853.07
51	4667.02
52	4570.09
53	4426.27
54	4265.83
55	4210.44
56	4209.96
57	4142.23
58	4093.23
59	3941.26
60	3916.13
61	3925.42
62	3948.64
63	3940.95
64	3928.57
65	3971.57
66	3996.57
67	4085.56
68	4170.05
69	4101.01
70	4158.48
71	4139.64
72	4132.28
73	4196.22
74	4286.93
75	4430.61
76	4548.33
77	4704.78
78	4716.67
79	4863.29
80	5078.44
81	5241.8
82	5282.18
83	5399.04
84	5605
85	5882.48
86	5802.39
87	5709.89
88	5892.17
89	6124.85
90	6389.05
91	6574.7
92	6670.18
93	6868.88
94	7018.84
95	7214.57
96	7520.67
97	7756.35
98	8117.89
99	8531.84
100	8921.23
101	9142
102	9068.31
103	9060.22
104	8878.34
105	8731.1
106	8856.79
107	9079.76
108	9219.88
109	9366.99
110	9556.59
111	9661.96
112	9756.01
113	9981.51
114	10212.6
115	10271
116	10447.3
117	10540.9
118	10650
119	10845.2
120	11116.6
121	11221.6
122	11304.7
123	11227.6
124	11313.4
125	11347.2
126	11317.2
127	11343.3
128	11167.6
129	11011.3
130	11083.7
131	11205.7
132	11389.3
133	11498
134	11517
135	11690.7
136	11723.7
137	11698.9
138	11659.2
139	11580.1
140	11491
141	11319.4
142	11308.9
143	11239.4
144	11241.7
145	11287.1
146	11290.7
147	11295.5
148	11098.1
149	10734.4
150	10472.4
151	10187.3
152	10025.5
153	9725.26
154	9352.55
155	8995.96
156	8778.48
157	8489.27
158	8318.34
159	8202.28
160	8022.62
161	7949.76
162	7743.2
163	7466.31
164	7239.04
165	6939.75
166	6730.71
167	6515.72
168	6477.74
169	6400.62
170	6362.46
171	6343.78
172	6343.78
173	6328.77
174	6328.77
175	6328.77
176	6328.77
177	6328.77
178	6328.77
179	6328.77
180	6328.77
181	6328.77
182	6328.77
183	6328.77
184	6328.77
185	6328.77
186	6328.77
187	6328.77
188	6328.77
189	6328.77
190	6328.77
191	6328.77
192	6328.77
193	6328.77
194	6328.77
195	6328.77
196	6328.77
197	6029.1
