Generation	Geometric_mean
1	221.149
2	221.149
3	221.149
4	221.149
5	172950
6	172950
7	172950
8	172950
9	179767
10	184002
11	185351
12	185351
13	182486
14	182457
15	178983
16	178064
17	183539
18	186514
19	189198
20	191790
21	193470
22	198783
23	201593
24	200159
25	199139
26	199405
27	203329
28	205171
29	204371
30	203938
31	203763
32	209468
33	209415
34	200605
35	203072
36	207130
37	207162
38	216241
39	215056
40	209388
41	204869
42	195893
43	187506
44	189682
45	189243
46	189465
47	183352
48	176458
49	171122
50	165935
51	163090
52	157236
53	151713
54	149465
55	148290
56	151505
57	152462
58	153958
59	153360
60	151078
61	151010
62	148356
63	139552
64	136711
65	134639
66	130133
67	130912
68	132084
69	131660
70	131379
71	125691
72	125236
73	123524
74	124510
75	124838
76	123501
77	119153
78	114195
79	109409
80	86310.4
81	60508
82	37285.4
83	26132.2
84	15961.2
85	11447.1
86	6580.38
87	4899.52
88	4357.49
89	3826.46
90	3558.58
91	3403.24
92	3033.48
93	2967.02
94	2925.19
95	2910.82
96	2875.87
97	2804.9
98	2747.07
99	2735.21
100	2740.37
101	2711.48
102	2650.88
103	2585.37
104	2540.77
105	2460.07
106	2433.24
107	2419.01
108	2383.59
109	2383.59
110	2393.56
111	2375.1
112	2321.91
113	2250.9
114	2155.86
115	2102.37
116	2075.55
117	2079.36
118	2057.33
119	2044.89
120	2044.54
121	2015.4
122	2036.82
123	1989.25
124	1974.68
125	1950.14
126	1941.44
127	1925.1
128	1933.33
129	1948.12
130	1943.44
131	1940.45
132	1906.53
133	1880.21
134	1884.57
135	1880.97
136	1888.64
137	1893.25
138	1878.66
139	1876.08
140	1886.96
141	1885.14
142	1899.02
143	1902.82
144	1956.16
145	2003.56
146	2069.77
147	2161.62
148	2263.04
149	2364.23
150	2413.02
151	2472.82
152	2563.97
153	2675.3
154	2770.76
155	2822.87
156	2929.33
157	2975.15
158	3030.39
159	3060.08
160	3105.61
161	3131.08
162	3156.96
163	3165.47
164	3182.65
165	3199.09
166	3215.19
167	3215.19
168	3215.19
169	3215.19
170	3215.19
171	3215.19
172	3215.19
173	3215.19
174	3215.19
175	3215.19
176	3215.19
177	3215.19
178	3215.19
179	3215.19
180	3215.19
181	3215.19
182	3215.19
183	3215.19
184	3215.19
185	3215.19
186	3215.19
187	3215.19
188	3215.19
189	3215.19
190	3215.19
191	3215.19
192	3215.19
193	3215.19
194	3215.19
195	3215.19
196	3215.19
197	3468.54
