Generation	Geometric_mean
1	81.0209
2	81.0209
3	81.0209
4	81.0209
5	19466.1
6	19466.1
7	19466.1
8	19466.1
9	19969.5
10	20352.9
11	20493.8
12	20466.8
13	20784.3
14	20479.7
15	20520.1
16	20598.5
17	20780.4
18	21385.3
19	21929.9
20	21929.3
21	22136.8
22	22677.6
23	23154.8
24	23453.9
25	23610.4
26	23668
27	23499.1
28	23180.4
29	22656.3
30	21983.9
31	21840.1
32	21650.7
33	21095.3
34	20751
35	20171.7
36	19624.4
37	19746.4
38	19998.5
39	20236.4
40	20270.7
41	20058
42	19784.7
43	19654.8
44	19403.3
45	19081.6
46	18391.8
47	17636.3
48	17734.1
49	17479.4
50	17211.8
51	16538.8
52	16126.4
53	16030.2
54	15755.6
55	15462.1
56	14872.3
57	13821.7
58	13195.1
59	12900.6
60	12851.2
61	12744.9
62	12435.1
63	11913.7
64	11523
65	11257
66	10968.4
67	10886.7
68	10887.3
69	10523.4
70	10256.7
71	9819.36
72	9450.32
73	9720.83
74	9776.75
75	7129.41
76	5587.6
77	4364.38
78	2858.9
79	1221.91
80	649.113
81	374.063
82	268.499
83	212.381
84	186.786
85	174.71
86	165.857
87	160.336
88	151.4
89	144.203
90	142.395
91	139.809
92	138.932
93	138.584
94	136.639
95	135.088
96	137.776
97	141.637
98	143.948
99	144.655
100	150.215
101	157.418
102	163.495
103	207.15
104	222.141
105	320.096
106	488.768
107	559.364
108	1680.6
109	2652.57
110	4369.15
111	8374.16
112	11568.3
113	12719
114	16242.9
115	20864.5
116	23950.7
117	30607.7
118	33218.8
119	34984.9
120	39046.7
121	44341.8
122	48931.4
123	52453.8
124	55588.6
125	58253.7
126	64881.9
127	68567
128	71731.1
129	73868.2
130	74333.1
131	74497.1
132	76790.7
133	78514.1
134	79910.3
135	79100.4
136	80492
137	81696.8
138	82545.1
139	85737.9
140	90678.6
141	96725
142	99366.9
143	103067
144	106058
145	107995
146	111516
147	114046
148	117808
149	127271
150	135658
151	140667
152	145326
153	153495
154	165923
155	173684
156	182090
157	189539
158	192347
159	192347
160	194439
161	194439
162	194439
163	194439
164	194439
165	194439
166	194439
167	194439
168	194439
169	194439
170	194439
171	194439
172	194439
173	194439
174	194439
175	194439
176	194439
177	194439
178	194439
179	194439
180	194439
181	194439
182	194439
183	194439
184	194439
185	194439
186	194439
187	194439
188	194439
189	194439
190	194439
191	194439
192	194439
193	194439
194	194439
195	194439
196	189169
