Generation	Geometric_mean
1	182.438
2	182.438
3	182.438
4	182.438
5	4.33565e+06
6	4.33565e+06
7	4.33565e+06
8	4.33565e+06
9	4.60358e+06
10	4.65649e+06
11	4.66559e+06
12	4.66647e+06
13	4.69458e+06
14	4.72786e+06
15	4.7463e+06
16	4.74223e+06
17	4.75164e+06
18	4.76285e+06
19	4.77315e+06
20	4.7733e+06
21	4.79322e+06
22	4.82594e+06
23	4.82731e+06
24	4.82142e+06
25	4.82163e+06
26	4.80863e+06
27	4.79858e+06
28	4.81355e+06
29	4.82255e+06
30	4.82559e+06
31	4.83034e+06
32	4.84343e+06
33	4.85048e+06
34	4.85777e+06
35	4.86386e+06
36	4.84179e+06
37	4.82981e+06
38	4.80569e+06
39	4.77739e+06
40	4.7848e+06
41	4.77902e+06
42	4.78572e+06
43	4.8171e+06
44	4.82321e+06
45	4.83074e+06
46	4.83418e+06
47	4.82034e+06
48	4.80443e+06
49	4.8063e+06
50	4.80131e+06
51	4.8052e+06
52	4.80936e+06
53	4.81207e+06
54	4.82465e+06
55	4.81958e+06
56	4.81494e+06
57	4.81531e+06
58	4.81387e+06
59	4.80508e+06
60	4.80403e+06
61	4.7952e+06
62	4.78975e+06
63	4.79747e+06
64	4.79945e+06
65	4.77769e+06
66	4.77876e+06
67	4.7814e+06
68	4.78509e+06
69	4.80207e+06
70	4.81159e+06
71	4.81869e+06
72	4.82413e+06
73	4.83042e+06
74	4.82837e+06
75	4.82646e+06
76	4.81442e+06
77	4.81103e+06
78	4.78853e+06
79	4.76931e+06
80	4.77421e+06
81	4.75771e+06
82	4.77024e+06
83	4.76755e+06
84	4.76105e+06
85	4.75858e+06
86	4.76329e+06
87	4.77566e+06
88	4.78912e+06
89	4.80864e+06
90	4.80747e+06
91	4.81438e+06
92	4.80574e+06
93	4.78766e+06
94	4.76602e+06
95	4.76327e+06
96	4.76053e+06
97	4.77145e+06
98	4.76885e+06
99	4.76624e+06
100	4.76383e+06
101	4.77237e+06
102	4.75977e+06
103	4.74569e+06
104	4.74769e+06
105	4.75165e+06
106	4.75518e+06
107	4.76507e+06
108	4.76415e+06
109	4.75655e+06
110	4.75898e+06
111	4.77924e+06
112	4.79297e+06
113	4.7872e+06
114	4.78524e+06
115	4.79074e+06
116	4.77749e+06
117	4.7701e+06
118	4.75261e+06
119	4.74402e+06
120	4.76086e+06
121	4.78171e+06
122	4.79767e+06
123	4.81744e+06
124	4.81591e+06
125	4.81451e+06
126	4.81954e+06
127	4.82145e+06
128	4.83897e+06
129	4.86039e+06
130	4.88424e+06
131	4.90085e+06
132	4.9189e+06
133	4.92991e+06
134	4.93544e+06
135	4.93677e+06
136	4.94014e+06
137	4.94042e+06
138	4.94161e+06
139	4.94161e+06
140	4.94161e+06
141	4.94225e+06
142	4.94225e+06
143	4.94208e+06
144	4.94392e+06
145	4.94626e+06
146	4.94626e+06
147	4.94626e+06
148	4.94626e+06
149	4.94626e+06
150	4.94626e+06
151	4.94626e+06
152	4.94626e+06
153	4.94626e+06
154	4.94626e+06
155	4.94626e+06
156	4.94626e+06
157	4.94626e+06
158	4.94626e+06
159	4.94626e+06
160	4.94626e+06
161	4.94626e+06
162	4.94626e+06
163	4.94626e+06
164	4.94626e+06
165	4.94626e+06
166	4.94626e+06
167	4.94626e+06
168	4.94626e+06
169	4.94626e+06
170	4.94626e+06
171	4.94626e+06
172	4.94626e+06
173	4.94626e+06
174	4.94626e+06
175	4.95669e+06
