Generation	Geometric_mean
1	128.656
2	128.656
3	128.656
4	128.656
5	4.05733e+06
6	4.05733e+06
7	4.05733e+06
8	4.05733e+06
9	4.28268e+06
10	4.34028e+06
11	4.34816e+06
12	4.34971e+06
13	4.45823e+06
14	4.54917e+06
15	4.54248e+06
16	4.55568e+06
17	4.60597e+06
18	4.64392e+06
19	4.68099e+06
20	4.6984e+06
21	4.69819e+06
22	4.70052e+06
23	4.6804e+06
24	4.67116e+06
25	4.66214e+06
26	4.67433e+06
27	4.68829e+06
28	4.68424e+06
29	4.71709e+06
30	4.70811e+06
31	4.71964e+06
32	4.74427e+06
33	4.74856e+06
34	4.77927e+06
35	4.77197e+06
36	4.78021e+06
37	4.77287e+06
38	4.7598e+06
39	4.74704e+06
40	4.75263e+06
41	4.75147e+06
42	4.76568e+06
43	4.76643e+06
44	4.77113e+06
45	4.7564e+06
46	4.72496e+06
47	4.72446e+06
48	4.73126e+06
49	4.74067e+06
50	4.74007e+06
51	4.75359e+06
52	4.75413e+06
53	4.73292e+06
54	4.74556e+06
55	4.75975e+06
56	4.7632e+06
57	4.77537e+06
58	4.76218e+06
59	4.77729e+06
60	4.79355e+06
61	4.78586e+06
62	4.77997e+06
63	4.77164e+06
64	4.75235e+06
65	4.76447e+06
66	4.76543e+06
67	4.77102e+06
68	4.77782e+06
69	4.76352e+06
70	4.76486e+06
71	4.77064e+06
72	4.77764e+06
73	4.78434e+06
74	4.77759e+06
75	4.74396e+06
76	4.73008e+06
77	4.72882e+06
78	4.73167e+06
79	4.71349e+06
80	4.72722e+06
81	4.71754e+06
82	4.69046e+06
83	4.71964e+06
84	4.7139e+06
85	4.72179e+06
86	4.6957e+06
87	4.69447e+06
88	4.6792e+06
89	4.66903e+06
90	4.70143e+06
91	4.69997e+06
92	4.73147e+06
93	4.73693e+06
94	4.71449e+06
95	4.7226e+06
96	4.70943e+06
97	4.70344e+06
98	4.64939e+06
99	4.61782e+06
100	4.60514e+06
101	4.57963e+06
102	4.59417e+06
103	4.63369e+06
104	4.66659e+06
105	4.66838e+06
106	4.68715e+06
107	4.66738e+06
108	4.62784e+06
109	4.61401e+06
110	4.60474e+06
111	4.59884e+06
112	4.62583e+06
113	4.65676e+06
114	4.6598e+06
115	4.70177e+06
116	4.72042e+06
117	4.72998e+06
118	4.75031e+06
119	4.7439e+06
120	4.73205e+06
121	4.73382e+06
122	4.71828e+06
123	4.68208e+06
124	4.71542e+06
125	4.7204e+06
126	4.72762e+06
127	4.7783e+06
128	4.78942e+06
129	4.8068e+06
130	4.8205e+06
131	4.83901e+06
132	4.84983e+06
133	4.86021e+06
134	4.87077e+06
135	4.88189e+06
136	4.88571e+06
137	4.89319e+06
138	4.89827e+06
139	4.90592e+06
140	4.91405e+06
141	4.91623e+06
142	4.91709e+06
143	4.92482e+06
144	4.92624e+06
145	4.92592e+06
146	4.92592e+06
147	4.92592e+06
148	4.92592e+06
149	4.92592e+06
150	4.92592e+06
151	4.92592e+06
152	4.92592e+06
153	4.92592e+06
154	4.92592e+06
155	4.92592e+06
156	4.92592e+06
157	4.92592e+06
158	4.92592e+06
159	4.92592e+06
160	4.92592e+06
161	4.92592e+06
162	4.92592e+06
163	4.92592e+06
164	4.92592e+06
165	4.92592e+06
166	4.92592e+06
167	4.92592e+06
168	4.92592e+06
169	4.92592e+06
170	4.92592e+06
171	4.92592e+06
172	4.92592e+06
173	4.92592e+06
174	4.92592e+06
175	4.92592e+06
176	4.92592e+06
177	4.92592e+06
178	4.92592e+06
179	4.92592e+06
180	4.92592e+06
181	4.92592e+06
182	4.92592e+06
183	4.94177e+06
