Generation	Geometric_mean
1	210.854
2	210.854
3	210.854
4	210.854
5	142281
6	142281
7	142281
8	142281
9	148009
10	147800
11	149109
12	149497
13	154717
14	157551
15	157479
16	157977
17	158627
18	159862
19	159976
20	160660
21	157952
22	156142
23	156134
24	157020
25	160725
26	163478
27	164021
28	163573
29	162974
30	160908
31	157486
32	154196
33	150683
34	148617
35	146132
36	145342
37	143504
38	140808
39	137746
40	133705
41	132483
42	131606
43	128814
44	129303
45	128552
46	123800
47	126037
48	123064
49	117657
50	111851
51	108465
52	102061
53	98838.3
54	95125.8
55	93829.6
56	93564.8
57	93336.2
58	92083.6
59	87979.7
60	84215.7
61	82018.6
62	78614.3
63	76235.7
64	71223.1
65	66153.9
66	61260.7
67	56966
68	57405
69	54911.4
70	51096.3
71	45617.1
72	34253.6
73	21092.5
74	9783.47
75	4104.59
76	2662.76
77	1971.72
78	1422.68
79	1251.1
80	1127.41
81	993.695
82	950.135
83	930.047
84	907.681
85	876.154
86	874.5
87	870.848
88	871.72
89	879.337
90	867.436
91	870.919
92	910.131
93	928.756
94	1012.27
95	1038.46
96	1038.83
97	1062.01
98	1282.05
99	1960.22
100	2526.21
101	4576.22
102	12953.5
103	64458.2
104	126523
105	209742
106	306601
107	344041
108	395428
109	529355
110	577236
111	654706
112	710370
113	854939
114	941401
115	1.04228e+06
116	1.09121e+06
117	1.08047e+06
118	1.07087e+06
119	1.1272e+06
120	1.2064e+06
121	1.22138e+06
122	1.24979e+06
123	1.27949e+06
124	1.34344e+06
125	1.44863e+06
126	1.47573e+06
127	1.51724e+06
128	1.60332e+06
129	1.68642e+06
130	1.88618e+06
131	1.97978e+06
132	1.99136e+06
133	2.01988e+06
134	2.01544e+06
135	2.02788e+06
136	2.03596e+06
137	2.03301e+06
138	2.00729e+06
139	2.01603e+06
140	2.02041e+06
141	2.05459e+06
142	2.09171e+06
143	2.11729e+06
144	2.16958e+06
145	2.22974e+06
146	2.25128e+06
147	2.25925e+06
148	2.29512e+06
149	2.29413e+06
150	2.29259e+06
151	2.3057e+06
152	2.30579e+06
153	2.31557e+06
154	2.33315e+06
155	2.35247e+06
156	2.37252e+06
157	2.37562e+06
158	2.37435e+06
159	2.39388e+06
160	2.40984e+06
161	2.42685e+06
162	2.44395e+06
163	2.46061e+06
164	2.4955e+06
165	2.51303e+06
166	2.53071e+06
167	2.54898e+06
168	2.54898e+06
169	2.54898e+06
170	2.54898e+06
171	2.54898e+06
172	2.54898e+06
173	2.54898e+06
174	2.54898e+06
175	2.54898e+06
176	2.54898e+06
177	2.54898e+06
178	2.54898e+06
179	2.54898e+06
180	2.54898e+06
181	2.54898e+06
182	2.54898e+06
183	2.54898e+06
184	2.54898e+06
185	2.54898e+06
186	2.54898e+06
187	2.54898e+06
188	2.54898e+06
189	2.54898e+06
190	2.54898e+06
191	2.54898e+06
192	2.54898e+06
193	2.54898e+06
194	2.54898e+06
195	2.54898e+06
196	2.54898e+06
197	2.55495e+06
