Generation	Geometric_mean
1	227.076
2	227.076
3	227.076
4	227.076
5	87261
6	87261
7	87261
8	87261
9	100500
10	103607
11	103647
12	103690
13	105389
14	105940
15	105147
16	104783
17	109031
18	111258
19	110663
20	109243
21	111282
22	112743
23	113474
24	115167
25	115325
26	114107
27	112717
28	112049
29	112338
30	112708
31	113375
32	110312
33	106988
34	104751
35	102262
36	100865
37	100468
38	101384
39	99837.3
40	100234
41	98682.9
42	94888.9
43	93399.5
44	92438.8
45	93140
46	93820.2
47	93820
48	92742.7
49	90051.8
50	87213.7
51	85723
52	85934.3
53	85423.5
54	86070.6
55	85569.3
56	84473.2
57	80560.3
58	79670.5
59	77293.3
60	75942.7
61	76720.9
62	76280.1
63	73286.5
64	70971.7
65	67673.5
66	65265.6
67	62593.7
68	60680.7
69	55934.1
70	52956.8
71	51608.1
72	50742.6
73	51219.9
74	52780.9
75	53083.6
76	51956.5
77	49482.8
78	45968.5
79	43723
80	42222.4
81	40474.5
82	39033.8
83	38238.4
84	34824.7
85	32606.3
86	30267.2
87	29602.5
88	29678.3
89	28089
90	26188.5
91	23772.9
92	19964.6
93	15222.5
94	14068
95	10538.9
96	7936.73
97	5416.4
98	3978.29
99	3372.28
100	2575.36
101	2005.74
102	1864.46
103	1687.65
104	1484.92
105	1350.73
106	1239.21
107	1178.08
108	1132.95
109	1082.83
110	1060.39
111	1051.41
112	1090.65
113	1104.52
114	1096.99
115	1095.72
116	1087.75
117	1099.12
118	1168.3
119	1187.56
120	1186.45
121	1160.25
122	1143.02
123	1161.86
124	1186.17
125	1213.46
126	1266.83
127	1755.52
128	2087.9
129	2360.55
130	3632.77
131	5341.19
132	8850.93
133	13310.7
134	18145.5
135	23396.5
136	32232.9
137	43795.8
138	47516.4
139	52028.4
140	57099.5
141	59306.9
142	61692.2
143	66900.2
144	74625
145	79813.6
146	84542.5
147	90573.2
148	93566.9
149	99458
150	104743
151	112833
152	119253
153	124601
154	129746
155	136567
156	142246
157	146527
158	150629
159	156551
160	159379
161	165298
162	165298
163	165298
164	165298
165	165298
166	165298
167	165298
168	165298
169	165298
170	165298
171	165298
172	165298
173	165298
174	165298
175	165298
176	165298
177	165298
178	165298
179	165298
180	165298
181	165298
182	165298
183	165298
184	165298
185	165298
186	165298
187	165298
188	165298
189	165298
190	165298
191	165298
192	165298
193	165298
194	165298
195	165298
196	165298
197	170774
