Generation	Geometric_mean
1	214.672
2	214.672
3	214.672
4	214.672
5	306632
6	306632
7	306632
8	306632
9	283283
10	278438
11	276123
12	276541
13	298973
14	310420
15	319778
16	318671
17	321964
18	318318
19	315757
20	309558
21	297932
22	292375
23	288340
24	286797
25	286306
26	295440
27	291110
28	291001
29	290125
30	292804
31	289900
32	288657
33	281228
34	271837
35	262650
36	257155
37	253340
38	247471
39	239391
40	228533
41	226825
42	225501
43	226445
44	226875
45	223057
46	213334
47	198394
48	179828
49	149177
50	122678
51	99222
52	64334.1
53	42560.9
54	28441.9
55	22849.4
56	17801.1
57	14536.2
58	13002.4
59	12561
60	12352.2
61	12009.5
62	10945.3
63	10459.6
64	10308.7
65	10227.2
66	9848.5
67	9624.61
68	9483.13
69	9298.46
70	9181.91
71	9197.44
72	8934.13
73	8750.7
74	8485.23
75	8255.4
76	8177.15
77	8045.39
78	7759.62
79	7573.05
80	7244.57
81	6945.97
82	6818.26
83	6812.31
84	6631.77
85	6392.5
86	6136.23
87	5777.74
88	5449.27
89	4788.45
90	4685.2
91	4697.82
92	4681.45
93	4624.96
94	4631.49
95	4522.33
96	4438.71
97	4239.2
98	3925.88
99	3732.74
100	3686.91
101	3649.39
102	3536.81
103	3524.63
104	3474.47
105	3468.51
106	3468.14
107	3472.5
108	3449
109	3428.13
110	3351.59
111	3285.97
112	3141.43
113	3014.64
114	2960.53
115	2954.26
116	2929.3
117	2874.54
118	2776.35
119	2746.17
120	2716.73
121	2689.01
122	2637.38
123	2602.63
124	2602.02
125	2574.92
126	2614.48
127	2597.7
128	2590.5
129	2634.86
130	2654.49
131	2647.86
132	2592.06
133	2477.87
134	2403.47
135	2375.17
136	2424.95
137	2493.4
138	2564.92
139	2594.36
140	2643.85
141	2697.01
142	2780.99
143	2929.72
144	2999.63
145	3112.26
146	3170.36
147	3295.7
148	3445.54
149	3709.49
150	3948.86
151	4198.49
152	4568.87
153	4913.63
154	5411.1
155	5614.46
156	5875.81
157	6311.15
158	6704.86
159	7378.94
160	7892.75
161	8269
162	8714.84
163	9205.44
164	9755.36
165	10055.8
166	10355.9
167	10943.1
168	11100.5
169	11100.5
170	11100.5
171	11100.5
172	11100.5
173	11100.5
174	11445.6
175	11728
176	12634
177	14042.8
178	14785.3
179	15057.7
180	15190
181	15190
182	15396.4
183	15396.4
184	15396.4
185	15396.4
186	15396.4
187	15396.4
188	15396.4
189	15396.4
190	15396.4
191	15396.4
192	15396.4
193	15396.4
194	15396.4
195	15396.4
196	15396.4
197	16438.8
