Generation	Geometric_mean
1	140.055
2	140.055
3	140.055
4	140.055
5	4.16636e+06
6	4.16636e+06
7	4.16636e+06
8	4.16636e+06
9	4.1876e+06
10	4.12482e+06
11	4.11611e+06
12	4.11543e+06
13	4.14794e+06
14	4.19982e+06
15	4.21069e+06
16	4.2309e+06
17	4.20938e+06
18	4.19588e+06
19	4.22364e+06
20	4.22306e+06
21	4.24674e+06
22	4.25176e+06
23	4.24273e+06
24	4.21823e+06
25	4.20273e+06
26	4.23177e+06
27	4.26568e+06
28	4.33309e+06
29	4.37557e+06
30	4.39286e+06
31	4.40663e+06
32	4.38845e+06
33	4.39802e+06
34	4.42511e+06
35	4.42681e+06
36	4.4336e+06
37	4.43517e+06
38	4.45275e+06
39	4.45765e+06
40	4.43676e+06
41	4.43807e+06
42	4.40177e+06
43	4.37662e+06
44	4.32888e+06
45	4.32086e+06
46	4.29769e+06
47	4.29699e+06
48	4.24675e+06
49	4.18816e+06
50	4.23212e+06
51	4.28352e+06
52	4.28858e+06
53	4.30034e+06
54	4.26632e+06
55	4.25457e+06
56	4.25434e+06
57	4.25591e+06
58	4.26874e+06
59	4.29167e+06
60	4.29684e+06
61	4.30839e+06
62	4.27882e+06
63	4.2739e+06
64	4.26375e+06
65	4.26259e+06
66	4.2718e+06
67	4.26975e+06
68	4.27711e+06
69	4.28238e+06
70	4.25864e+06
71	4.24928e+06
72	4.22832e+06
73	4.22915e+06
74	4.21043e+06
75	4.21194e+06
76	4.18737e+06
77	4.19213e+06
78	4.1984e+06
79	4.16574e+06
80	4.14084e+06
81	4.14792e+06
82	4.16215e+06
83	4.17271e+06
84	4.18147e+06
85	4.17854e+06
86	4.16606e+06
87	4.13863e+06
88	4.06715e+06
89	4.03571e+06
90	4.03381e+06
91	4.04398e+06
92	4.06764e+06
93	4.05305e+06
94	3.96679e+06
95	3.87316e+06
96	3.8118e+06
97	3.764e+06
98	3.75835e+06
99	3.77075e+06
100	3.75367e+06
101	3.78203e+06
102	3.82073e+06
103	3.83697e+06
104	3.74757e+06
105	3.69319e+06
106	3.68434e+06
107	3.70038e+06
108	3.72988e+06
109	3.78371e+06
110	3.81013e+06
111	3.84163e+06
112	3.87738e+06
113	3.9117e+06
114	3.91263e+06
115	3.89081e+06
116	3.8428e+06
117	3.82818e+06
118	3.82647e+06
119	3.86236e+06
120	3.90865e+06
121	3.94258e+06
122	3.95251e+06
123	3.94904e+06
124	3.95427e+06
125	3.94021e+06
126	3.92577e+06
127	3.87913e+06
128	3.83977e+06
129	3.83033e+06
130	3.83804e+06
131	3.862e+06
132	3.82918e+06
133	3.79659e+06
134	3.79633e+06
135	3.80963e+06
136	3.81001e+06
137	3.80261e+06
138	3.80247e+06
139	3.7648e+06
140	3.75562e+06
141	3.72523e+06
142	3.71858e+06
143	3.71027e+06
144	3.70474e+06
145	3.70065e+06
146	3.68025e+06
147	3.67948e+06
148	3.67347e+06
149	3.66847e+06
150	3.66265e+06
151	3.66265e+06
152	3.65916e+06
153	3.65916e+06
154	3.65916e+06
155	3.65916e+06
156	3.65916e+06
157	3.65916e+06
158	3.65916e+06
159	3.65916e+06
160	3.65916e+06
161	3.65916e+06
162	3.65916e+06
163	3.65916e+06
164	3.65916e+06
165	3.65916e+06
166	3.65916e+06
167	3.65916e+06
168	3.65916e+06
169	3.65916e+06
170	3.65916e+06
171	3.65916e+06
172	3.65916e+06
173	3.55629e+06
174	1.78964e+06
175	80054.3
176	80054.3
177	80054.3
178	80054.3
179	1643.68
180	1643.68
181	1643.68
182	1643.68
183	1370.66
