Generation	Geometric_mean
1	96.9761
2	96.9761
3	96.9761
4	96.9761
5	3.73513e+06
6	3.73513e+06
7	3.73513e+06
8	3.73513e+06
9	3.9348e+06
10	3.97021e+06
11	4.00177e+06
12	4.00177e+06
13	4.0329e+06
14	4.03843e+06
15	4.03119e+06
16	4.0335e+06
17	4.0242e+06
18	4.04528e+06
19	4.06294e+06
20	4.074e+06
21	4.07767e+06
22	4.08791e+06
23	4.13815e+06
24	4.17494e+06
25	4.20408e+06
26	4.16758e+06
27	4.18728e+06
28	4.18217e+06
29	4.18297e+06
30	4.18654e+06
31	4.19222e+06
32	4.17622e+06
33	4.1396e+06
34	4.09099e+06
35	4.04365e+06
36	4.01832e+06
37	4.05984e+06
38	4.06889e+06
39	4.10938e+06
40	4.11522e+06
41	4.11172e+06
42	4.08896e+06
43	4.08671e+06
44	4.08031e+06
45	4.08192e+06
46	4.1118e+06
47	4.155e+06
48	4.09926e+06
49	4.11375e+06
50	4.12974e+06
51	4.09296e+06
52	4.07579e+06
53	4.08404e+06
54	4.08683e+06
55	4.12507e+06
56	4.05997e+06
57	4.05576e+06
58	4.01757e+06
59	3.9793e+06
60	3.92902e+06
61	3.95949e+06
62	4.02014e+06
63	4.02271e+06
64	4.06662e+06
65	4.09854e+06
66	4.10058e+06
67	4.11794e+06
68	4.11418e+06
69	4.1005e+06
70	4.06904e+06
71	4.04813e+06
72	4.01025e+06
73	4.0436e+06
74	4.04321e+06
75	4.08732e+06
76	4.09085e+06
77	4.08257e+06
78	4.0766e+06
79	4.05542e+06
80	4.03885e+06
81	4.03112e+06
82	4.045e+06
83	4.04728e+06
84	4.03824e+06
85	4.00634e+06
86	4.02783e+06
87	4.02467e+06
88	4.00147e+06
89	3.94447e+06
90	3.8908e+06
91	3.8233e+06
92	3.81858e+06
93	3.83452e+06
94	3.80764e+06
95	3.82915e+06
96	3.87134e+06
97	3.89766e+06
98	3.8934e+06
99	3.8956e+06
100	3.91156e+06
101	3.92631e+06
102	3.90031e+06
103	3.87699e+06
104	3.97511e+06
105	4.01915e+06
106	4.00826e+06
107	3.99322e+06
108	3.91955e+06
109	3.87456e+06
110	3.84621e+06
111	3.78082e+06
112	3.69325e+06
113	3.64932e+06
114	3.59161e+06
115	3.54761e+06
116	3.55353e+06
117	3.54702e+06
118	3.49671e+06
119	3.48319e+06
120	3.44138e+06
121	3.30914e+06
122	3.16796e+06
123	3.05327e+06
124	2.92619e+06
125	2.87985e+06
126	2.83183e+06
127	2.77284e+06
128	2.70876e+06
129	2.6948e+06
130	2.65968e+06
131	2.613e+06
132	2.55728e+06
133	2.51504e+06
134	2.46448e+06
135	2.40873e+06
136	2.38088e+06
137	2.35385e+06
138	2.33636e+06
139	2.32217e+06
140	2.2877e+06
141	2.27999e+06
142	2.26364e+06
143	2.26186e+06
144	2.25528e+06
145	2.24953e+06
146	2.2488e+06
147	2.24808e+06
148	2.24808e+06
149	2.24808e+06
150	2.24808e+06
151	2.24808e+06
152	2.24808e+06
153	2.24808e+06
154	2.24808e+06
155	2.24808e+06
156	2.24808e+06
157	2.24808e+06
158	2.24808e+06
159	2.24808e+06
160	2.24808e+06
161	2.24808e+06
162	1.58056e+06
163	49389.5
164	49389.5
165	49389.5
166	49389.5
167	1014.85
168	1014.85
169	1014.85
170	1014.85
171	846.045
