Generation	Geometric_mean
1	759.304
2	759.304
3	759.304
4	759.304
5	816.122
6	823.937
7	831.426
8	835.618
9	927.05
10	937.741
11	951.992
12	959.669
13	970.194
14	957.385
15	971.267
16	969.427
17	1121.81
18	1335.09
19	2714.62
20	3299.76
21	5616.58
22	5735.59
23	6945.63
24	7495.55
25	7838.2
26	7796.89
27	7705.82
28	7796.7
29	7767.9
30	7815.01
31	7887.8
32	8021.27
33	8018.29
34	8035.19
35	8074.05
36	7932.93
37	7762.93
38	7670.19
39	7499.46
40	7346.18
41	7178.9
42	7274.81
43	7261.17
44	7178.12
45	7143.04
46	7026.97
47	7079.94
48	7338.26
49	7508
50	7740.24
51	7915.21
52	8289.09
53	8358.37
54	8360.71
55	8539.65
56	8726.77
57	8863.79
58	9158.32
59	9348.09
60	9495.38
61	9513.37
62	9557.18
63	9424.79
64	9217.54
65	9541.61
66	9554.69
67	9587.9
68	9500.04
69	9277.45
70	9044.79
71	8872.39
72	8906.03
73	9011.13
74	8967.52
75	8926.93
76	8976.89
77	8933.9
78	8900.96
79	9016.54
80	8983.25
81	9065.27
82	9358.15
83	9806.51
84	9947.53
85	9965.56
86	9698.62
87	9773.99
88	9968.67
89	9972.72
90	9995.77
91	10118.7
92	10272.2
93	10364.4
94	10340.9
95	10322.3
96	10227.3
97	10209.5
98	10220
99	10347.6
100	10513.4
101	10542.2
102	10388.5
103	10325.4
104	10253.6
105	10190.3
106	10359.3
107	10563.5
108	10787
109	10804.4
110	10614.3
111	10449
112	10257.5
113	10244.4
114	10372.9
115	10434.1
116	10495.5
117	10725.9
118	10744.7
119	10846.2
120	10820.9
121	10681.2
122	10673.8
123	10771.2
124	10723.6
125	10836.5
126	10770.4
127	10828.4
128	10861
129	10880.8
130	10933.3
131	10963.7
132	10935
133	10911.9
134	10915.2
135	10866
136	10803.7
137	10678.9
138	10364.9
139	10135.5
140	9940.82
141	9835.51
142	9743.12
143	9704.52
144	9357.85
145	9182.13
146	8970.15
147	8733.32
148	8626.79
149	8546.66
150	8467.52
151	8318.89
152	8177.95
153	8012.76
154	7872.81
155	7829.57
156	7781.19
157	7767.18
158	7764.53
159	7761.76
160	7762.07
161	7762.07
162	7762.07
163	7762.07
164	7762.07
165	7762.07
166	7762.07
167	7762.07
168	7762.07
169	7762.07
170	7762.07
171	7762.07
172	7762.07
173	7762.07
174	7762.07
175	7762.07
176	7762.07
177	7762.07
178	7762.07
179	7762.07
180	7762.07
181	7762.07
182	7762.07
183	7762.07
184	7762.07
185	7762.07
186	7762.07
187	7762.07
188	7762.07
189	7762.07
190	7762.07
191	7762.07
192	7762.07
193	7762.07
194	7762.07
195	7762.07
196	7762.07
197	7812.71
