Generation	Geometric_mean
1	255.175
2	255.175
3	255.175
4	255.175
5	135747
6	135747
7	135747
8	135747
9	144901
10	143669
11	142312
12	141829
13	133435
14	130707
15	130282
16	130791
17	134341
18	138847
19	137150
20	137361
21	135089
22	133252
23	132940
24	133579
25	130565
26	131463
27	131700
28	129862
29	130525
30	132525
31	133885
32	133792
33	133226
34	132045
35	132980
36	132371
37	129996
38	129873
39	131549
40	132241
41	131759
42	127837
43	123942
44	117652
45	117047
46	114441
47	111152
48	107898
49	104078
50	100597
51	100421
52	101073
53	101434
54	99479.2
55	96927
56	94978.6
57	92200.7
58	91502.9
59	91454
60	90510.8
61	88533.1
62	74835.3
63	70717.9
64	62406.2
65	42716.9
66	23116.9
67	14539.3
68	9102.1
69	5170.4
70	3325.1
71	2712.25
72	2560.78
73	2483.69
74	2409.94
75	2242.96
76	2098.74
77	2043.37
78	2009.61
79	2021.56
80	2041.97
81	1999.81
82	1941.88
83	1897.45
84	1866.08
85	1912.62
86	1893.28
87	1826.34
88	1802.04
89	1763.65
90	1732.38
91	1686.36
92	1711.85
93	1720.33
94	1737.03
95	1730.19
96	1727.49
97	1724.92
98	1742.78
99	1802.28
100	1857.45
101	1910.68
102	1904.18
103	1910.03
104	1936.35
105	2038.29
106	2042.77
107	2082.99
108	2130.85
109	2205.39
110	2234.97
111	2349.65
112	2516.29
113	2520.47
114	2525.14
115	2538.21
116	2643.92
117	2722.69
118	2827.84
119	2975.37
120	3152.48
121	3383.05
122	3524.29
123	3604.57
124	3670.7
125	3705.69
126	3757.37
127	3777.8
128	3862.16
129	4114
130	4565.51
131	4851.52
132	5434.08
133	5853.44
134	6110.18
135	6422.9
136	6804.97
137	7398.41
138	7595.27
139	7752.96
140	7945.68
141	8272.4
142	8760.27
143	9555.18
144	10367.2
145	11434.7
146	12345.1
147	14403.5
148	15624.3
149	16062.2
150	16344.1
151	16812.3
152	17692.4
153	18123.5
154	19129.8
155	19091.6
156	19179.5
157	19695.9
158	20813.8
159	21757.7
160	22447.7
161	22834.7
162	23067
163	23156.5
164	23319.1
165	23507.8
166	23698.4
167	24150
168	24446.3
169	24554.6
170	24554.6
171	24658.1
172	24658.1
173	24658.1
174	24658.1
175	24658.1
176	24658.1
177	24658.1
178	24658.1
179	24658.1
180	24658.1
181	24658.1
182	24658.1
183	24658.1
184	24658.1
185	24682.1
186	24743.1
187	24758.9
188	24758.9
189	24758.9
190	24758.9
191	24769.3
192	24806.8
193	24806.8
194	24806.8
195	24806.8
196	24357.3
