Generation	Geometric_mean
1	103.453
2	103.453
3	103.453
4	103.453
5	3.98561e+06
6	3.98561e+06
7	3.98561e+06
8	3.98561e+06
9	3.98861e+06
10	4.00191e+06
11	4.00576e+06
12	4.00719e+06
13	4.08995e+06
14	4.16427e+06
15	4.14714e+06
16	4.16413e+06
17	4.26735e+06
18	4.24042e+06
19	4.25943e+06
20	4.31323e+06
21	4.35852e+06
22	4.38898e+06
23	4.38315e+06
24	4.37897e+06
25	4.35621e+06
26	4.34627e+06
27	4.33842e+06
28	4.32879e+06
29	4.30135e+06
30	4.29564e+06
31	4.31668e+06
32	4.29523e+06
33	4.34282e+06
34	4.37506e+06
35	4.40372e+06
36	4.45724e+06
37	4.43801e+06
38	4.39952e+06
39	4.39832e+06
40	4.38604e+06
41	4.3804e+06
42	4.43868e+06
43	4.44604e+06
44	4.43668e+06
45	4.42254e+06
46	4.42115e+06
47	4.39974e+06
48	4.4023e+06
49	4.37212e+06
50	4.36572e+06
51	4.32091e+06
52	4.31642e+06
53	4.26299e+06
54	4.23344e+06
55	4.21869e+06
56	4.22984e+06
57	4.30609e+06
58	4.34153e+06
59	4.30973e+06
60	4.31225e+06
61	4.30782e+06
62	4.28822e+06
63	4.22916e+06
64	4.15481e+06
65	4.15652e+06
66	4.14098e+06
67	4.18988e+06
68	4.20294e+06
69	4.21702e+06
70	4.23924e+06
71	4.22186e+06
72	4.27181e+06
73	4.33589e+06
74	4.3517e+06
75	4.37065e+06
76	4.43854e+06
77	4.41664e+06
78	4.40805e+06
79	4.4229e+06
80	4.37936e+06
81	4.28756e+06
82	4.23979e+06
83	4.17305e+06
84	4.08912e+06
85	4.13591e+06
86	4.13026e+06
87	4.12126e+06
88	4.14274e+06
89	4.14918e+06
90	4.1483e+06
91	4.13955e+06
92	4.14927e+06
93	4.13399e+06
94	4.12948e+06
95	4.13269e+06
96	4.11187e+06
97	4.13272e+06
98	4.17391e+06
99	4.21263e+06
100	4.20346e+06
101	4.16254e+06
102	4.17169e+06
103	4.10785e+06
104	4.06795e+06
105	4.07805e+06
106	4.03601e+06
107	3.97456e+06
108	3.9652e+06
109	3.94381e+06
110	3.95889e+06
111	3.9591e+06
112	3.96914e+06
113	3.96859e+06
114	3.9394e+06
115	3.90497e+06
116	3.86272e+06
117	3.82568e+06
118	3.82252e+06
119	3.78448e+06
120	3.81175e+06
121	3.79813e+06
122	3.74758e+06
123	3.67335e+06
124	3.61337e+06
125	3.51357e+06
126	3.44248e+06
127	3.37841e+06
128	3.23865e+06
129	3.16484e+06
130	3.12553e+06
131	3.12989e+06
132	3.167e+06
133	3.18536e+06
134	3.16602e+06
135	3.11056e+06
136	3.03132e+06
137	2.95732e+06
138	2.88116e+06
139	2.79516e+06
140	2.73551e+06
141	2.66083e+06
142	2.57124e+06
143	2.48031e+06
144	2.39624e+06
145	2.36576e+06
146	2.32382e+06
147	2.25135e+06
148	2.19229e+06
149	2.15159e+06
150	2.13953e+06
151	2.12759e+06
152	2.09257e+06
153	2.0604e+06
154	2.02089e+06
155	2.00804e+06
156	2.00804e+06
157	2.00037e+06
158	2.00037e+06
159	2.00037e+06
160	1.99174e+06
161	1.98155e+06
162	1.97259e+06
163	1.96745e+06
164	1.95804e+06
165	1.95344e+06
166	1.95344e+06
167	1.95344e+06
168	1.95344e+06
169	1.95344e+06
170	1.95344e+06
171	1.47036e+06
172	43179.4
173	43179.4
174	43179.4
175	43179.4
176	884.023
177	884.023
178	884.023
179	884.023
180	736.897
