Generation	Geometric_mean
1	222.953
2	222.953
3	222.953
4	222.953
5	163157
6	163157
7	163157
8	163157
9	182885
10	183729
11	184937
12	185141
13	190526
14	195210
15	194963
16	194700
17	209316
18	217592
19	216886
20	213812
21	212243
22	207771
23	207356
24	207238
25	210443
26	209691
27	209642
28	214213
29	211961
30	203649
31	203354
32	200223
33	201098
34	200853
35	198909
36	196065
37	190213
38	183473
39	182562
40	178777
41	174513
42	175563
43	177596
44	177058
45	173697
46	171879
47	171350
48	168442
49	167949
50	165511
51	160313
52	157811
53	154692
54	150389
55	148033
56	143292
57	137514
58	131160
59	122004
60	114736
61	111739
62	111992
63	106781
64	103732
65	103483
66	98077.4
67	95172.6
68	91616.5
69	90577.4
70	88010.5
71	86636.2
72	84995.3
73	82122.4
74	79361.9
75	77637.1
76	76493.3
77	74278.1
78	72292
79	64609.9
80	43725.2
81	28855.6
82	20111.5
83	11939.6
84	6993.93
85	3881.22
86	2299.39
87	1943.85
88	1770.41
89	1663.43
90	1609.57
91	1457.37
92	1374.62
93	1282.63
94	1138.35
95	1088.39
96	1060.04
97	1030.59
98	1002.01
99	987.644
100	985.645
101	1007.71
102	1029.09
103	1054.89
104	1087.49
105	1113.95
106	1108.26
107	1124.31
108	1134.69
109	1120.11
110	1137.54
111	1191.7
112	1237.29
113	1272.52
114	1331.67
115	1391.23
116	1448.9
117	1478.15
118	1611.13
119	2359.51
120	3214.35
121	4526.7
122	6269.72
123	8970.63
124	16049.6
125	28724.2
126	62144.1
127	83008.4
128	105578
129	122490
130	134307
131	133441
132	133092
133	136419
134	139780
135	140539
136	144924
137	149326
138	162213
139	179792
140	195714
141	211512
142	219317
143	228116
144	232427
145	237109
146	243767
147	247029
148	251159
149	261774
150	266379
151	276525
152	279396
153	288900
154	296352
155	305259
156	310617
157	311930
158	312704
159	313342
160	313342
161	314263
162	314263
163	314263
164	314263
165	314263
166	314263
167	314263
168	314263
169	314263
170	314263
171	314263
172	314263
173	314263
174	314263
175	314263
176	314263
177	314263
178	314263
179	314263
180	314263
181	314263
182	314263
183	314263
184	314263
185	314263
186	314263
187	314263
188	314263
189	314263
190	314263
191	314263
192	314263
193	314263
194	314263
195	314263
196	314263
197	319935
