Generation	Geometric_mean
1	565.1
2	565.1
3	565.1
4	565.1
5	446.472
6	446.472
7	391.422
8	354.351
9	398.33
10	398.33
11	1413.17
12	5701.18
13	351389
14	351389
15	366168
16	384396
17	397207
18	398911
19	395696
20	388683
21	389041
22	383879
23	388587
24	386057
25	395193
26	405803
27	395807
28	392028
29	390988
30	384251
31	385266
32	395043
33	403186
34	407446
35	407875
36	409877
37	405233
38	412552
39	409940
40	424794
41	421149
42	409621
43	405083
44	411531
45	410964
46	425140
47	434463
48	436750
49	440997
50	445025
51	446551
52	441397
53	426326
54	429557
55	428768
56	426733
57	433902
58	423989
59	410683
60	405734
61	398238
62	393163
63	383193
64	373257
65	375022
66	378166
67	383817
68	389807
69	405284
70	410281
71	407236
72	416545
73	422450
74	427626
75	422797
76	419059
77	413947
78	416784
79	417650
80	420538
81	423551
82	419977
83	420458
84	417381
85	410918
86	411446
87	409207
88	399103
89	390192
90	384684
91	387674
92	391316
93	384117
94	375878
95	370181
96	367020
97	373749
98	383710
99	388625
100	382954
101	370438
102	359323
103	357615
104	362071
105	361096
106	360766
107	366624
108	364898
109	365699
110	363895
111	358262
112	346298
113	340139
114	339616
115	337619
116	325009
117	319754
118	310598
119	301944
120	301151
121	296383
122	289463
123	269183
124	262222
125	262473
126	249534
127	239767
128	224595
129	207891
130	201400
131	195934
132	192156
133	191336
134	192389
135	194274
136	184029
137	174194
138	168803
139	163077
140	154313
141	154586
142	152464
143	148708
144	146319
145	144883
146	146021
147	143733
148	140668
149	135032
150	130998
151	123814
152	109246
153	76614.9
154	43784.8
155	17396.4
156	7860.71
157	3956.73
158	3067.1
159	2815.81
160	2763.05
161	2763.05
162	2763.05
163	2763.05
164	2763.05
165	2763.05
166	2763.05
167	2763.05
168	2763.05
169	2763.05
170	2763.05
171	2763.05
172	2763.05
173	2763.05
174	2763.05
175	2763.05
176	2763.05
177	2763.05
178	2763.05
179	2763.05
180	2763.05
181	2763.05
182	2763.05
183	2763.05
184	2763.05
185	2763.05
186	2763.05
187	2763.05
188	2763.05
189	2763.05
190	2763.05
191	2763.05
192	2763.05
193	2763.05
194	2763.05
195	2763.05
196	2763.05
197	3282.97
