Generation	Geometric_mean
1	220.135
2	220.135
3	220.135
4	220.135
5	178592
6	178592
7	178592
8	178592
9	192576
10	197576
11	197978
12	197912
13	196240
14	199291
15	201915
16	201016
17	200635
18	197597
19	188908
20	186793
21	186136
22	188541
23	191950
24	195483
25	198056
26	200361
27	205565
28	205960
29	202298
30	199131
31	195802
32	192052
33	188310
34	189499
35	192874
36	195029
37	196099
38	197597
39	192086
40	187522
41	179606
42	175618
43	170474
44	168943
45	167309
46	164070
47	159594
48	161003
49	161867
50	158676
51	153808
52	149245
53	143863
54	136922
55	138039
56	135864
57	133543
58	132151
59	127992
60	128816
61	130486
62	118084
63	108853
64	96470.3
65	88551.4
66	81300.7
67	73878
68	68467.7
69	65528.9
70	63957
71	62263.3
72	60900.3
73	58717.3
74	54552.6
75	49892.6
76	41279.1
77	24711.7
78	22160.2
79	16645.5
80	5892.12
81	2536.43
82	1725.5
83	1242.99
84	1068.23
85	782.97
86	744.043
87	738.347
88	712.691
89	688.543
90	670.619
91	659.709
92	655.829
93	648.951
94	639.256
95	650.265
96	657.272
97	707.218
98	758.322
99	1010.56
100	1157.75
101	1783.35
102	3903.77
103	11092.3
104	65360.2
105	138886
106	402829
107	568648
108	594846
109	737430
110	813046
111	933375
112	946477
113	956139
114	1.02055e+06
115	1.13779e+06
116	1.19763e+06
117	1.28154e+06
118	1.49755e+06
119	1.62034e+06
120	1.83483e+06
121	2.1105e+06
122	2.20281e+06
123	2.32459e+06
124	2.36678e+06
125	2.55694e+06
126	2.5821e+06
127	2.67046e+06
128	2.73627e+06
129	2.73379e+06
130	2.70192e+06
131	2.67655e+06
132	2.64065e+06
133	2.61166e+06
134	2.59527e+06
135	2.57911e+06
136	2.58589e+06
137	2.58036e+06
138	2.62339e+06
139	2.69981e+06
140	2.76368e+06
141	2.90732e+06
142	3.04373e+06
143	3.1139e+06
144	3.21824e+06
145	3.28888e+06
146	3.26975e+06
147	3.3376e+06
148	3.33122e+06
149	3.35231e+06
150	3.36302e+06
151	3.37066e+06
152	3.37997e+06
153	3.39826e+06
154	3.3917e+06
155	3.39702e+06
156	3.40083e+06
157	3.40314e+06
158	3.40161e+06
159	3.40654e+06
160	3.40916e+06
161	3.40916e+06
162	3.40916e+06
163	3.40916e+06
164	3.40916e+06
165	3.40916e+06
166	3.40916e+06
167	3.40916e+06
168	3.40916e+06
169	3.40916e+06
170	3.40916e+06
171	3.40916e+06
172	3.40916e+06
173	3.40916e+06
174	3.40916e+06
175	3.40916e+06
176	3.40916e+06
177	3.40916e+06
178	3.40916e+06
179	3.40916e+06
180	3.40916e+06
181	3.40916e+06
182	3.40916e+06
183	3.40916e+06
184	3.40916e+06
185	3.40916e+06
186	3.40916e+06
187	3.40916e+06
188	3.40916e+06
189	3.40916e+06
190	3.40916e+06
191	3.40916e+06
192	3.40916e+06
193	3.40916e+06
194	3.40916e+06
195	3.40916e+06
196	3.34848e+06
