Generation	Geometric_mean
1	114.766
2	114.766
3	114.766
4	114.766
5	4.33993e+06
6	4.33993e+06
7	4.33993e+06
8	4.33993e+06
9	4.36955e+06
10	4.37914e+06
11	4.36582e+06
12	4.3716e+06
13	4.42797e+06
14	4.43527e+06
15	4.45968e+06
16	4.47733e+06
17	4.52672e+06
18	4.55642e+06
19	4.60983e+06
20	4.62979e+06
21	4.64296e+06
22	4.69187e+06
23	4.70586e+06
24	4.70427e+06
25	4.70859e+06
26	4.68706e+06
27	4.67207e+06
28	4.68388e+06
29	4.68931e+06
30	4.72216e+06
31	4.73919e+06
32	4.73379e+06
33	4.73776e+06
34	4.75156e+06
35	4.74244e+06
36	4.75311e+06
37	4.75791e+06
38	4.75435e+06
39	4.74551e+06
40	4.73406e+06
41	4.72803e+06
42	4.7149e+06
43	4.71418e+06
44	4.73124e+06
45	4.7345e+06
46	4.74638e+06
47	4.76249e+06
48	4.76489e+06
49	4.75089e+06
50	4.73334e+06
51	4.7178e+06
52	4.7041e+06
53	4.71428e+06
54	4.72126e+06
55	4.73143e+06
56	4.72356e+06
57	4.72435e+06
58	4.71857e+06
59	4.70778e+06
60	4.70278e+06
61	4.67487e+06
62	4.66206e+06
63	4.65932e+06
64	4.66075e+06
65	4.65328e+06
66	4.65824e+06
67	4.67599e+06
68	4.65696e+06
69	4.62739e+06
70	4.62298e+06
71	4.6361e+06
72	4.63961e+06
73	4.6671e+06
74	4.6688e+06
75	4.67721e+06
76	4.68684e+06
77	4.71499e+06
78	4.72798e+06
79	4.70327e+06
80	4.68667e+06
81	4.6724e+06
82	4.65804e+06
83	4.67116e+06
84	4.66253e+06
85	4.70142e+06
86	4.72273e+06
87	4.72335e+06
88	4.73056e+06
89	4.7302e+06
90	4.72968e+06
91	4.71292e+06
92	4.66478e+06
93	4.64426e+06
94	4.61739e+06
95	4.60521e+06
96	4.63277e+06
97	4.67252e+06
98	4.70702e+06
99	4.7288e+06
100	4.7346e+06
101	4.72084e+06
102	4.70221e+06
103	4.69314e+06
104	4.67391e+06
105	4.64622e+06
106	4.62695e+06
107	4.60779e+06
108	4.59163e+06
109	4.60064e+06
110	4.60557e+06
111	4.60789e+06
112	4.64137e+06
113	4.65135e+06
114	4.66975e+06
115	4.68282e+06
116	4.69994e+06
117	4.70302e+06
118	4.68078e+06
119	4.66272e+06
120	4.6854e+06
121	4.68254e+06
122	4.68494e+06
123	4.70024e+06
124	4.70049e+06
125	4.70321e+06
126	4.6952e+06
127	4.66474e+06
128	4.65459e+06
129	4.67666e+06
130	4.70671e+06
131	4.73741e+06
132	4.75644e+06
133	4.7846e+06
134	4.79437e+06
135	4.81179e+06
136	4.8214e+06
137	4.82918e+06
138	4.83622e+06
139	4.84088e+06
140	4.84661e+06
141	4.86586e+06
142	4.87355e+06
143	4.88747e+06
144	4.8948e+06
145	4.89759e+06
146	4.90548e+06
147	4.90856e+06
148	4.90934e+06
149	4.91358e+06
150	4.91595e+06
151	4.91774e+06
152	4.91774e+06
153	4.91774e+06
154	4.91774e+06
155	4.91774e+06
156	4.91774e+06
157	4.91774e+06
158	4.91774e+06
159	4.91774e+06
160	4.91774e+06
161	4.91774e+06
162	4.91774e+06
163	4.91774e+06
164	4.91774e+06
165	4.91774e+06
166	4.91774e+06
167	4.91774e+06
168	4.91774e+06
169	4.91774e+06
170	4.91774e+06
171	4.91774e+06
172	4.91774e+06
173	4.91774e+06
174	4.91774e+06
175	4.91774e+06
176	4.91774e+06
177	4.91774e+06
178	4.91774e+06
179	4.91774e+06
180	4.91774e+06
181	4.91774e+06
182	4.91774e+06
183	4.91774e+06
184	4.91774e+06
185	4.91774e+06
186	4.91774e+06
187	4.91774e+06
188	4.91774e+06
189	4.93105e+06
