Generation	Geometric_mean
1	811.669
2	811.669
3	811.669
4	811.669
5	746.587
6	735.945
7	726.508
8	720.266
9	686.948
10	677.294
11	645.713
12	639.686
13	658.315
14	661.137
15	655.162
16	646.471
17	680.9
18	739.631
19	3338.21
20	15602.3
21	156701
22	253447
23	281570
24	288518
25	266906
26	260458
27	251740
28	245409
29	252813
30	256839
31	256719
32	264537
33	270947
34	275887
35	281469
36	285064
37	288205
38	287704
39	291793
40	290915
41	294111
42	296275
43	296829
44	298037
45	296196
46	299682
47	300217
48	300144
49	299579
50	300487
51	305878
52	302061
53	307041
54	315426
55	320016
56	323272
57	329108
58	323390
59	324373
60	317211
61	304558
62	301969
63	301482
64	301928
65	304103
66	308140
67	305414
68	305412
69	307281
70	313007
71	304901
72	295832
73	287015
74	284968
75	287362
76	289976
77	294779
78	301036
79	302372
80	297707
81	295280
82	289744
83	286426
84	292445
85	298442
86	303537
87	306774
88	304167
89	301710
90	297887
91	296348
92	293188
93	292228
94	289210
95	284138
96	287985
97	288379
98	284705
99	282339
100	282987
101	283204
102	276860
103	278016
104	271509
105	269487
106	269557
107	271848
108	269957
109	263561
110	253311
111	252196
112	249691
113	249148
114	248567
115	244727
116	240168
117	237960
118	236050
119	233141
120	231422
121	231444
122	234790
123	234401
124	237230
125	239698
126	240377
127	239696
128	227287
129	229778
130	228752
131	226016
132	224221
133	223978
134	219811
135	215531
136	211899
137	204464
138	195154
139	189180
140	181873
141	176565
142	175443
143	171203
144	169173
145	168245
146	168029
147	166422
148	165752
149	164372
150	160378
151	161314
152	158148
153	154243
154	152612
155	146861
156	142526
157	138613
158	135466
159	132146
160	128143
161	124757
162	119197
163	111630
164	108993
165	107970
166	107668
167	106522
168	106522
169	105826
170	105184
171	105184
172	105184
173	105184
174	105184
175	105184
176	105184
177	105184
178	105184
179	105184
180	105184
181	105184
182	105184
183	105184
184	105184
185	105184
186	105184
187	105184
188	105184
189	105184
190	105184
191	105184
192	104164
193	2297.53
194	2297.53
195	2297.53
196	2297.53
197	1941.11
