Generation	Geometric_mean
1	231.943
2	231.943
3	231.943
4	231.943
5	141334
6	141334
7	141334
8	141334
9	165382
10	172187
11	174216
12	174462
13	181428
14	185196
15	189210
16	190137
17	189972
18	189769
19	188681
20	185368
21	185758
22	188443
23	187930
24	186292
25	186840
26	184532
27	181423
28	181273
29	178803
30	178057
31	175329
32	172990
33	168785
34	163425
35	164421
36	163748
37	161321
38	161706
39	162520
40	161373
41	156160
42	157508
43	153753
44	154374
45	156685
46	156275
47	155470
48	151603
49	144852
50	139947
51	139575
52	135496
53	135250
54	127911
55	123249
56	120733
57	119391
58	113966
59	112257
60	108907
61	106429
62	102869
63	98656.1
64	89559.6
65	83242.6
66	81103
67	78650.5
68	75882.5
69	70522.8
70	67904.7
71	67029.8
72	63147.6
73	55139.4
74	52068.8
75	42642.4
76	33026.1
77	21119.7
78	10447.6
79	7554.78
80	5148.96
81	3687.42
82	2744.7
83	2048.02
84	1813.74
85	1710.68
86	1457.69
87	1371.88
88	1313.69
89	1284.54
90	1236.61
91	1164.26
92	1121.12
93	1121.44
94	1061.14
95	1038.26
96	1035.34
97	1016.4
98	1017.82
99	1031.91
100	1029.85
101	1044.34
102	1079.27
103	1103.37
104	1155.08
105	1170.77
106	1189.08
107	1217.96
108	1226.6
109	1273.97
110	1309.5
111	1388.53
112	1636.36
113	1647.14
114	1651.53
115	1745.22
116	2489.59
117	3072.5
118	3386.22
119	5038.18
120	7427.89
121	9252.75
122	12159.2
123	14446.6
124	23220.8
125	27718.9
126	32511.3
127	34581
128	43588.6
129	42717.9
130	42664.6
131	43132
132	43336.4
133	45619.4
134	46672.5
135	46973.2
136	46663.4
137	47540.4
138	49542
139	51673.7
140	52118.2
141	52429.6
142	52973.3
143	54271.5
144	55191
145	55737.3
146	57509.6
147	59472.9
148	60032.9
149	60261.3
150	61660.5
151	62195.4
152	62766.6
153	63882
154	64962.3
155	64931.3
156	66615.4
157	68439.8
158	71268.9
159	73031.6
160	73638
161	73917
162	74465.4
163	75219.7
164	75512.1
165	76245.1
166	76245.1
167	76245.1
168	76245.1
169	76245.1
170	76245.1
171	76245.1
172	76245.1
173	76245.1
174	76245.1
175	76245.1
176	76245.1
177	76245.1
178	76530.1
179	76819.6
180	76819.6
181	76819.6
182	77405.8
183	77711.8
184	78634.6
185	79265.2
186	79265.2
187	79265.2
188	79265.2
189	79265.2
190	79265.2
191	79265.2
192	79265.2
193	79265.2
194	79265.2
195	79265.2
196	79265.2
197	79804.2
