Generation	Geometric_mean
1	254.371
2	254.371
3	254.371
4	254.371
5	59404.4
6	59404.4
7	59404.4
8	59404.4
9	65331.8
10	68661.8
11	69127.7
12	68965.9
13	69796.2
14	69353.1
15	68976.1
16	69155.1
17	70347.4
18	71699.7
19	72679.6
20	71640.6
21	69395.6
22	68455
23	66543.7
24	63960.3
25	62498.2
26	61977.3
27	61724.1
28	62243.1
29	62896.3
30	63938.4
31	63731.4
32	62774.4
33	63409.6
34	62719.2
35	61832.5
36	61664.5
37	61021.2
38	60895.7
39	60568.5
40	60592.4
41	59585.8
42	57743.5
43	55671.9
44	54253.9
45	52658.4
46	51439.8
47	50606.9
48	50982.3
49	50148.3
50	46240.4
51	42879.8
52	29515.9
53	12878.6
54	5416.65
55	2407.3
56	1539.05
57	1382.98
58	1260.78
59	1190.09
60	1111.65
61	1102.89
62	1068.19
63	1033.63
64	1027.92
65	1017.48
66	975.289
67	945.139
68	947.191
69	961.223
70	978.065
71	1010.52
72	1062.93
73	1085.25
74	1151.89
75	1256.41
76	1285.04
77	1291.24
78	2541.22
79	7424.1
80	94089.4
81	190599
82	491984
83	1.044e+06
84	1.42458e+06
85	1.77294e+06
86	1.98709e+06
87	2.05989e+06
88	1.99777e+06
89	1.95568e+06
90	2.04457e+06
91	2.13328e+06
92	2.19736e+06
93	2.22217e+06
94	2.23209e+06
95	2.24433e+06
96	2.31824e+06
97	2.33783e+06
98	2.41196e+06
99	2.42267e+06
100	2.47436e+06
101	2.49666e+06
102	2.58052e+06
103	2.62179e+06
104	2.67463e+06
105	2.69754e+06
106	2.6659e+06
107	2.6244e+06
108	2.64249e+06
109	2.61788e+06
110	2.58027e+06
111	2.5728e+06
112	2.57753e+06
113	2.60321e+06
114	2.60126e+06
115	2.61913e+06
116	2.68925e+06
117	2.7399e+06
118	2.74601e+06
119	2.7549e+06
120	2.7546e+06
121	2.76987e+06
122	2.78145e+06
123	2.8086e+06
124	2.83194e+06
125	2.79961e+06
126	2.79664e+06
127	2.79926e+06
128	2.77052e+06
129	2.7732e+06
130	2.80123e+06
131	2.82337e+06
132	2.80196e+06
133	2.83264e+06
134	2.84492e+06
135	2.87523e+06
136	2.89481e+06
137	2.87468e+06
138	2.88419e+06
139	2.87002e+06
140	2.87651e+06
141	2.89459e+06
142	2.94344e+06
143	2.97836e+06
144	3.02552e+06
145	3.0755e+06
146	3.10375e+06
147	3.10116e+06
148	3.11543e+06
149	3.13083e+06
150	3.14171e+06
151	3.13742e+06
152	3.13217e+06
153	3.09565e+06
154	3.06339e+06
155	3.05736e+06
156	3.04844e+06
157	3.0467e+06
158	3.04473e+06
159	3.04473e+06
160	3.03839e+06
161	3.03429e+06
162	3.03429e+06
163	3.03429e+06
164	3.03429e+06
165	3.03429e+06
166	3.03429e+06
167	3.03429e+06
168	3.03429e+06
169	3.03429e+06
170	3.03429e+06
171	3.03429e+06
172	3.03429e+06
173	3.03429e+06
174	3.03429e+06
175	3.03429e+06
176	3.03429e+06
177	3.03429e+06
178	3.03429e+06
179	3.03429e+06
180	3.03429e+06
181	3.03429e+06
182	3.03429e+06
183	3.03429e+06
184	3.03429e+06
185	3.03429e+06
186	3.03429e+06
187	3.03429e+06
188	3.03429e+06
189	3.03429e+06
190	3.03429e+06
191	3.03429e+06
192	3.03429e+06
193	3.03429e+06
194	3.03429e+06
195	3.03429e+06
196	3.03429e+06
197	3.11828e+06
