Generation	Geometric_mean
1	79639.7
2	79639.7
3	79639.7
4	79639.7
5	5188.18
6	5188.18
7	5188.18
8	1605
9	103.857
10	103.857
11	103.857
12	103.857
13	180834
14	3.86325e+06
15	3.86325e+06
16	3.86325e+06
17	4.1693e+06
18	4.26129e+06
19	4.32385e+06
20	4.32592e+06
21	4.43241e+06
22	4.55993e+06
23	4.58873e+06
24	4.60635e+06
25	4.62955e+06
26	4.66905e+06
27	4.66693e+06
28	4.64225e+06
29	4.62122e+06
30	4.63636e+06
31	4.67687e+06
32	4.68689e+06
33	4.69948e+06
34	4.71897e+06
35	4.76327e+06
36	4.78194e+06
37	4.79798e+06
38	4.81767e+06
39	4.81914e+06
40	4.80665e+06
41	4.79585e+06
42	4.78948e+06
43	4.79321e+06
44	4.79687e+06
45	4.81086e+06
46	4.82331e+06
47	4.83209e+06
48	4.83116e+06
49	4.84936e+06
50	4.85418e+06
51	4.84669e+06
52	4.86095e+06
53	4.87444e+06
54	4.87388e+06
55	4.88689e+06
56	4.89009e+06
57	4.88809e+06
58	4.8816e+06
59	4.87531e+06
60	4.87245e+06
61	4.87455e+06
62	4.87744e+06
63	4.88627e+06
64	4.90743e+06
65	4.91065e+06
66	4.8866e+06
67	4.88557e+06
68	4.88879e+06
69	4.89805e+06
70	4.92459e+06
71	4.91537e+06
72	4.91558e+06
73	4.91705e+06
74	4.91554e+06
75	4.91488e+06
76	4.9155e+06
77	4.9173e+06
78	4.91703e+06
79	4.93365e+06
80	4.93564e+06
81	4.93377e+06
82	4.92734e+06
83	4.91913e+06
84	4.89451e+06
85	4.8848e+06
86	4.89078e+06
87	4.90121e+06
88	4.928e+06
89	4.93775e+06
90	4.93435e+06
91	4.93597e+06
92	4.93691e+06
93	4.93839e+06
94	4.93633e+06
95	4.93836e+06
96	4.93629e+06
97	4.92854e+06
98	4.92908e+06
99	4.93092e+06
100	4.93306e+06
101	4.9345e+06
102	4.9394e+06
103	4.94025e+06
104	4.93883e+06
105	4.93694e+06
106	4.94217e+06
107	4.93782e+06
108	4.93778e+06
109	4.94354e+06
110	4.9387e+06
111	4.92538e+06
112	4.91465e+06
113	4.89699e+06
114	4.90207e+06
115	4.91932e+06
116	4.93659e+06
117	4.95008e+06
118	4.95023e+06
119	4.9538e+06
120	4.95664e+06
121	4.96016e+06
122	4.96315e+06
123	4.96758e+06
124	4.96971e+06
125	4.96023e+06
126	4.95692e+06
127	4.95358e+06
128	4.95575e+06
129	4.95894e+06
130	4.96651e+06
131	4.96846e+06
132	4.97712e+06
133	4.98297e+06
134	4.9865e+06
135	4.98972e+06
136	4.99271e+06
137	4.99406e+06
138	4.99416e+06
139	4.99416e+06
140	4.99421e+06
141	4.99479e+06
142	4.99469e+06
143	4.99469e+06
144	4.99492e+06
145	4.99492e+06
146	4.99492e+06
147	4.99492e+06
148	4.99492e+06
149	4.99492e+06
150	4.99492e+06
151	4.99492e+06
152	4.99492e+06
153	4.99492e+06
154	4.99492e+06
155	4.99492e+06
156	4.99492e+06
157	4.99492e+06
158	4.99492e+06
159	4.99492e+06
160	4.99492e+06
161	4.99492e+06
162	4.99492e+06
163	4.99492e+06
164	4.99492e+06
165	4.99492e+06
166	4.99492e+06
167	4.99492e+06
168	4.99492e+06
169	4.99492e+06
170	4.99492e+06
171	4.99492e+06
172	4.99492e+06
173	4.99492e+06
174	4.99492e+06
175	4.99492e+06
176	4.99492e+06
177	4.99492e+06
178	4.99492e+06
179	4.99492e+06
180	4.99898e+06
