Generation	Geometric_mean
1	217.898
2	217.898
3	217.898
4	217.898
5	99516.8
6	99516.8
7	99516.8
8	99516.8
9	100696
10	100901
11	101654
12	101654
13	101934
14	103365
15	102269
16	100696
17	102320
18	104190
19	103493
20	103202
21	105072
22	106135
23	108294
24	108893
25	111384
26	112901
27	112221
28	112228
29	110566
30	107449
31	105837
32	106014
33	105881
34	105015
35	105701
36	103001
37	103583
38	104319
39	103532
40	97814
41	91586.6
42	85953
43	83094.8
44	83469.8
45	83811.5
46	83000.1
47	80407.3
48	78410.2
49	72525.9
50	71605.5
51	70614.6
52	70013.1
53	70481.8
54	68851.7
55	64662.2
56	64346.2
57	62636.3
58	62602.7
59	61344.9
60	59815.3
61	58000.2
62	56259.7
63	49318.3
64	43225
65	29634
66	19756.5
67	11864.3
68	3552.01
69	2172.48
70	1723.13
71	1358.06
72	1139.49
73	1068.43
74	1002.81
75	930.711
76	891.592
77	839.861
78	837.051
79	834.227
80	794.345
81	793.669
82	787.22
83	778.847
84	815.181
85	830.428
86	859.737
87	904.402
88	931.445
89	992.125
90	1059.7
91	1613.12
92	3716.51
93	8457.42
94	23037.4
95	32594.1
96	103330
97	221694
98	552743
99	663820
100	813328
101	1.00187e+06
102	1.11619e+06
103	1.14487e+06
104	1.3297e+06
105	1.47289e+06
106	1.77815e+06
107	2.13382e+06
108	2.43489e+06
109	2.50823e+06
110	2.54563e+06
111	2.53829e+06
112	2.50833e+06
113	2.49784e+06
114	2.49141e+06
115	2.45633e+06
116	2.47319e+06
117	2.46348e+06
118	2.43021e+06
119	2.40145e+06
120	2.40377e+06
121	2.41029e+06
122	2.39576e+06
123	2.39017e+06
124	2.38529e+06
125	2.38762e+06
126	2.37324e+06
127	2.38202e+06
128	2.35428e+06
129	2.34126e+06
130	2.33872e+06
131	2.33951e+06
132	2.33781e+06
133	2.34611e+06
134	2.36271e+06
135	2.37201e+06
136	2.40344e+06
137	2.47853e+06
138	2.53612e+06
139	2.56467e+06
140	2.58544e+06
141	2.58906e+06
142	2.5923e+06
143	2.62839e+06
144	2.63328e+06
145	2.64931e+06
146	2.65688e+06
147	2.68189e+06
148	2.73345e+06
149	2.79148e+06
150	2.8598e+06
151	2.96808e+06
152	3.05528e+06
153	3.0747e+06
154	3.09605e+06
155	3.09955e+06
156	3.1081e+06
157	3.1081e+06
158	3.1081e+06
159	3.1081e+06
160	3.1081e+06
161	3.1081e+06
162	3.1081e+06
163	3.1081e+06
164	3.1081e+06
165	3.1081e+06
166	3.1081e+06
167	3.1081e+06
168	3.1081e+06
169	3.1081e+06
170	3.1081e+06
171	3.1081e+06
172	3.1081e+06
173	3.1081e+06
174	3.1081e+06
175	3.1081e+06
176	3.1081e+06
177	3.1081e+06
178	3.1081e+06
179	3.1081e+06
180	3.1081e+06
181	3.1081e+06
182	3.1081e+06
183	3.1081e+06
184	3.1081e+06
185	3.1081e+06
186	3.1081e+06
187	3.1081e+06
188	3.1081e+06
189	3.1081e+06
190	3.1081e+06
191	3.1081e+06
192	3.1081e+06
193	3.1081e+06
194	3.1081e+06
195	3.1081e+06
196	3.1081e+06
197	3.03773e+06
