Generation	Geometric_mean
1	232.649
2	232.649
3	232.649
4	232.649
5	265015
6	265015
7	265015
8	265015
9	294038
10	292194
11	290852
12	290708
13	305716
14	318449
15	321919
16	324256
17	335427
18	359159
19	364256
20	367588
21	358120
22	346691
23	342707
24	333251
25	328573
26	330154
27	323533
28	326551
29	329732
30	333539
31	334164
32	325089
33	321345
34	320357
35	307695
36	302151
37	294324
38	288669
39	285699
40	286877
41	285326
42	279553
43	282802
44	278221
45	280356
46	279906
47	266305
48	262521
49	252067
50	247279
51	248196
52	246706
53	248533
54	254436
55	254434
56	255670
57	249478
58	239116
59	236659
60	231363
61	225289
62	216478
63	203868
64	194370
65	184201
66	174861
67	169463
68	160565
69	150874
70	144873
71	133446
72	119908
73	109929
74	100684
75	91726
76	84765.8
77	79747.9
78	77215.3
79	78197.1
80	77262.9
81	62593.4
82	52597.8
83	36208.3
84	25511.7
85	17780.8
86	8973.86
87	5976.91
88	3150.01
89	2325.24
90	1494.63
91	1008.05
92	922.832
93	861.139
94	806.251
95	747.522
96	717.976
97	711.1
98	697.5
99	710.972
100	730.226
101	735.513
102	763.64
103	791.175
104	790.489
105	826.735
106	848.841
107	1037.55
108	1099.57
109	1306.7
110	1925.78
111	3260.65
112	5058.17
113	12657.2
114	32876.7
115	65236.4
116	86816
117	108841
118	117113
119	125235
120	140174
121	148203
122	156751
123	171396
124	196644
125	204125
126	220891
127	244343
128	281277
129	301714
130	319874
131	323047
132	324831
133	329481
134	353394
135	354039
136	383113
137	419226
138	439561
139	448860
140	458965
141	477592
142	484893
143	511154
144	560203
145	612544
146	651044
147	672152
148	683451
149	688046
150	691737
151	703161
152	710350
153	722148
154	742577
155	764316
156	776892
157	783364
158	795587
159	799294
160	801237
161	803189
162	803189
163	803189
164	803189
165	803189
166	803189
167	803189
168	803189
169	803189
170	803189
171	803189
172	803189
173	803189
174	803189
175	803189
176	803189
177	803189
178	803189
179	803189
180	803189
181	803189
182	803189
183	803189
184	803189
185	803189
186	803189
187	803189
188	803189
189	803189
190	803189
191	803189
192	803189
193	803189
194	803189
195	803189
196	803189
197	804058
