Generation	Geometric_mean
1	204.635
2	204.635
3	204.635
4	204.635
5	198930
6	198930
7	198930
8	198930
9	195325
10	193511
11	194000
12	193562
13	194724
14	199415
15	196799
16	196488
17	194857
18	193215
19	191376
20	191094
21	191683
22	191361
23	187384
24	187838
25	187098
26	185121
27	192620
28	189414
29	189116
30	186869
31	182564
32	181364
33	180114
34	179782
35	179182
36	178731
37	173792
38	174977
39	174600
40	170325
41	171407
42	173592
43	179942
44	180041
45	182888
46	179865
47	184260
48	183959
49	182714
50	185503
51	185366
52	180334
53	182287
54	178543
55	177746
56	178510
57	178251
58	179482
59	178002
60	176523
61	176496
62	175422
63	178288
64	178001
65	174882
66	173526
67	171819
68	168571
69	156050
70	152808
71	124525
72	96807.2
73	76774.3
74	51782.3
75	40737.1
76	30307.8
77	23276.1
78	14761.7
79	10376.6
80	9246.14
81	7318.39
82	6482.69
83	6030.9
84	5681.89
85	5531.29
86	5312.71
87	5186.87
88	5070.27
89	4904.31
90	4831.15
91	4807.61
92	4694.45
93	4534.3
94	4465.8
95	4290.68
96	4187.6
97	4126.76
98	4083.05
99	4037.31
100	4007.16
101	3972.74
102	3853.59
103	3898.06
104	3870.04
105	3804.21
106	3694.33
107	3681.04
108	3676.05
109	3680.15
110	3612.93
111	3523.05
112	3451.18
113	3427.02
114	3374.82
115	3379.36
116	3362.78
117	3337.01
118	3208.47
119	3089.93
120	3048.65
121	2993.48
122	2968.19
123	2917.07
124	2872.3
125	2826.06
126	2785.96
127	2741.44
128	2678.44
129	2641.78
130	2597.54
131	2581.01
132	2596.61
133	2577.14
134	2539.08
135	2544.9
136	2563.83
137	2573.48
138	2615.02
139	2653.32
140	2658.63
141	2663.01
142	2607.7
143	2554.73
144	2540.12
145	2583.42
146	2635.15
147	2667.43
148	2720.36
149	2854.59
150	3005.42
151	3087.65
152	3203.84
153	3371.87
154	3558.47
155	3834.64
156	4058.76
157	4261.08
158	4553.08
159	4811.6
160	5243.91
161	5567.06
162	5740.24
163	5779.46
164	5803.21
165	5847.14
166	5914.77
167	6003.24
168	6024.05
169	6024.05
170	6024.05
171	6024.05
172	6024.05
173	6024.05
174	6024.05
175	6024.05
176	6024.05
177	6024.05
178	6024.05
179	6024.05
180	6024.05
181	6024.05
182	6024.05
183	6024.05
184	6024.05
185	6024.05
186	6024.05
187	6024.05
188	6024.05
189	6024.05
190	6024.05
191	6024.05
192	6024.05
193	6024.05
194	6024.05
195	6024.05
196	6024.05
197	6249.51
