Generation	Geometric_mean
1	618.971
2	618.971
3	618.971
4	618.971
5	549.343
6	519.603
7	518.823
8	518.591
9	490.652
10	460.294
11	457.153
12	462.148
13	1874.75
14	46218.8
15	155270
16	208067
17	206299
18	208450
19	196333
20	193295
21	193865
22	191425
23	201556
24	206806
25	207564
26	209846
27	216697
28	219605
29	221138
30	225656
31	222237
32	225329
33	221291
34	218052
35	215476
36	210707
37	206602
38	205700
39	207649
40	211086
41	212213
42	214976
43	208947
44	203807
45	201990
46	199384
47	202440
48	206298
49	211249
50	217003
51	221493
52	226803
53	227500
54	226652
55	226354
56	222278
57	220093
58	221839
59	220486
60	220949
61	223185
62	221768
63	220239
64	224661
65	229418
66	233043
67	234652
68	228625
69	218896
70	217462
71	222030
72	226704
73	234325
74	239030
75	243614
76	237271
77	233971
78	230858
79	230739
80	233861
81	241216
82	252059
83	252860
84	250418
85	252751
86	248338
87	247304
88	244861
89	250303
90	256640
91	265763
92	265523
93	260792
94	253720
95	248316
96	245979
97	244781
98	240135
99	236019
100	239704
101	239618
102	236764
103	236166
104	228373
105	224907
106	214836
107	207939
108	202526
109	199633
110	202178
111	204769
112	200163
113	197575
114	194058
115	192938
116	190545
117	190674
118	188229
119	186578
120	185974
121	184383
122	185517
123	187879
124	183482
125	181923
126	177053
127	174804
128	167564
129	161450
130	158260
131	156498
132	153114
133	154521
134	155245
135	157910
136	155811
137	155191
138	154035
139	147786
140	146111
141	137459
142	128340
143	122458
144	117438
145	115483
146	113512
147	111304
148	109743
149	107457
150	106703
151	102941
152	100757
153	98138.3
154	95799.2
155	93233.4
156	91010.3
157	90074.6
158	88597
159	87247.3
160	85187.4
161	84327.4
162	84327.4
163	83913.3
164	83913.3
165	83913.3
166	83499.6
167	83499.6
168	82185.6
169	81314.5
170	79643.8
171	79643.8
172	79643.8
173	79643.8
174	79643.8
175	79643.8
176	79643.8
177	79643.8
178	79643.8
179	79643.8
180	78876.4
181	78147.1
182	76689.2
183	69205.8
184	56645.5
185	35890.1
186	19321
187	10720
188	5010.5
189	3100.76
190	2374.7
191	1968.88
192	1876.53
193	1858.98
194	1858.98
195	1858.98
196	1858.98
197	1820.69
