Generation	Geometric_mean
1	243.778
2	243.778
3	243.778
4	243.778
5	42954.4
6	42954.4
7	42954.4
8	42954.4
9	45545.8
10	46204
11	46073
12	45975.7
13	48380.4
14	50413.5
15	51616.1
16	52157.8
17	53355.1
18	53511.4
19	54212.7
20	53203.2
21	52129.2
22	50992.8
23	49753.8
24	48595.8
25	47217.5
26	47345.8
27	46691.3
28	45850.2
29	45382.6
30	45470.5
31	45327.4
32	44237.8
33	43699.9
34	42816.6
35	43223.6
36	44116.4
37	44183.2
38	43540.8
39	42648.1
40	42211.9
41	41108
42	38884.4
43	37359.4
44	36106.5
45	31915.1
46	29026.5
47	25471.4
48	22703.4
49	18319.4
50	14852.6
51	12797.3
52	11278.2
53	10619.1
54	10222.3
55	9898.54
56	8994.23
57	8088.54
58	7349.5
59	6646.51
60	5866.55
61	5319.07
62	4962.57
63	4900.14
64	4773.62
65	4558
66	4432.82
67	4337.44
68	4153.5
69	3999.52
70	3783.46
71	3728.72
72	3623.41
73	3668.2
74	3644.16
75	3629.07
76	3634.14
77	3602.9
78	3645.94
79	3587.73
80	3605.74
81	3565.88
82	3486.97
83	3490.31
84	3554.88
85	3621.19
86	3708.01
87	3721.3
88	3714.95
89	3713.27
90	3690.1
91	3630.24
92	3613.68
93	3622.55
94	3674.89
95	3847.42
96	3956.12
97	3982.05
98	3977.39
99	4013.97
100	4080.18
101	4143.59
102	4224.18
103	4352.7
104	4305.26
105	4343.77
106	4455.44
107	4466.17
108	4509.09
109	4564.03
110	4609.29
111	4677.24
112	4793.47
113	4856.41
114	4858.68
115	4837.85
116	4843.15
117	4857.34
118	4904.72
119	4963.14
120	5083.26
121	5141.83
122	5223.15
123	5303.8
124	5278.86
125	5328.44
126	5299.54
127	5406.5
128	5408.24
129	5415.2
130	5393.13
131	5430.73
132	5351.07
133	5308.46
134	5308.98
135	5320.74
136	5299.61
137	5234.24
138	5237.34
139	5179.77
140	5144.02
141	5074.58
142	5040.42
143	4969.71
144	4913.38
145	4872.93
146	4802.93
147	4764.37
148	4701.3
149	4667.71
150	4588.67
151	4507.41
152	4468.35
153	4408.69
154	4360.72
155	4341.31
156	4336.52
157	4272.74
158	4239.86
159	4214.1
160	4190.26
161	4180.47
162	4167.57
163	4150.09
164	4145.61
165	4142.31
166	4142.31
167	4142.31
168	4142.31
169	4142.31
170	4142.31
171	4142.31
172	4142.31
173	4142.31
174	4142.31
175	4142.31
176	4142.31
177	4142.31
178	4142.31
179	4142.31
180	4142.31
181	4142.31
182	4142.31
183	4142.31
184	4142.31
185	4142.31
186	4142.31
187	4142.31
188	4142.31
189	4142.31
190	4142.31
191	4142.31
192	4142.31
193	4142.31
194	4142.31
195	4142.31
196	4142.31
197	3975.65
