Generation	Geometric_mean
1	274.579
2	274.579
3	274.579
4	274.579
5	121428
6	121428
7	121428
8	121428
9	123673
10	127514
11	127863
12	128718
13	131804
14	132297
15	133175
16	132624
17	135699
18	137916
19	138522
20	141191
21	141127
22	140319
23	135723
24	131394
25	128986
26	128265
27	126643
28	126137
29	126051
30	122494
31	119838
32	117391
33	115959
34	115639
35	111894
36	111315
37	110315
38	109505
39	107501
40	104448
41	105118
42	104569
43	104891
44	105789
45	105891
46	104592
47	100249
48	95322.1
49	95359.7
50	95579.7
51	92571.7
52	90016.6
53	89624.9
54	87353.9
55	85827.1
56	84188.4
57	81649.1
58	78409.3
59	76171.9
60	72642.7
61	68710.9
62	66802.2
63	64416.6
64	62202.6
65	52499.4
66	46321.8
67	44318.3
68	37352.9
69	31560.1
70	14947.9
71	7525.63
72	3696.52
73	2059.45
74	1256.87
75	1115.07
76	1018.17
77	972.059
78	880.335
79	852.88
80	812.036
81	766.085
82	761.768
83	765.147
84	758.976
85	768.237
86	775.724
87	785.689
88	799.117
89	835.972
90	832.632
91	856.755
92	899.583
93	988.262
94	1079.71
95	1427.88
96	2501.52
97	9237.89
98	64928.1
99	246233
100	370548
101	466651
102	681193
103	749506
104	855784
105	1.0494e+06
106	1.22193e+06
107	1.40578e+06
108	1.69643e+06
109	2.06918e+06
110	2.16793e+06
111	2.22613e+06
112	2.24648e+06
113	2.2312e+06
114	2.22039e+06
115	2.24426e+06
116	2.26352e+06
117	2.30609e+06
118	2.32763e+06
119	2.321e+06
120	2.2675e+06
121	2.50517e+06
122	2.65386e+06
123	2.9036e+06
124	2.95615e+06
125	3.04123e+06
126	3.084e+06
127	3.12453e+06
128	3.16096e+06
129	3.18232e+06
130	3.18735e+06
131	3.20148e+06
132	3.17045e+06
133	3.14587e+06
134	3.13583e+06
135	3.15665e+06
136	3.19519e+06
137	3.24199e+06
138	3.25135e+06
139	3.25154e+06
140	3.25411e+06
141	3.24617e+06
142	3.27947e+06
143	3.32569e+06
144	3.4018e+06
145	3.44325e+06
146	3.47509e+06
147	3.53172e+06
148	3.56966e+06
149	3.58638e+06
150	3.57368e+06
151	3.60584e+06
152	3.60928e+06
153	3.6137e+06
154	3.62977e+06
155	3.6253e+06
156	3.63305e+06
157	3.64667e+06
158	3.65333e+06
159	3.67874e+06
160	3.687e+06
161	3.71246e+06
162	3.71964e+06
163	3.72013e+06
164	3.72013e+06
165	3.72013e+06
166	3.72013e+06
167	3.72013e+06
168	3.72013e+06
169	3.72013e+06
170	3.72013e+06
171	3.72013e+06
172	3.72013e+06
173	3.72013e+06
174	3.72013e+06
175	3.72013e+06
176	3.72013e+06
177	3.72013e+06
178	3.72013e+06
179	3.72013e+06
180	3.72013e+06
181	3.72013e+06
182	3.72013e+06
183	3.72013e+06
184	3.72013e+06
185	3.72013e+06
186	3.72013e+06
187	3.72013e+06
188	3.72013e+06
189	3.72013e+06
190	3.72013e+06
191	3.72013e+06
192	3.72013e+06
193	3.72013e+06
194	3.72013e+06
195	3.72013e+06
196	3.72013e+06
197	3.71094e+06
