Generation	Geometric_mean
1	161.811
2	161.811
3	161.811
4	161.811
5	4.27179e+06
6	4.27179e+06
7	4.27179e+06
8	4.27179e+06
9	4.67996e+06
10	4.73508e+06
11	4.73988e+06
12	4.73966e+06
13	4.78108e+06
14	4.80056e+06
15	4.8123e+06
16	4.81903e+06
17	4.81025e+06
18	4.7961e+06
19	4.79274e+06
20	4.79237e+06
21	4.81149e+06
22	4.83061e+06
23	4.85032e+06
24	4.85745e+06
25	4.85483e+06
26	4.86307e+06
27	4.85699e+06
28	4.85823e+06
29	4.85162e+06
30	4.84246e+06
31	4.84245e+06
32	4.83765e+06
33	4.83168e+06
34	4.82447e+06
35	4.82622e+06
36	4.81201e+06
37	4.82647e+06
38	4.84209e+06
39	4.84171e+06
40	4.84599e+06
41	4.84703e+06
42	4.84567e+06
43	4.84103e+06
44	4.8431e+06
45	4.83973e+06
46	4.82534e+06
47	4.839e+06
48	4.83346e+06
49	4.82999e+06
50	4.84932e+06
51	4.85048e+06
52	4.85233e+06
53	4.86877e+06
54	4.86018e+06
55	4.85224e+06
56	4.85626e+06
57	4.85217e+06
58	4.85277e+06
59	4.85933e+06
60	4.84938e+06
61	4.84143e+06
62	4.84375e+06
63	4.84654e+06
64	4.85359e+06
65	4.86189e+06
66	4.85742e+06
67	4.85059e+06
68	4.84425e+06
69	4.84356e+06
70	4.81725e+06
71	4.8098e+06
72	4.80659e+06
73	4.79582e+06
74	4.80367e+06
75	4.83445e+06
76	4.83878e+06
77	4.84437e+06
78	4.83896e+06
79	4.82109e+06
80	4.82307e+06
81	4.8266e+06
82	4.82837e+06
83	4.83823e+06
84	4.84023e+06
85	4.83638e+06
86	4.81614e+06
87	4.81255e+06
88	4.782e+06
89	4.76126e+06
90	4.77218e+06
91	4.76695e+06
92	4.75535e+06
93	4.75878e+06
94	4.76601e+06
95	4.76553e+06
96	4.80279e+06
97	4.82681e+06
98	4.82149e+06
99	4.83221e+06
100	4.82995e+06
101	4.79712e+06
102	4.81275e+06
103	4.81484e+06
104	4.82437e+06
105	4.84067e+06
106	4.84744e+06
107	4.83309e+06
108	4.8232e+06
109	4.82351e+06
110	4.82657e+06
111	4.83897e+06
112	4.84343e+06
113	4.84003e+06
114	4.83392e+06
115	4.79457e+06
116	4.75656e+06
117	4.73449e+06
118	4.71118e+06
119	4.72826e+06
120	4.75686e+06
121	4.77676e+06
122	4.78701e+06
123	4.79983e+06
124	4.81716e+06
125	4.81382e+06
126	4.81339e+06
127	4.82172e+06
128	4.81596e+06
129	4.80954e+06
130	4.82021e+06
131	4.82521e+06
132	4.83614e+06
133	4.84758e+06
134	4.85297e+06
135	4.85878e+06
136	4.85526e+06
137	4.86799e+06
138	4.88584e+06
139	4.89937e+06
140	4.91282e+06
141	4.92542e+06
142	4.93333e+06
143	4.93865e+06
144	4.93837e+06
145	4.93877e+06
146	4.94011e+06
147	4.93986e+06
148	4.9401e+06
149	4.9401e+06
150	4.9401e+06
151	4.9401e+06
152	4.9401e+06
153	4.9401e+06
154	4.9401e+06
155	4.9401e+06
156	4.9401e+06
157	4.9401e+06
158	4.9401e+06
159	4.9401e+06
160	4.9401e+06
161	4.9401e+06
162	4.9401e+06
163	4.9401e+06
164	4.9401e+06
165	4.9401e+06
166	4.9401e+06
167	4.9401e+06
168	4.9401e+06
169	4.9401e+06
170	4.9401e+06
171	4.9401e+06
172	4.9401e+06
173	4.9401e+06
174	4.9401e+06
175	4.9401e+06
176	4.9401e+06
177	4.9401e+06
178	4.9401e+06
179	4.9401e+06
180	4.9401e+06
181	4.9401e+06
182	4.9401e+06
183	4.9401e+06
184	4.9401e+06
185	4.9401e+06
186	4.9401e+06
187	4.9401e+06
188	4.95414e+06
