Generation	Geometric_mean
1	336.16
2	336.16
3	336.16
4	336.16
5	589.249
6	664.335
7	1318.22
8	2350.57
9	24972.5
10	44115.6
11	45937.5
12	46528.8
13	47830.1
14	48760.5
15	49285.9
16	49537.5
17	50471.7
18	50815.7
19	49838.3
20	49364.5
21	49218.7
22	48309.6
23	47825.4
24	47756.1
25	46715.2
26	48047.8
27	49310.6
28	50126.8
29	49804.6
30	49631.6
31	49946.6
32	51559.9
33	51965.8
34	52343
35	52211.5
36	52327.6
37	52129.6
38	53463.9
39	54374.3
40	54505.1
41	55975.9
42	56769
43	57355.6
44	57356.7
45	57723
46	57919.8
47	57271.1
48	56801.2
49	56103.8
50	55155.8
51	53162.7
52	52775.4
53	52824.2
54	52073.3
55	51500.2
56	51155.1
57	50116
58	50619.1
59	51107.4
60	51397.4
61	53156.3
62	53430.6
63	54372.6
64	54689.5
65	55876.9
66	55987.2
67	54622.4
68	53371.9
69	52643.6
70	51917.8
71	51890.4
72	52478.1
73	52851.2
74	53483
75	53433
76	53763.4
77	53867.5
78	54050.3
79	55053.7
80	56422.5
81	56996.7
82	58051.7
83	59339.1
84	60239.3
85	61685.8
86	62445.3
87	62134
88	61780.7
89	61008.6
90	59342.8
91	58341.6
92	59046.4
93	58120.3
94	57041.5
95	56423.6
96	56138.1
97	56358.1
98	56441.6
99	56233.3
100	55513.8
101	55250.6
102	53681.6
103	49713.8
104	44811.9
105	37132.2
106	27547.3
107	18936
108	14935.9
109	12285.2
110	9122.71
111	6890.32
112	5644.93
113	5181.2
114	4780.64
115	4559.88
116	4356.35
117	4189.47
118	4082.47
119	4036.48
120	3926.07
121	3678.35
122	3395.49
123	3273.26
124	3213.92
125	3172.43
126	3128.08
127	3131.45
128	3123.16
129	3137.83
130	3155.09
131	3106.77
132	2995.06
133	2913.64
134	2907.39
135	2893.94
136	2868.3
137	2827.39
138	2816.06
139	2838.82
140	2853.74
141	2888.92
142	2902.49
143	2929.94
144	2950.77
145	2973.98
146	2996.94
147	3019.42
148	3025.21
149	3090.75
150	3131.62
151	3203.39
152	3235.74
153	3280.37
154	3369.01
155	3383.47
156	3411.24
157	3426.22
158	3451
159	3484.43
160	3504.66
161	3504.66
162	3532.41
163	3554.06
164	3587.19
165	3636.3
166	3705.29
167	3764.46
168	3773.78
169	3790.51
170	3790.51
171	3790.51
172	3790.51
173	3790.51
174	3790.51
175	3790.51
176	3790.51
177	3790.51
178	3790.51
179	3790.51
180	3790.51
181	3790.51
182	3790.51
183	3790.51
184	3790.51
185	3790.51
186	3790.51
187	3790.51
188	3790.51
189	3790.51
190	3790.51
191	3790.51
192	3790.51
193	3790.51
194	3790.51
195	3790.51
196	3790.51
197	4046.5
