Generation	Geometric_mean
1	229.207
2	229.207
3	229.207
4	229.207
5	50387
6	50387
7	50387
8	50387
9	51080.5
10	51548.4
11	51664.4
12	51950.4
13	53282.8
14	54421.8
15	54454.4
16	54811.6
17	55066.2
18	54168.1
19	53621.8
20	53971.2
21	54001.2
22	54592
23	55145.8
24	55457.3
25	53466.7
26	54521.4
27	55755.4
28	56563.6
29	57326.6
30	57314.1
31	56897.4
32	56053.2
33	56264.4
34	55001.9
35	52896.8
36	51248.8
37	50844.8
38	49057.6
39	48415.3
40	47587.8
41	47438.1
42	47335.1
43	47336.4
44	48355.8
45	47558.2
46	46949.5
47	46749
48	46616.8
49	45504.1
50	44492.2
51	43184.5
52	41888.9
53	40831.3
54	41390.9
55	41980.6
56	41288.2
57	40279.4
58	39540.3
59	39759.3
60	38545.8
61	39382.2
62	40143.9
63	40282.9
64	37293
65	30182.3
66	25797.5
67	20778.4
68	16259
69	13384.1
70	8724.88
71	5017.02
72	3551.65
73	2815.45
74	2138.39
75	1903.78
76	1611.1
77	1547.15
78	1429.87
79	1361.51
80	1291.34
81	1283.43
82	1266.07
83	1252.59
84	1220.66
85	1196.85
86	1175.24
87	1138.43
88	1133.08
89	1144.2
90	1135.98
91	1152.66
92	1145.45
93	1133.8
94	1131.8
95	1115.08
96	1115.17
97	1123.23
98	1148.46
99	1185.29
100	1231.31
101	1241.32
102	1264.31
103	1274.44
104	1284.95
105	1267.41
106	1254.88
107	1276.48
108	1317.52
109	1382.36
110	1413.26
111	1446.22
112	1537.84
113	1675.03
114	1950.8
115	2798.64
116	5704.11
117	12064.9
118	27963.2
119	49217.8
120	86640.8
121	291592
122	419049
123	621201
124	909593
125	944578
126	977303
127	960331
128	967366
129	1.03034e+06
130	1.08929e+06
131	1.09894e+06
132	1.16969e+06
133	1.19396e+06
134	1.2125e+06
135	1.23197e+06
136	1.25738e+06
137	1.30364e+06
138	1.32957e+06
139	1.33993e+06
140	1.35389e+06
141	1.38838e+06
142	1.49357e+06
143	1.53982e+06
144	1.57688e+06
145	1.625e+06
146	1.71606e+06
147	1.7451e+06
148	1.80137e+06
149	1.80367e+06
150	1.82707e+06
151	1.85629e+06
152	1.89252e+06
153	1.91222e+06
154	1.91333e+06
155	1.91889e+06
156	1.91871e+06
157	1.91914e+06
158	1.92604e+06
159	1.92604e+06
160	1.92604e+06
161	1.92604e+06
162	1.92604e+06
163	1.92604e+06
164	1.92604e+06
165	1.92604e+06
166	1.92604e+06
167	1.92604e+06
168	1.92604e+06
169	1.92604e+06
170	1.92604e+06
171	1.92604e+06
172	1.92604e+06
173	1.92604e+06
174	1.92604e+06
175	1.92604e+06
176	1.92604e+06
177	1.92604e+06
178	1.92604e+06
179	1.92604e+06
180	1.92604e+06
181	1.92604e+06
182	1.92604e+06
183	1.92604e+06
184	1.92604e+06
185	1.92604e+06
186	1.92604e+06
187	1.92604e+06
188	1.92604e+06
189	1.92604e+06
190	1.92604e+06
191	1.92604e+06
192	1.92604e+06
193	1.92604e+06
194	1.92604e+06
195	1.92604e+06
196	1.92604e+06
197	1.98076e+06
