Generation	Geometric_mean
1	319.093
2	319.093
3	319.093
4	319.093
5	833.917
6	841.772
7	1647.46
8	2228.19
9	13049.2
10	28930.8
11	26996.1
12	28106.8
13	29702.3
14	30573.2
15	31097
16	30891.2
17	29951.2
18	29678.2
19	29944.3
20	30482.6
21	31863
22	32416.6
23	32013.1
24	32038.4
25	32323.9
26	32694.3
27	32382.3
28	32524.2
29	32302.5
30	31896.8
31	31704.4
32	32046.5
33	32160.4
34	33798.4
35	34532.5
36	35150.1
37	35151.1
38	35537.1
39	35363.7
40	36119
41	37412.2
42	38464.1
43	39679.6
44	40288.3
45	40052.2
46	40195
47	40633.6
48	40564.1
49	41632.3
50	41654.1
51	41806.8
52	43304.7
53	44070.2
54	44736.8
55	45597.3
56	45182.8
57	45068.3
58	44605.7
59	44590.6
60	43269.8
61	42494.4
62	42091.8
63	41556.3
64	41108.6
65	40348.5
66	41028.8
67	40977.5
68	40717.5
69	40834.5
70	40203.7
71	40246.8
72	39961.7
73	39427.2
74	39869.3
75	40073
76	40323.9
77	40403
78	39757.6
79	40107.7
80	41361.5
81	41460.5
82	41442
83	41568.9
84	41555.4
85	41708.1
86	40734.2
87	40136
88	39031.9
89	38113.7
90	37308.6
91	36415.8
92	36889.6
93	37961.1
94	38973.4
95	39739.5
96	39775.2
97	38692.6
98	38987
99	39667.4
100	39745.6
101	40673.2
102	41279.2
103	40819.3
104	39155.3
105	36313.6
106	33476.4
107	32070.5
108	29113.2
109	27288.1
110	21508.8
111	17746.9
112	15421.6
113	12438.3
114	9965.71
115	8610.69
116	7542.34
117	6940.39
118	5891.87
119	5122.1
120	4578.87
121	4216.73
122	3997.74
123	3769.21
124	3646.5
125	3677.86
126	3600.79
127	3593.33
128	3530.69
129	3488.68
130	3457.71
131	3444.24
132	3370.54
133	3325.46
134	3275.87
135	3251.68
136	3183.14
137	3112.95
138	3064.09
139	3032.78
140	3031.06
141	3057.68
142	3088.88
143	3111.84
144	3164.76
145	3198.63
146	3226.35
147	3293.39
148	3364.16
149	3416.07
150	3454.88
151	3512.55
152	3592.5
153	3644.35
154	3688.21
155	3714.92
156	3733.31
157	3778.03
158	3810.47
159	3829.34
160	3850.47
161	3860.17
162	3865.62
163	3865.62
164	3865.62
165	3865.62
166	3865.62
167	3865.62
168	3865.62
169	3865.62
170	3865.62
171	3865.62
172	3865.62
173	3865.62
174	3865.62
175	3865.62
176	3865.62
177	3865.62
178	3865.62
179	3865.62
180	3865.62
181	3865.62
182	3865.62
183	3865.62
184	3865.62
185	3865.62
186	3865.62
187	3865.62
188	3865.62
189	3865.62
190	3865.62
191	3865.62
192	3865.62
193	3865.62
194	3865.62
195	3865.62
196	3865.62
197	4074.72
