Generation	Geometric_mean
1	81.451
2	81.451
3	81.451
4	81.451
5	22078.5
6	22078.5
7	22078.5
8	22078.5
9	25015.7
10	25931.4
11	25982.1
12	26034.7
13	26778.6
14	26766.2
15	26749.4
16	26894.6
17	28122.1
18	28808.8
19	28947.6
20	28846.4
21	28532.4
22	28336.4
23	27445.8
24	26461.3
25	25872.9
26	25648.1
27	25754.6
28	25639.9
29	25509.4
30	25406.8
31	24824.8
32	24253.3
33	23304.7
34	22795.5
35	22264
36	22115.9
37	22199.2
38	22189.9
39	22331.4
40	21974.2
41	21373.7
42	21131.6
43	20848.9
44	20720.6
45	20500.3
46	20375.7
47	19818.2
48	19543.5
49	19468.1
50	18890.2
51	18662.9
52	18862.2
53	19011.7
54	19144.3
55	18602
56	18347.3
57	17661.9
58	16522.6
59	16293.5
60	15919.3
61	15969.5
62	15866
63	15972.8
64	15436.4
65	14122.9
66	13126.7
67	12228.8
68	11409.1
69	11267.8
70	10677.8
71	9671
72	9086.78
73	8694.95
74	7331.48
75	6517.93
76	4291.71
77	2266.03
78	1148.23
79	497.462
80	258.619
81	216.33
82	199.603
83	166.785
84	155.788
85	154.92
86	153.623
87	152.211
88	140.579
89	134.972
90	128.33
91	124.142
92	129.248
93	129.523
94	127.915
95	128.938
96	128.01
97	130.759
98	142.485
99	149.017
100	153.175
101	174.273
102	363.627
103	678.797
104	1946.07
105	6718.41
106	16455.5
107	26204.7
108	42705.1
109	118636
110	181484
111	251279
112	276192
113	298119
114	319515
115	336307
116	357744
117	364375
118	372146
119	387276
120	396657
121	399273
122	424154
123	436238
124	471685
125	503565
126	568242
127	583860
128	592109
129	588875
130	591812
131	589769
132	590561
133	593490
134	582934
135	586455
136	614475
137	640071
138	697248
139	719089
140	724017
141	731353
142	728556
143	733968
144	763307
145	803761
146	824271
147	832545
148	847098
149	858683
150	871065
151	886608
152	894254
153	893549
154	895037
155	893539
156	893077
157	893077
158	893077
159	893077
160	893077
161	893077
162	893077
163	893077
164	893077
165	893077
166	893077
167	893077
168	893077
169	893077
170	893077
171	893077
172	893077
173	893077
174	893077
175	893077
176	893077
177	893077
178	893077
179	893077
180	893077
181	893077
182	893077
183	893077
184	893077
185	893077
186	893077
187	893077
188	893077
189	893077
190	893077
191	893077
192	893077
193	893077
194	893077
195	893077
196	926576
