Generation	Geometric_mean
1	132.893
2	132.893
3	132.893
4	132.893
5	4.33317e+06
6	4.33317e+06
7	4.33317e+06
8	4.33317e+06
9	4.47711e+06
10	4.48594e+06
11	4.48056e+06
12	4.47976e+06
13	4.56474e+06
14	4.59152e+06
15	4.61201e+06
16	4.62742e+06
17	4.69715e+06
18	4.76798e+06
19	4.79628e+06
20	4.80447e+06
21	4.7923e+06
22	4.79308e+06
23	4.79229e+06
24	4.79782e+06
25	4.81089e+06
26	4.81292e+06
27	4.8252e+06
28	4.8115e+06
29	4.80757e+06
30	4.8116e+06
31	4.81411e+06
32	4.81305e+06
33	4.81791e+06
34	4.81993e+06
35	4.81908e+06
36	4.82609e+06
37	4.82574e+06
38	4.8266e+06
39	4.80635e+06
40	4.78684e+06
41	4.78134e+06
42	4.78766e+06
43	4.80619e+06
44	4.83055e+06
45	4.82759e+06
46	4.83727e+06
47	4.82626e+06
48	4.82446e+06
49	4.82578e+06
50	4.83684e+06
51	4.84114e+06
52	4.82149e+06
53	4.82016e+06
54	4.80162e+06
55	4.78128e+06
56	4.80016e+06
57	4.80894e+06
58	4.83207e+06
59	4.85513e+06
60	4.8491e+06
61	4.83374e+06
62	4.80593e+06
63	4.78649e+06
64	4.76978e+06
65	4.78122e+06
66	4.76908e+06
67	4.79167e+06
68	4.78354e+06
69	4.78949e+06
70	4.80661e+06
71	4.8046e+06
72	4.81063e+06
73	4.81883e+06
74	4.82529e+06
75	4.83322e+06
76	4.82863e+06
77	4.8176e+06
78	4.81788e+06
79	4.80633e+06
80	4.79761e+06
81	4.78974e+06
82	4.78086e+06
83	4.77378e+06
84	4.76057e+06
85	4.73142e+06
86	4.72203e+06
87	4.72452e+06
88	4.72921e+06
89	4.735e+06
90	4.73749e+06
91	4.74956e+06
92	4.76222e+06
93	4.7958e+06
94	4.81047e+06
95	4.81325e+06
96	4.81523e+06
97	4.79628e+06
98	4.78762e+06
99	4.78427e+06
100	4.7813e+06
101	4.78964e+06
102	4.78662e+06
103	4.77892e+06
104	4.76318e+06
105	4.7589e+06
106	4.7511e+06
107	4.74259e+06
108	4.70295e+06
109	4.68947e+06
110	4.69905e+06
111	4.71093e+06
112	4.72051e+06
113	4.76915e+06
114	4.78295e+06
115	4.79295e+06
116	4.81137e+06
117	4.82358e+06
118	4.81326e+06
119	4.80565e+06
120	4.80707e+06
121	4.80502e+06
122	4.80172e+06
123	4.80474e+06
124	4.80887e+06
125	4.81886e+06
126	4.82759e+06
127	4.84539e+06
128	4.85734e+06
129	4.86538e+06
130	4.87778e+06
131	4.89148e+06
132	4.90607e+06
133	4.92165e+06
134	4.92367e+06
135	4.92933e+06
136	4.93467e+06
137	4.93608e+06
138	4.93717e+06
139	4.93828e+06
140	4.93804e+06
141	4.93804e+06
142	4.93804e+06
143	4.93804e+06
144	4.93804e+06
145	4.93804e+06
146	4.93804e+06
147	4.93804e+06
148	4.93804e+06
149	4.93804e+06
150	4.93804e+06
151	4.93804e+06
152	4.93804e+06
153	4.93804e+06
154	4.93804e+06
155	4.93804e+06
156	4.93804e+06
157	4.93804e+06
158	4.93804e+06
159	4.93804e+06
160	4.93804e+06
161	4.93804e+06
162	4.93804e+06
163	4.93804e+06
164	4.93804e+06
165	4.93804e+06
166	4.93804e+06
167	4.93804e+06
168	4.93804e+06
169	4.93804e+06
170	4.93804e+06
171	4.93804e+06
172	4.93804e+06
173	4.93804e+06
174	4.93804e+06
175	4.94253e+06
