Generation	Geometric_mean
1	238.441
2	238.441
3	238.441
4	238.441
5	217353
6	217353
7	217353
8	217353
9	238739
10	248153
11	248170
12	248202
13	261489
14	261046
15	259092
16	260427
17	272669
18	278643
19	277719
20	281632
21	276268
22	272809
23	271009
24	265753
25	270557
26	270835
27	267117
28	266535
29	266936
30	266092
31	269089
32	275664
33	274633
34	271519
35	268825
36	263417
37	262161
38	263686
39	263376
40	268145
41	265288
42	261275
43	266334
44	259699
45	260289
46	259771
47	260775
48	259361
49	255387
50	253962
51	251894
52	242471
53	234809
54	226232
55	223652
56	222415
57	217495
58	215760
59	205828
60	199243
61	193018
62	191584
63	188705
64	172343
65	160744
66	155144
67	143909
68	133723
69	127883
70	124700
71	117969
72	111452
73	103179
74	97102.7
75	93456.2
76	90243.6
77	86362.8
78	82349
79	77972.7
80	71373.7
81	66885.3
82	61050
83	53427.6
84	49788
85	46761
86	44165.7
87	41296.9
88	40214.8
89	39068.1
90	37713.7
91	36831.6
92	33566.6
93	25332.6
94	17510.5
95	8643.7
96	5715.22
97	3452.44
98	1748.83
99	1131.68
100	849.978
101	762.838
102	700.648
103	628.16
104	597.7
105	583.943
106	557.948
107	543.782
108	543.601
109	535.531
110	533.332
111	536.718
112	536.234
113	542.417
114	551.175
115	547.936
116	562.685
117	576.936
118	589.159
119	605.649
120	634.068
121	729.547
122	945.674
123	2482.01
124	5214.47
125	14826.7
126	40999.7
127	86470
128	112530
129	125006
130	133351
131	147602
132	156888
133	177951
134	181829
135	189042
136	200351
137	227112
138	257611
139	266398
140	270683
141	279254
142	287282
143	295041
144	304961
145	309738
146	318501
147	324498
148	331994
149	336534
150	355504
151	367484
152	371793
153	377657
154	380800
155	383637
156	386944
157	388868
158	390352
159	390794
160	390819
161	390819
162	390819
163	390819
164	390819
165	390819
166	390819
167	390819
168	390819
169	390819
170	390819
171	390819
172	390819
173	390819
174	390819
175	390819
176	390819
177	390819
178	390819
179	390819
180	390819
181	390819
182	390819
183	390819
184	390819
185	390819
186	390819
187	390819
188	390819
189	390819
190	390819
191	390819
192	390819
193	390819
194	390819
195	390819
196	390819
197	403614
