Generation	Geometric_mean
1	137.062
2	137.062
3	137.062
4	137.062
5	3.83647e+06
6	3.83647e+06
7	3.83647e+06
8	3.83647e+06
9	3.87601e+06
10	3.91539e+06
11	3.91887e+06
12	3.92904e+06
13	4.01296e+06
14	4.08314e+06
15	4.12513e+06
16	4.13981e+06
17	4.13949e+06
18	4.13945e+06
19	4.1403e+06
20	4.16733e+06
21	4.21067e+06
22	4.24757e+06
23	4.27757e+06
24	4.32382e+06
25	4.32908e+06
26	4.37205e+06
27	4.3418e+06
28	4.32482e+06
29	4.29354e+06
30	4.2524e+06
31	4.24937e+06
32	4.25798e+06
33	4.28907e+06
34	4.29279e+06
35	4.28976e+06
36	4.30433e+06
37	4.30206e+06
38	4.27833e+06
39	4.33099e+06
40	4.33592e+06
41	4.3265e+06
42	4.28767e+06
43	4.24988e+06
44	4.24179e+06
45	4.24803e+06
46	4.24596e+06
47	4.24299e+06
48	4.23078e+06
49	4.21674e+06
50	4.20956e+06
51	4.22914e+06
52	4.18716e+06
53	4.18121e+06
54	4.17668e+06
55	4.17158e+06
56	4.15153e+06
57	4.13358e+06
58	4.14035e+06
59	4.09173e+06
60	4.07964e+06
61	4.04808e+06
62	4.08434e+06
63	4.07767e+06
64	4.10498e+06
65	4.08272e+06
66	4.04388e+06
67	4.06117e+06
68	4.01212e+06
69	4.01975e+06
70	4.06573e+06
71	4.08714e+06
72	4.11938e+06
73	4.149e+06
74	4.16195e+06
75	4.17763e+06
76	4.19173e+06
77	4.18516e+06
78	4.14823e+06
79	4.11978e+06
80	4.11556e+06
81	4.08941e+06
82	4.11388e+06
83	4.13612e+06
84	4.06339e+06
85	4.02297e+06
86	4.01067e+06
87	3.96404e+06
88	3.9217e+06
89	3.89887e+06
90	3.86483e+06
91	3.83784e+06
92	3.88757e+06
93	3.90831e+06
94	3.88007e+06
95	3.88026e+06
96	3.8493e+06
97	3.82331e+06
98	3.81395e+06
99	3.80522e+06
100	3.8247e+06
101	3.85587e+06
102	3.89412e+06
103	3.9057e+06
104	3.88917e+06
105	3.86899e+06
106	3.86124e+06
107	3.83948e+06
108	3.85782e+06
109	3.84468e+06
110	3.8471e+06
111	3.84945e+06
112	3.81098e+06
113	3.77709e+06
114	3.74273e+06
115	3.73304e+06
116	3.73217e+06
117	3.73057e+06
118	3.71178e+06
119	3.67879e+06
120	3.66616e+06
121	3.7156e+06
122	3.75988e+06
123	3.81216e+06
124	3.7999e+06
125	3.77368e+06
126	3.8112e+06
127	3.82792e+06
128	3.83296e+06
129	3.83689e+06
130	3.84484e+06
131	3.8627e+06
132	3.84505e+06
133	3.82465e+06
134	3.80293e+06
135	3.78036e+06
136	3.80475e+06
137	3.80068e+06
138	3.77128e+06
139	3.69809e+06
140	3.58383e+06
141	3.4048e+06
142	3.1339e+06
143	2.98704e+06
144	2.82913e+06
145	2.76949e+06
146	2.61704e+06
147	2.46918e+06
148	2.35569e+06
149	2.20526e+06
150	2.00471e+06
151	1.77452e+06
152	1.67017e+06
153	1.54508e+06
154	1.39502e+06
155	1.21962e+06
156	1.07465e+06
157	943581
158	807025
159	624534
160	454616
161	294271
162	286366
163	209397
164	107121
165	8334.17
166	8334.17
167	8334.17
168	7011.86
169	174.563
170	174.563
171	174.563
172	174.563
173	174.563
174	174.563
175	174.563
176	174.563
177	174.563
178	209.341
