Generation	Geometric_mean
1	122.075
2	122.075
3	122.075
4	122.075
5	4.30988e+06
6	4.30988e+06
7	4.30988e+06
8	4.30988e+06
9	4.44371e+06
10	4.47265e+06
11	4.49903e+06
12	4.4971e+06
13	4.58332e+06
14	4.62445e+06
15	4.6363e+06
16	4.64211e+06
17	4.70432e+06
18	4.75863e+06
19	4.74762e+06
20	4.73613e+06
21	4.75806e+06
22	4.75426e+06
23	4.76725e+06
24	4.76707e+06
25	4.77265e+06
26	4.78725e+06
27	4.81639e+06
28	4.83301e+06
29	4.82175e+06
30	4.82705e+06
31	4.82448e+06
32	4.81969e+06
33	4.82153e+06
34	4.82253e+06
35	4.80568e+06
36	4.80438e+06
37	4.80899e+06
38	4.79507e+06
39	4.7756e+06
40	4.74662e+06
41	4.75433e+06
42	4.75921e+06
43	4.78377e+06
44	4.81129e+06
45	4.82528e+06
46	4.82569e+06
47	4.81557e+06
48	4.81247e+06
49	4.80266e+06
50	4.79578e+06
51	4.78657e+06
52	4.77606e+06
53	4.77117e+06
54	4.77033e+06
55	4.78558e+06
56	4.79097e+06
57	4.80475e+06
58	4.79139e+06
59	4.78334e+06
60	4.76744e+06
61	4.74611e+06
62	4.74749e+06
63	4.75696e+06
64	4.77231e+06
65	4.76724e+06
66	4.78029e+06
67	4.77571e+06
68	4.77473e+06
69	4.78168e+06
70	4.7761e+06
71	4.78184e+06
72	4.78401e+06
73	4.7584e+06
74	4.73103e+06
75	4.7127e+06
76	4.71573e+06
77	4.74309e+06
78	4.73199e+06
79	4.72716e+06
80	4.71152e+06
81	4.70156e+06
82	4.71125e+06
83	4.70858e+06
84	4.726e+06
85	4.73451e+06
86	4.74804e+06
87	4.75608e+06
88	4.76622e+06
89	4.75469e+06
90	4.74967e+06
91	4.75567e+06
92	4.73938e+06
93	4.72989e+06
94	4.72422e+06
95	4.71461e+06
96	4.71242e+06
97	4.7046e+06
98	4.70716e+06
99	4.69944e+06
100	4.71158e+06
101	4.73487e+06
102	4.73162e+06
103	4.75128e+06
104	4.74419e+06
105	4.748e+06
106	4.75066e+06
107	4.75941e+06
108	4.76538e+06
109	4.75777e+06
110	4.74142e+06
111	4.74158e+06
112	4.73803e+06
113	4.73629e+06
114	4.7504e+06
115	4.76057e+06
116	4.77731e+06
117	4.79429e+06
118	4.80105e+06
119	4.8108e+06
120	4.8141e+06
121	4.82318e+06
122	4.83839e+06
123	4.84837e+06
124	4.85319e+06
125	4.85723e+06
126	4.85095e+06
127	4.86423e+06
128	4.86725e+06
129	4.87946e+06
130	4.89422e+06
131	4.90689e+06
132	4.9175e+06
133	4.91738e+06
134	4.92457e+06
135	4.92889e+06
136	4.93191e+06
137	4.9364e+06
138	4.94052e+06
139	4.94052e+06
140	4.94047e+06
141	4.94053e+06
142	4.94053e+06
143	4.94053e+06
144	4.94053e+06
145	4.94053e+06
146	4.94053e+06
147	4.94053e+06
148	4.94053e+06
149	4.94053e+06
150	4.94053e+06
151	4.94053e+06
152	4.94053e+06
153	4.94053e+06
154	4.94053e+06
155	4.94053e+06
156	4.94053e+06
157	4.94053e+06
158	4.94053e+06
159	4.94053e+06
160	4.94053e+06
161	4.94053e+06
162	4.94053e+06
163	4.94053e+06
164	4.94053e+06
165	4.94053e+06
166	4.94053e+06
167	4.94053e+06
168	4.94053e+06
169	4.94053e+06
170	4.94053e+06
171	4.94053e+06
172	4.9608e+06
