Generation	Geometric_mean
1	166618
2	166618
3	166618
4	166618
5	166618
6	26105.4
7	3459.52
8	3459.52
9	3459.52
10	539.737
11	113.675
12	113.675
13	113.675
14	113.675
15	3.59017e+06
16	3.59017e+06
17	3.59017e+06
18	3.59017e+06
19	3.93135e+06
20	3.97869e+06
21	3.99859e+06
22	4.00233e+06
23	4.11812e+06
24	4.12103e+06
25	4.13249e+06
26	4.13041e+06
27	4.15923e+06
28	4.25206e+06
29	4.25842e+06
30	4.24263e+06
31	4.26421e+06
32	4.24416e+06
33	4.22607e+06
34	4.21648e+06
35	4.2711e+06
36	4.34121e+06
37	4.46784e+06
38	4.46949e+06
39	4.45035e+06
40	4.45431e+06
41	4.43061e+06
42	4.4284e+06
43	4.46023e+06
44	4.48002e+06
45	4.50038e+06
46	4.51632e+06
47	4.54306e+06
48	4.55462e+06
49	4.54332e+06
50	4.55595e+06
51	4.59178e+06
52	4.58763e+06
53	4.58086e+06
54	4.57401e+06
55	4.57187e+06
56	4.56523e+06
57	4.57693e+06
58	4.61183e+06
59	4.61563e+06
60	4.62452e+06
61	4.6006e+06
62	4.56543e+06
63	4.56979e+06
64	4.57359e+06
65	4.56771e+06
66	4.60353e+06
67	4.62016e+06
68	4.63773e+06
69	4.65543e+06
70	4.63224e+06
71	4.63135e+06
72	4.62725e+06
73	4.62717e+06
74	4.62827e+06
75	4.61905e+06
76	4.61463e+06
77	4.61089e+06
78	4.62099e+06
79	4.63253e+06
80	4.64877e+06
81	4.64207e+06
82	4.63143e+06
83	4.61632e+06
84	4.62245e+06
85	4.64796e+06
86	4.68511e+06
87	4.71434e+06
88	4.71804e+06
89	4.72762e+06
90	4.72072e+06
91	4.72081e+06
92	4.72364e+06
93	4.70117e+06
94	4.69533e+06
95	4.71711e+06
96	4.71849e+06
97	4.71136e+06
98	4.70364e+06
99	4.689e+06
100	4.6793e+06
101	4.68807e+06
102	4.72308e+06
103	4.72675e+06
104	4.73525e+06
105	4.74434e+06
106	4.72952e+06
107	4.74514e+06
108	4.75935e+06
109	4.75049e+06
110	4.75156e+06
111	4.75427e+06
112	4.74749e+06
113	4.76325e+06
114	4.77368e+06
115	4.78039e+06
116	4.76947e+06
117	4.7631e+06
118	4.741e+06
119	4.72408e+06
120	4.68027e+06
121	4.678e+06
122	4.68689e+06
123	4.72497e+06
124	4.76195e+06
125	4.79281e+06
126	4.83133e+06
127	4.826e+06
128	4.84991e+06
129	4.86121e+06
130	4.8767e+06
131	4.90884e+06
132	4.91955e+06
133	4.9323e+06
134	4.94037e+06
135	4.94116e+06
136	4.94653e+06
137	4.94634e+06
138	4.94621e+06
139	4.94621e+06
140	4.94621e+06
141	4.94688e+06
142	4.94688e+06
143	4.94688e+06
144	4.94688e+06
145	4.94688e+06
146	4.94688e+06
147	4.94688e+06
148	4.94688e+06
149	4.94688e+06
150	4.94688e+06
151	4.94688e+06
152	4.94688e+06
153	4.94688e+06
154	4.94688e+06
155	4.94688e+06
156	4.94688e+06
157	4.94688e+06
158	4.94688e+06
159	4.94688e+06
160	4.94688e+06
161	4.94688e+06
162	4.94688e+06
163	4.94688e+06
164	4.94688e+06
165	4.94688e+06
166	4.94688e+06
167	4.94688e+06
168	4.94688e+06
169	4.94688e+06
170	4.94688e+06
171	4.94688e+06
172	4.94688e+06
173	4.96463e+06
