Generation	Geometric_mean
1	110.559
2	110.559
3	110.559
4	110.559
5	3.81786e+06
6	3.81786e+06
7	3.81786e+06
8	3.81786e+06
9	3.75061e+06
10	3.7203e+06
11	3.72094e+06
12	3.69952e+06
13	3.77077e+06
14	3.77121e+06
15	3.81635e+06
16	3.85659e+06
17	3.88928e+06
18	3.89488e+06
19	3.89351e+06
20	3.87597e+06
21	3.86926e+06
22	3.87897e+06
23	3.86775e+06
24	3.86762e+06
25	3.9215e+06
26	3.94358e+06
27	3.95736e+06
28	3.96605e+06
29	3.9288e+06
30	3.91968e+06
31	3.9324e+06
32	3.99476e+06
33	4.03552e+06
34	4.10328e+06
35	4.101e+06
36	4.10452e+06
37	4.09237e+06
38	4.03327e+06
39	3.98128e+06
40	3.97323e+06
41	3.99695e+06
42	4.05031e+06
43	4.13257e+06
44	4.15657e+06
45	4.17311e+06
46	4.13671e+06
47	4.12011e+06
48	4.12582e+06
49	4.10628e+06
50	4.12755e+06
51	4.14822e+06
52	4.16909e+06
53	4.18253e+06
54	4.1435e+06
55	4.15271e+06
56	4.13543e+06
57	4.12094e+06
58	4.07128e+06
59	4.06157e+06
60	3.9911e+06
61	3.96972e+06
62	4.02656e+06
63	4.05988e+06
64	4.05103e+06
65	4.09858e+06
66	4.09354e+06
67	4.10766e+06
68	4.0916e+06
69	4.07602e+06
70	4.11572e+06
71	4.04825e+06
72	3.96178e+06
73	3.85465e+06
74	3.81197e+06
75	3.77833e+06
76	3.72973e+06
77	3.8312e+06
78	3.85723e+06
79	3.85882e+06
80	3.8695e+06
81	3.84916e+06
82	3.84124e+06
83	3.83248e+06
84	3.8648e+06
85	3.87996e+06
86	3.85939e+06
87	3.77359e+06
88	3.72878e+06
89	3.73831e+06
90	3.72846e+06
91	3.77241e+06
92	3.84019e+06
93	3.90555e+06
94	3.91103e+06
95	3.95558e+06
96	3.94258e+06
97	3.91592e+06
98	3.86154e+06
99	3.8023e+06
100	3.77285e+06
101	3.69382e+06
102	3.63064e+06
103	3.54313e+06
104	3.47265e+06
105	3.38871e+06
106	3.30543e+06
107	3.24316e+06
108	3.24256e+06
109	3.18562e+06
110	3.1072e+06
111	3.07935e+06
112	3.03841e+06
113	2.99402e+06
114	2.93573e+06
115	2.87296e+06
116	2.81467e+06
117	2.79623e+06
118	2.76472e+06
119	2.72118e+06
120	2.72149e+06
121	2.71854e+06
122	2.73194e+06
123	2.71479e+06
124	2.72499e+06
125	2.76698e+06
126	2.77004e+06
127	2.76257e+06
128	2.68334e+06
129	2.64085e+06
130	2.56951e+06
131	2.48646e+06
132	2.42614e+06
133	2.35233e+06
134	2.28547e+06
135	2.27103e+06
136	2.25121e+06
137	2.21999e+06
138	2.21731e+06
139	2.18261e+06
140	2.16089e+06
141	2.12829e+06
142	2.06259e+06
143	2.0107e+06
144	1.954e+06
145	1.93469e+06
146	1.90556e+06
147	1.88036e+06
148	1.8671e+06
149	1.86403e+06
150	1.85684e+06
151	1.83982e+06
152	1.82716e+06
153	1.81032e+06
154	1.79634e+06
155	1.79634e+06
156	1.79136e+06
157	1.79136e+06
158	1.79136e+06
159	1.79136e+06
160	1.79136e+06
161	1.79136e+06
162	1.79136e+06
163	1.79136e+06
164	1.79136e+06
165	1.79136e+06
166	1.79136e+06
167	1.79136e+06
168	1.79136e+06
169	1.79136e+06
170	1.79136e+06
171	1.79136e+06
172	1.79136e+06
173	1.79136e+06
174	1.75785e+06
175	1.44459e+06
176	652402
177	41182.9
178	41182.9
179	41182.9
180	41182.9
181	849.798
182	849.798
183	849.798
184	849.798
185	709.481
