Generation	Geometric_mean
1	214.751
2	214.751
3	214.751
4	214.751
5	26390.5
6	26390.5
7	26390.5
8	26390.5
9	30347.6
10	30558.6
11	30614.7
12	30636
13	32800.3
14	32631.4
15	32874
16	32912.1
17	34292.2
18	35571.3
19	36092.8
20	36337.6
21	36202
22	36026.5
23	36148.5
24	35988
25	36521.3
26	36645.4
27	36070.4
28	35665.8
29	35570.8
30	35151.5
31	35492.1
32	34924.8
33	33297.2
34	32894.6
35	31816.6
36	31213.5
37	31551.2
38	30137.8
39	28710.4
40	27596.7
41	27233.6
42	26991.8
43	26666.7
44	25588.5
45	24671.5
46	24613.7
47	24154.5
48	24434
49	24564.2
50	23993.9
51	22703.7
52	21554.9
53	21290.3
54	21097.9
55	20676.2
56	20469.6
57	19856.1
58	19075.5
59	18101.5
60	17268.3
61	15837.7
62	15355.1
63	14922
64	14983.7
65	14719.7
66	14633.1
67	14440.6
68	14224
69	13602.7
70	13238.8
71	12799.1
72	12091.6
73	11956.9
74	11264.4
75	10898.3
76	10214.1
77	9827.79
78	8882.66
79	8438.65
80	8163.07
81	7860.93
82	7258
83	7041.02
84	6789.42
85	6391.01
86	5315.92
87	4015.61
88	3489.89
89	3141.86
90	3093.95
91	2973.92
92	2871.93
93	2543.05
94	2400.94
95	2311.59
96	2275.02
97	2240.22
98	2244.03
99	2202.92
100	2238.54
101	2253.05
102	2254.04
103	2191.75
104	2210.68
105	2204.37
106	2228.23
107	2177.12
108	2158.99
109	2138.98
110	2141.04
111	2246.73
112	2261.92
113	2262.89
114	2320.5
115	2361.22
116	2401.83
117	2482.84
118	2548.99
119	2616.33
120	2683.04
121	2764.87
122	2852.56
123	3091.99
124	3253.86
125	3414.74
126	3569.46
127	3910.1
128	4329.02
129	4744.24
130	5857.91
131	6403.75
132	7173.82
133	7956.39
134	8469.5
135	9022.64
136	9662.68
137	10322.7
138	10817.2
139	11295.9
140	11832.4
141	13106.4
142	13898.8
143	15120.1
144	15932.4
145	17009
146	17870.8
147	18345.4
148	18963
149	20031.4
150	21216.5
151	23009.6
152	24240.9
153	25118.6
154	25601.3
155	25758.5
156	25758.5
157	25943.2
158	25943.2
159	25943.2
160	25943.2
161	25943.2
162	25943.2
163	25943.2
164	25943.2
165	25943.2
166	25943.2
167	25943.2
168	25943.2
169	25943.2
170	25943.2
171	25943.2
172	25943.2
173	25943.2
174	25943.2
175	25943.2
176	25943.2
177	25943.2
178	25943.2
179	25943.2
180	25943.2
181	25943.2
182	25943.2
183	25943.2
184	25943.2
185	25943.2
186	25943.2
187	25943.2
188	25943.2
189	25943.2
190	25943.2
191	25943.2
192	25943.2
193	25943.2
194	25943.2
195	25943.2
196	26313.7
