Generation	Geometric_mean
1	161.415
2	161.415
3	161.415
4	161.415
5	1.46166e+06
6	1.46166e+06
7	1.46166e+06
8	1.46166e+06
9	1.5112e+06
10	1.53776e+06
11	1.55612e+06
12	1.56073e+06
13	1.6791e+06
14	1.70251e+06
15	1.67961e+06
16	1.67725e+06
17	1.68664e+06
18	1.70106e+06
19	1.68748e+06
20	1.63359e+06
21	1.61297e+06
22	1.62465e+06
23	1.57014e+06
24	1.52701e+06
25	1.51559e+06
26	1.51561e+06
27	1.52638e+06
28	1.51641e+06
29	1.49792e+06
30	1.49029e+06
31	1.47524e+06
32	1.47835e+06
33	1.49504e+06
34	1.50247e+06
35	1.52597e+06
36	1.57543e+06
37	1.55709e+06
38	1.53899e+06
39	1.54919e+06
40	1.49383e+06
41	1.48821e+06
42	1.45242e+06
43	1.41292e+06
44	1.38829e+06
45	1.37529e+06
46	1.40734e+06
47	1.42323e+06
48	1.42311e+06
49	1.41019e+06
50	1.39794e+06
51	1.35982e+06
52	1.3136e+06
53	1.285e+06
54	1.27195e+06
55	1.29054e+06
56	1.33e+06
57	1.36451e+06
58	1.37687e+06
59	1.33107e+06
60	1.31317e+06
61	1.28055e+06
62	1.277e+06
63	1.27485e+06
64	1.24127e+06
65	1.2402e+06
66	1.2209e+06
67	1.19114e+06
68	1.22615e+06
69	1.2494e+06
70	1.24822e+06
71	1.23806e+06
72	1.21116e+06
73	1.18294e+06
74	1.15268e+06
75	1.14622e+06
76	1.12415e+06
77	1.12529e+06
78	1.11112e+06
79	1.07987e+06
80	1.05591e+06
81	1.01267e+06
82	971131
83	946652
84	891821
85	823770
86	785198
87	760632
88	746584
89	742302
90	693681
91	639902
92	554446
93	493309
94	425832
95	340349
96	247432
97	171362
98	68760.1
99	42741
100	32343.7
101	21780.6
102	10705.9
103	3701.41
104	1412.23
105	795.578
106	576.121
107	442.613
108	344.524
109	286.899
110	250.436
111	239.841
112	244.219
113	265.135
114	282.006
115	303.181
116	331.782
117	596.38
118	1103.37
119	3645.55
120	16140.4
121	45504.1
122	85023.6
123	99306.3
124	98570.2
125	97987.8
126	99385.2
127	101682
128	105405
129	107565
130	108368
131	111099
132	114023
133	115992
134	117490
135	116839
136	117743
137	117767
138	118504
139	118286
140	118504
141	118361
142	118507
143	119326
144	119055
145	119316
146	119316
147	119316
148	119316
149	119316
150	119316
151	119316
152	119316
153	119316
154	119316
155	119316
156	119316
157	119316
158	119316
159	119316
160	119316
161	119316
162	119316
163	119316
164	119316
165	119316
166	119316
167	119316
168	119316
169	119316
170	119316
171	119316
172	119316
173	119316
174	119316
175	119316
176	119316
177	119824
