Generation	Geometric_mean
1	130.531
2	130.531
3	130.531
4	130.531
5	3.89341e+06
6	3.89341e+06
7	3.89341e+06
8	3.89341e+06
9	4.18463e+06
10	4.20764e+06
11	4.21541e+06
12	4.22652e+06
13	4.36647e+06
14	4.45346e+06
15	4.49083e+06
16	4.49259e+06
17	4.43125e+06
18	4.38031e+06
19	4.33802e+06
20	4.3082e+06
21	4.29849e+06
22	4.37944e+06
23	4.42331e+06
24	4.44435e+06
25	4.46889e+06
26	4.44261e+06
27	4.43816e+06
28	4.43938e+06
29	4.43127e+06
30	4.39429e+06
31	4.36918e+06
32	4.35981e+06
33	4.36916e+06
34	4.39627e+06
35	4.41998e+06
36	4.43898e+06
37	4.47797e+06
38	4.45004e+06
39	4.42755e+06
40	4.44491e+06
41	4.44846e+06
42	4.44095e+06
43	4.46381e+06
44	4.47275e+06
45	4.42519e+06
46	4.39363e+06
47	4.37595e+06
48	4.33549e+06
49	4.27906e+06
50	4.23885e+06
51	4.22389e+06
52	4.23e+06
53	4.26858e+06
54	4.33592e+06
55	4.38693e+06
56	4.43345e+06
57	4.45838e+06
58	4.45548e+06
59	4.44443e+06
60	4.39327e+06
61	4.34419e+06
62	4.35659e+06
63	4.35666e+06
64	4.3868e+06
65	4.39453e+06
66	4.36913e+06
67	4.35904e+06
68	4.33582e+06
69	4.33161e+06
70	4.32696e+06
71	4.33167e+06
72	4.34789e+06
73	4.34746e+06
74	4.34866e+06
75	4.32508e+06
76	4.29746e+06
77	4.27411e+06
78	4.23169e+06
79	4.1866e+06
80	4.16352e+06
81	4.18132e+06
82	4.22493e+06
83	4.30373e+06
84	4.34656e+06
85	4.37623e+06
86	4.35335e+06
87	4.2789e+06
88	4.23654e+06
89	4.2243e+06
90	4.23616e+06
91	4.25012e+06
92	4.26107e+06
93	4.26928e+06
94	4.24796e+06
95	4.21914e+06
96	4.1866e+06
97	4.13607e+06
98	4.10542e+06
99	4.0698e+06
100	4.04379e+06
101	4.0933e+06
102	4.1504e+06
103	4.18524e+06
104	4.25239e+06
105	4.28282e+06
106	4.26414e+06
107	4.27372e+06
108	4.29026e+06
109	4.33614e+06
110	4.32245e+06
111	4.272e+06
112	4.2274e+06
113	4.13063e+06
114	4.06697e+06
115	4.03978e+06
116	4.03184e+06
117	3.99872e+06
118	4.02368e+06
119	4.00602e+06
120	4.02893e+06
121	4.02134e+06
122	4.08238e+06
123	4.08078e+06
124	4.08833e+06
125	4.02878e+06
126	4.01553e+06
127	3.99575e+06
128	3.95943e+06
129	3.93336e+06
130	3.92369e+06
131	3.87893e+06
132	3.80029e+06
133	3.76148e+06
134	3.71611e+06
135	3.68647e+06
136	3.63875e+06
137	3.53738e+06
138	3.41004e+06
139	3.34025e+06
140	3.26653e+06
141	3.16571e+06
142	3.08284e+06
143	3.01756e+06
144	2.94885e+06
145	2.89817e+06
146	2.882e+06
147	2.84527e+06
148	2.78894e+06
149	2.71153e+06
150	2.65849e+06
151	2.60578e+06
152	2.56314e+06
153	2.49711e+06
154	2.44606e+06
155	2.37818e+06
156	2.34986e+06
157	2.31796e+06
158	2.30433e+06
159	2.28527e+06
160	2.26782e+06
161	2.24736e+06
162	2.21949e+06
163	2.21949e+06
164	2.21949e+06
165	2.21949e+06
166	2.21949e+06
167	2.21949e+06
168	2.21949e+06
169	2.21949e+06
170	2.07462e+06
171	49566.8
172	49566.8
173	49566.8
174	49566.8
175	1014.3
176	1014.3
177	1014.3
178	1014.3
179	845.404
