Generation	Geometric_mean
1	641.342
2	641.342
3	641.342
4	641.342
5	618.157
6	611.84
7	602.842
8	584.654
9	609.246
10	690.705
11	785.187
12	995.99
13	1526.17
14	2347.26
15	3826.69
16	6816.18
17	7812.17
18	11538.4
19	13892.9
20	14397.5
21	14691.5
22	14678.7
23	14439.2
24	14217
25	14304.8
26	14808.5
27	15071.6
28	15500.7
29	15575.5
30	15555.5
31	15565
32	15640.4
33	15398.1
34	15607.3
35	15641.1
36	16257.4
37	16744.8
38	16877.2
39	17008.5
40	16923.3
41	16717.5
42	16648.5
43	16509.6
44	17071.5
45	17432
46	17568.6
47	18094.7
48	18653.9
49	18910.4
50	18994
51	19447.7
52	19569.7
53	19573.2
54	19656.1
55	19197.3
56	18840.4
57	18486.6
58	18349.6
59	18141.9
60	17884.1
61	17816.8
62	17876.2
63	17862.1
64	18407.7
65	19102
66	19448
67	19483.3
68	19360.4
69	19064.9
70	18790.7
71	18998.9
72	19286
73	19254.7
74	19359.6
75	19361.5
76	18959.7
77	18369.8
78	18196.1
79	18574
80	18868.3
81	18984.7
82	18758.1
83	18459.3
84	18355.7
85	18343.4
86	18561.4
87	18317.1
88	18450.9
89	18257.3
90	18200.5
91	18330.4
92	18470.9
93	18662.6
94	18638.2
95	18517.8
96	18357.5
97	17851.1
98	17909.8
99	17806.1
100	17669.7
101	17379.6
102	17104
103	16833.3
104	16765.1
105	17133.1
106	16158.6
107	16390.5
108	16336
109	15857.8
110	15743.4
111	14643.2
112	14217.3
113	13476.8
114	12778
115	12096.6
116	11541.5
117	10490
118	9638.75
119	9139.65
120	8171.18
121	7373.91
122	6729.88
123	6466.07
124	6363.1
125	6269.45
126	5913.47
127	5229.47
128	4757.86
129	4390.45
130	3964.59
131	3848.6
132	3676.49
133	3562.84
134	3493.72
135	3516.9
136	3445.87
137	3451.19
138	3414.24
139	3342.29
140	3264.77
141	3165.41
142	3124.29
143	3137.94
144	3183.13
145	3210.36
146	3255.83
147	3306.61
148	3372.31
149	3449.93
150	3556.83
151	3660.38
152	3752.36
153	3832.27
154	3870.81
155	3907.92
156	3942.03
157	3985.1
158	4004.94
159	4000.43
160	3995.22
161	3998.75
162	3998.75
163	3998.75
164	3998.75
165	3998.75
166	3998.75
167	3998.75
168	3998.75
169	3998.75
170	3998.75
171	3998.75
172	3998.75
173	3998.75
174	3998.75
175	3998.75
176	3998.75
177	3998.75
178	3998.75
179	3998.75
180	3998.75
181	3998.75
182	3998.75
183	3998.75
184	3998.75
185	3998.75
186	3998.75
187	3998.75
188	3998.75
189	3998.75
190	3998.75
191	3998.75
192	3998.75
193	3998.75
194	3998.75
195	3998.75
196	3998.75
197	4237.68
