Generation	Geometric_mean
1	232.542
2	232.542
3	232.542
4	232.542
5	16273.4
6	16273.4
7	16273.4
8	16273.4
9	21320.2
10	22186.3
11	22148.6
12	22196.5
13	24396.8
14	25009.8
15	25042.2
16	24926.3
17	25615.9
18	26487.9
19	27188.9
20	27354.4
21	27336.4
22	27238.1
23	26737.1
24	26088.6
25	25823.7
26	25711.8
27	25723.6
28	25712.7
29	25126.8
30	25041.6
31	24776
32	24662
33	24924
34	24703.2
35	23412.1
36	22578
37	22188
38	21586.7
39	21193.1
40	20774.6
41	20042.9
42	19794.8
43	19567.3
44	19541.5
45	18466.8
46	18034.4
47	17256.7
48	17131.1
49	17224.6
50	16962.3
51	16799.3
52	16195.7
53	15639.9
54	15104.6
55	15331.5
56	15230.9
57	14855.6
58	14548
59	14111.7
60	13493
61	12852
62	12915.3
63	12926.5
64	12996.6
65	12964.1
66	12952
67	12783.8
68	12571.6
69	12348.7
70	11680.9
71	10967.6
72	10704.8
73	10366.5
74	10058.8
75	10036.3
76	9783.22
77	9711.48
78	9481.12
79	9383.95
80	8088.12
81	7313
82	6676.17
83	5712.59
84	5103.77
85	3880.85
86	3631.14
87	3443
88	3350.91
89	3267.74
90	3183.98
91	3066.18
92	3038.78
93	3026.56
94	3008.04
95	2998.23
96	2931.19
97	2798.41
98	2683.89
99	2611.61
100	2555.68
101	2496.02
102	2453.22
103	2432.57
104	2392.04
105	2358.92
106	2322.78
107	2317.32
108	2373.98
109	2363.73
110	2369.96
111	2405.06
112	2388.82
113	2374.62
114	2349.18
115	2359.43
116	2296.68
117	2302.47
118	2290.23
119	2320.7
120	2389.94
121	2368.56
122	2360.28
123	2416.87
124	2403.89
125	2413.53
126	2478
127	2577.48
128	2701.22
129	2732.08
130	2731.98
131	2786.73
132	2820.2
133	2893.98
134	3035.83
135	3109.63
136	3163.86
137	3266.9
138	3452.35
139	3692.42
140	3962.35
141	4114.81
142	4392.27
143	4837.79
144	5203.01
145	5892.96
146	6670.67
147	7843.85
148	8269.56
149	9133.32
150	10166.3
151	11309.8
152	12562.4
153	13079.4
154	13295.9
155	13497.8
156	14219.6
157	14457.4
158	14696.5
159	15002.5
160	15543.9
161	15710.3
162	15920.6
163	16028.7
164	16028.7
165	16028.7
166	16028.7
167	16028.7
168	16028.7
169	16028.7
170	16028.7
171	16028.7
172	16028.7
173	16028.7
174	16028.7
175	16028.7
176	16028.7
177	16028.7
178	16028.7
179	16028.7
180	16028.7
181	16028.7
182	16028.7
183	16028.7
184	16028.7
185	16028.7
186	16028.7
187	16028.7
188	16028.7
189	16028.7
190	16028.7
191	16028.7
192	16028.7
193	16028.7
194	16028.7
195	16028.7
196	16028.7
197	16439.5
