Generation	Geometric_mean
1	14518.5
2	14518.5
3	14518.5
4	14518.5
5	14559.3
6	14004.2
7	13679.6
8	13534.1
9	12706.4
10	12322.7
11	12254.9
12	12107.2
13	12292.1
14	12421.5
15	11954
16	11121.2
17	11010.5
18	10598.5
19	10069.6
20	7822.4
21	6539.42
22	3742.22
23	1890.42
24	763.515
25	580.058
26	309.188
27	205.322
28	187.821
29	181.642
30	171.732
31	176.353
32	194.128
33	214.733
34	357.157
35	1358.87
36	2788.5
37	5665.9
38	7971.57
39	12691.9
40	15341.1
41	15811.5
42	18544.2
43	21137.1
44	20706.6
45	20452.3
46	20270
47	21130.5
48	22165.6
49	22164.9
50	23072.4
51	22879.3
52	23201.1
53	23824.6
54	24472.5
55	24425.5
56	24072.6
57	23898.6
58	24358.5
59	24621.7
60	25083.8
61	25591.2
62	25512.1
63	24779.8
64	24474.3
65	23990
66	23858.5
67	24542.9
68	24847.6
69	25966.5
70	26373
71	27138.7
72	28285
73	29019.7
74	29460.3
75	29759
76	29888.9
77	29991.5
78	30476.2
79	30466.9
80	30910.4
81	31222
82	31214.2
83	31596.5
84	32049.3
85	32135.8
86	32455.6
87	33218.1
88	33395.3
89	33558.9
90	33967.5
91	34725.1
92	34734
93	34502.5
94	33810.4
95	33242.8
96	33853.2
97	33473.4
98	33308.8
99	32947.4
100	33406.8
101	33769
102	34194.5
103	34992.4
104	35656.2
105	35871
106	35701.3
107	35429.1
108	34513.1
109	34045.5
110	33480.4
111	32786.6
112	32122.4
113	31673.7
114	30844.9
115	30798.2
116	31387.7
117	31791.3
118	31799.9
119	31952.1
120	31696.4
121	31822.3
122	31954.6
123	32414.2
124	31947.4
125	31273.9
126	30934.1
127	31091.2
128	31278.6
129	31776.8
130	31835.4
131	31671.2
132	31911.8
133	31873.7
134	31797.1
135	31480.3
136	30883.8
137	30524.6
138	30363.2
139	29852.4
140	29453.9
141	29094.8
142	28472.3
143	28472.3
144	28472.3
145	28395.3
146	28316.9
147	26919.7
148	25945
149	24630.7
150	23571.6
151	22941.9
152	21323.2
153	19913.6
154	19219.6
155	17858.8
156	17384.7
157	17287.5
158	17164.3
159	16604.5
160	16604.5
161	15707.7
162	15197.9
163	15008.6
164	14480.3
165	14007.8
166	14007.8
167	13931.2
168	13211.2
169	12979.3
170	12695
171	12695
172	3177.46
173	3177.46
174	3177.46
175	3177.46
176	2853.48
