Generation	Geometric_mean
1	246.23
2	246.23
3	246.23
4	246.23
5	88546.3
6	88546.3
7	88546.3
8	88546.3
9	102595
10	106844
11	107308
12	107395
13	110633
14	110534
15	109780
16	109746
17	107151
18	104719
19	104623
20	104689
21	102827
22	105653
23	109595
24	111371
25	114243
26	115552
27	115011
28	115955
29	114233
30	112939
31	111187
32	110427
33	110224
34	110855
35	111578
36	111999
37	111550
38	109384
39	106722
40	106919
41	107500
42	109122
43	109659
44	107713
45	107464
46	104562
47	102171
48	98064.1
49	96600.2
50	95812
51	94976.6
52	93373.4
53	88959.6
54	84431.3
55	79529.4
56	74752.7
57	69404.4
58	65446.6
59	61312.3
60	59899.2
61	59952.2
62	60181.3
63	58765.1
64	58469.5
65	56763.4
66	54963.9
67	51971
68	50405.5
69	48881.9
70	43932.7
71	28702.9
72	22701
73	15268.1
74	6193.14
75	3126.13
76	1742.21
77	1320.91
78	1144.86
79	1058.57
80	955.021
81	860.715
82	818.658
83	764.601
84	707.005
85	706.128
86	695.06
87	681.137
88	688.209
89	681.61
90	709.591
91	701.092
92	705.043
93	729.88
94	750.447
95	786.155
96	842.785
97	866.846
98	916.679
99	963.963
100	1221.14
101	2413.08
102	7784.34
103	18243
104	63706.8
105	95064.6
106	145427
107	174298
108	222497
109	280286
110	517563
111	609819
112	705518
113	729346
114	750964
115	757453
116	791269
117	843330
118	873334
119	877237
120	945425
121	1.0547e+06
122	1.10403e+06
123	1.15671e+06
124	1.2545e+06
125	1.30587e+06
126	1.3813e+06
127	1.48975e+06
128	1.60831e+06
129	1.6309e+06
130	1.64385e+06
131	1.64176e+06
132	1.64058e+06
133	1.65896e+06
134	1.68451e+06
135	1.71284e+06
136	1.73053e+06
137	1.74622e+06
138	1.76989e+06
139	1.79943e+06
140	1.82719e+06
141	1.88138e+06
142	1.91813e+06
143	2.00099e+06
144	2.00564e+06
145	2.04828e+06
146	2.06719e+06
147	2.09038e+06
148	2.2273e+06
149	2.36224e+06
150	2.42648e+06
151	2.51011e+06
152	2.50498e+06
153	2.4976e+06
154	2.50449e+06
155	2.50554e+06
156	2.50523e+06
157	2.5063e+06
158	2.505e+06
159	2.50496e+06
160	2.50496e+06
161	2.50496e+06
162	2.50496e+06
163	2.50496e+06
164	2.50496e+06
165	2.50496e+06
166	2.50496e+06
167	2.50496e+06
168	2.50496e+06
169	2.50496e+06
170	2.50496e+06
171	2.50496e+06
172	2.50496e+06
173	2.50496e+06
174	2.50496e+06
175	2.50496e+06
176	2.50496e+06
177	2.50496e+06
178	2.50496e+06
179	2.50496e+06
180	2.50496e+06
181	2.50496e+06
182	2.50496e+06
183	2.50496e+06
184	2.50496e+06
185	2.50496e+06
186	2.50496e+06
187	2.50496e+06
188	2.50496e+06
189	2.50496e+06
190	2.50496e+06
191	2.50496e+06
192	2.50496e+06
193	2.50496e+06
194	2.50496e+06
195	2.50496e+06
196	2.55008e+06
