Generation	Geometric_mean
1	145.494
2	145.494
3	145.494
4	145.494
5	4.02456e+06
6	4.02456e+06
7	4.02456e+06
8	4.02456e+06
9	4.30364e+06
10	4.39066e+06
11	4.41078e+06
12	4.41865e+06
13	4.43646e+06
14	4.4597e+06
15	4.46542e+06
16	4.47756e+06
17	4.5262e+06
18	4.55858e+06
19	4.55392e+06
20	4.56128e+06
21	4.51275e+06
22	4.4637e+06
23	4.46269e+06
24	4.46966e+06
25	4.52507e+06
26	4.57669e+06
27	4.58638e+06
28	4.5902e+06
29	4.56755e+06
30	4.55522e+06
31	4.53992e+06
32	4.5474e+06
33	4.57123e+06
34	4.58161e+06
35	4.56897e+06
36	4.59421e+06
37	4.58579e+06
38	4.57034e+06
39	4.55271e+06
40	4.54216e+06
41	4.51782e+06
42	4.54955e+06
43	4.58325e+06
44	4.60822e+06
45	4.54541e+06
46	4.48906e+06
47	4.46539e+06
48	4.45651e+06
49	4.45518e+06
50	4.4981e+06
51	4.49968e+06
52	4.52042e+06
53	4.55085e+06
54	4.55744e+06
55	4.54247e+06
56	4.52716e+06
57	4.51681e+06
58	4.52468e+06
59	4.53594e+06
60	4.54767e+06
61	4.52096e+06
62	4.47516e+06
63	4.45359e+06
64	4.44882e+06
65	4.41332e+06
66	4.42316e+06
67	4.44288e+06
68	4.42125e+06
69	4.42319e+06
70	4.39855e+06
71	4.40878e+06
72	4.40541e+06
73	4.44286e+06
74	4.45054e+06
75	4.43035e+06
76	4.44844e+06
77	4.47551e+06
78	4.44088e+06
79	4.44901e+06
80	4.44131e+06
81	4.42438e+06
82	4.44619e+06
83	4.42198e+06
84	4.37821e+06
85	4.35999e+06
86	4.35035e+06
87	4.33749e+06
88	4.36661e+06
89	4.40861e+06
90	4.41603e+06
91	4.39344e+06
92	4.37509e+06
93	4.36996e+06
94	4.37718e+06
95	4.39175e+06
96	4.40284e+06
97	4.42771e+06
98	4.40934e+06
99	4.31551e+06
100	4.25095e+06
101	4.20663e+06
102	4.20468e+06
103	4.20151e+06
104	4.1934e+06
105	4.17363e+06
106	4.14814e+06
107	4.15663e+06
108	4.07949e+06
109	4.07031e+06
110	4.05645e+06
111	4.02849e+06
112	4.02131e+06
113	3.97307e+06
114	3.94814e+06
115	3.93383e+06
116	3.9391e+06
117	3.94893e+06
118	3.97773e+06
119	3.97092e+06
120	3.98618e+06
121	4.03766e+06
122	4.05001e+06
123	4.03993e+06
124	4.05582e+06
125	4.0236e+06
126	4.01581e+06
127	4.053e+06
128	4.09028e+06
129	4.09332e+06
130	4.11087e+06
131	4.12806e+06
132	4.15886e+06
133	4.16509e+06
134	4.17656e+06
135	4.17283e+06
136	4.12324e+06
137	4.11992e+06
138	4.1027e+06
139	4.10287e+06
140	4.11941e+06
141	4.13313e+06
142	4.13608e+06
143	4.12793e+06
144	4.13063e+06
145	4.14435e+06
146	4.14991e+06
147	4.14991e+06
148	4.15047e+06
149	4.15058e+06
150	4.14947e+06
151	4.14947e+06
152	4.14906e+06
153	4.14906e+06
154	4.14906e+06
155	4.14906e+06
156	4.14906e+06
157	4.14906e+06
158	4.14906e+06
159	4.14906e+06
160	4.14906e+06
161	4.14906e+06
162	4.14906e+06
163	4.14906e+06
164	4.14906e+06
165	4.14906e+06
166	4.1399e+06
167	4.11332e+06
168	4.05953e+06
169	4.05953e+06
170	3.98209e+06
171	2.62624e+06
172	90968.3
173	90968.3
174	90968.3
175	90968.3
176	1864.82
177	1864.82
178	1864.82
179	1864.82
180	1554.79
