Generation	Geometric_mean
1	232.468
2	232.468
3	232.468
4	232.468
5	43875.9
6	43875.9
7	43875.9
8	43875.9
9	45402.1
10	45326.5
11	45188.6
12	44773.4
13	44605.6
14	44286.8
15	44702.7
16	44718.4
17	46734.6
18	48303.6
19	48951.4
20	49979.9
21	49422.1
22	49959.1
23	49885.8
24	49720.7
25	50274.4
26	51469.8
27	51827.1
28	50718.9
29	50011.5
30	49259.5
31	47109.4
32	45753.8
33	44225.1
34	41886.7
35	39590.1
36	38440.7
37	37104.5
38	35635
39	35383.9
40	34177.5
41	33782.9
42	33315.2
43	33921.8
44	34603.1
45	34582.7
46	33566.6
47	33296.4
48	32307.6
49	30402.8
50	28469.5
51	27106.9
52	25072
53	21494
54	19145.9
55	17473.1
56	16264.7
57	13403.4
58	12120.5
59	11202.7
60	10434.9
61	9784.36
62	9601.14
63	8813.58
64	8326.38
65	8196.92
66	8154.96
67	8056
68	7997.1
69	7783.59
70	7733.71
71	7723.49
72	7677.47
73	7682
74	7489.13
75	7175.51
76	6924.13
77	6660.57
78	6631.53
79	6749.5
80	6810.57
81	6675.86
82	6591.53
83	6290.92
84	6157.92
85	6163.34
86	6198.71
87	6329.61
88	6375.05
89	6417.51
90	6477.45
91	6612.15
92	6730.56
93	6769.68
94	6841.28
95	6799.7
96	6920.09
97	7279.21
98	7168.3
99	7118.61
100	7259.87
101	7364.42
102	7606.37
103	7556.3
104	7476.48
105	7432.47
106	7407.89
107	7299.56
108	7304.8
109	7307.27
110	7171.09
111	7391.2
112	7422.76
113	7345.19
114	7307.25
115	7338.23
116	7344.42
117	7404.65
118	7444.84
119	7518.3
120	7532.31
121	7547.82
122	7576.63
123	7467.82
124	7445.12
125	7483.62
126	7534.56
127	7579.12
128	7541.72
129	7463.66
130	7191.72
131	7097.23
132	7089.94
133	7211.56
134	7278.29
135	7294.63
136	7269.19
137	7327.89
138	7211.94
139	7023.6
140	6893.44
141	6591.7
142	6340.46
143	6217.6
144	6157.66
145	6003.02
146	5917.21
147	5875.58
148	5778.62
149	5690.72
150	5573
151	5492.76
152	5445.83
153	5360.39
154	5336.88
155	5306.84
156	5272.36
157	5212.13
158	5174.01
159	5132.42
160	5116.34
161	5116.34
162	5116.34
163	5111.3
164	5111.3
165	5111.3
166	5111.3
167	5111.3
168	5111.3
169	5111.3
170	5111.3
171	5111.3
172	5111.3
173	5111.3
174	5111.3
175	5111.3
176	5111.3
177	5111.3
178	5111.3
179	5111.3
180	5111.3
181	5111.3
182	5111.3
183	5111.3
184	5111.3
185	5111.3
186	5111.3
187	5111.3
188	5111.3
189	5111.3
190	5111.3
191	5111.3
192	5111.3
193	5111.3
194	5111.3
195	5111.3
196	4976
