Generation	Geometric_mean
1	81.0542
2	81.0542
3	81.0542
4	81.0542
5	18357.5
6	18357.5
7	18357.5
8	18357.5
9	21725.6
10	22822.9
11	23028
12	23064.8
13	22834.9
14	23215
15	23025
16	23023
17	23731.8
18	24373.2
19	24430.2
20	24421.2
21	25096.8
22	26101.2
23	26473.5
24	26310.2
25	26859.5
26	27118.6
27	27338.5
28	27463.7
29	27291.6
30	28078
31	27979.9
32	27770.2
33	27861
34	26843
35	25916.6
36	25466.7
37	24507.3
38	24041.9
39	24047.6
40	23770.6
41	23732.1
42	23671.8
43	23764
44	23025.4
45	22408.8
46	21938
47	21869
48	21304.1
49	21354.8
50	20655.8
51	20334
52	19973.5
53	19386.2
54	19063.1
55	18844.4
56	18482.5
57	17774
58	17075.1
59	17064.5
60	16089.5
61	15498.5
62	15337
63	14964.8
64	14900.3
65	14996.8
66	15146.4
67	14564.7
68	14534.7
69	14555.8
70	13900.2
71	13720.2
72	13190.6
73	12230
74	10141.9
75	9026.55
76	7407.15
77	5776.37
78	3123.67
79	2614.11
80	1158.71
81	662.033
82	363.406
83	255.155
84	207.384
85	192.207
86	170.434
87	158.475
88	148.043
89	144.946
90	138.354
91	134.623
92	135.966
93	135.64
94	134.011
95	131.962
96	133.007
97	135.008
98	134.304
99	138.951
100	143.572
101	149.987
102	160.17
103	167.756
104	184.659
105	214.083
106	330.607
107	779.71
108	1740.81
109	4072.42
110	7290.72
111	15175.9
112	17209
113	26293.7
114	34274.4
115	37925
116	37813.2
117	36834.9
118	36964.8
119	37178.9
120	39315.5
121	46083.9
122	48563.5
123	50493.1
124	51154.1
125	51416.9
126	50961.6
127	51163.5
128	53387.3
129	60828.5
130	66552.3
131	71100.3
132	76201.5
133	81135.7
134	90971.2
135	95556.4
136	97311.5
137	98601
138	98801.5
139	102449
140	106011
141	109147
142	112385
143	115197
144	118920
145	122478
146	125656
147	128090
148	133372
149	136064
150	141670
151	144254
152	148929
153	153194
154	156578
155	159361
156	160667
157	163159
158	164064
159	165844
160	165844
161	171199
162	176509
163	176509
164	176509
165	176509
166	177705
167	177705
168	177705
169	177705
170	177705
171	177705
172	177705
173	177705
174	177705
175	177705
176	177705
177	177705
178	177705
179	177705
180	177705
181	177705
182	177705
183	177705
184	177705
185	177705
186	177705
187	177705
188	177705
189	177705
190	177705
191	177705
192	177705
193	177705
194	177705
195	177705
196	179894
