Generation	Geometric_mean
1	245.78
2	245.78
3	245.78
4	245.78
5	15302.1
6	15302.1
7	15302.1
8	15302.1
9	27543.2
10	29297.9
11	29496.1
12	29513.6
13	31132.9
14	32085.8
15	32137.1
16	31986.2
17	34093.8
18	34234
19	34196.1
20	33799.5
21	33759.7
22	33828.3
23	33792.1
24	33576.7
25	33070
26	32481.4
27	31772.2
28	31767.9
29	31622.5
30	31306.1
31	31894.3
32	31546.3
33	32042.5
34	32974.9
35	33251
36	32609.9
37	31876.3
38	31449.7
39	30592.1
40	29768.1
41	28875
42	28406.2
43	28135.6
44	28282.6
45	28086.5
46	28142.4
47	28034.1
48	27492.6
49	26380.9
50	24702.1
51	23480.4
52	20503.9
53	19441.2
54	16322.9
55	12895.3
56	10048.8
57	8400.02
58	7314.63
59	5572.08
60	4792.58
61	4027.74
62	3583.67
63	3084.98
64	2736.44
65	2517.88
66	2427.91
67	2392.3
68	2422.53
69	2335.18
70	2297.28
71	2243.6
72	2191.05
73	2127.46
74	2126.52
75	2123.91
76	2122.88
77	2167.1
78	2153.32
79	2129.63
80	2165.27
81	2151
82	2117.54
83	2117.5
84	2123.92
85	2153.76
86	2185.85
87	2205.29
88	2197.06
89	2205.46
90	2245.1
91	2228.99
92	2252.68
93	2308.42
94	2320.05
95	2330.9
96	2448.52
97	2592.82
98	2716.53
99	2755.86
100	2766.89
101	2865.43
102	2872.76
103	2871.49
104	2974.08
105	2998.28
106	3062.74
107	3179.15
108	3279.59
109	3452.58
110	3657.88
111	4060.07
112	4307.24
113	4453.81
114	4522.28
115	4663.67
116	4965.83
117	5332.76
118	5662.63
119	5685.07
120	5876.34
121	6042.66
122	6380.29
123	6552.39
124	6690.42
125	6889.74
126	7087.13
127	7488.48
128	8004.36
129	8442.01
130	9077.21
131	9698.75
132	10107.2
133	10486.3
134	11031.5
135	11745.5
136	12411.9
137	13022.8
138	13388.7
139	13674.6
140	14128.7
141	14393.9
142	14489.1
143	14732.7
144	14688.4
145	14841.4
146	15051.7
147	15151.5
148	15524.2
149	15871
150	15998.2
151	16096.8
152	16291.3
153	16712.1
154	16980.2
155	17162.6
156	17234.9
157	17267.5
158	17232.4
159	17212.7
160	17212.7
161	17212.7
162	17212.7
163	17212.7
164	17212.7
165	17212.7
166	17212.7
167	17266.4
168	17299.8
169	17329.8
170	17363.1
171	17393.9
172	17393.9
173	17393.9
174	17491.6
175	17529.8
176	17529.8
177	17529.8
178	17529.8
179	17529.8
180	17529.8
181	17529.8
182	17529.8
183	17529.8
184	17529.8
185	17529.8
186	17529.8
187	17529.8
188	17529.8
189	17529.8
190	17529.8
191	17529.8
192	17529.8
193	17529.8
194	17529.8
195	17529.8
196	17529.8
197	17249.9
