Generation	Geometric_mean
1	184.948
2	184.948
3	184.948
4	184.948
5	4.01579e+06
6	4.01579e+06
7	4.01579e+06
8	4.01579e+06
9	4.07688e+06
10	4.0944e+06
11	4.10229e+06
12	4.10133e+06
13	4.29632e+06
14	4.38038e+06
15	4.4286e+06
16	4.43465e+06
17	4.31449e+06
18	4.36495e+06
19	4.41533e+06
20	4.41862e+06
21	4.47165e+06
22	4.54277e+06
23	4.55732e+06
24	4.55346e+06
25	4.55616e+06
26	4.51285e+06
27	4.48025e+06
28	4.5008e+06
29	4.51961e+06
30	4.51803e+06
31	4.5187e+06
32	4.51095e+06
33	4.50344e+06
34	4.48145e+06
35	4.44053e+06
36	4.41979e+06
37	4.37906e+06
38	4.39133e+06
39	4.3905e+06
40	4.41828e+06
41	4.42938e+06
42	4.46703e+06
43	4.48345e+06
44	4.51758e+06
45	4.54014e+06
46	4.54567e+06
47	4.55139e+06
48	4.5495e+06
49	4.5095e+06
50	4.50118e+06
51	4.46852e+06
52	4.44119e+06
53	4.45717e+06
54	4.43189e+06
55	4.42306e+06
56	4.40865e+06
57	4.36684e+06
58	4.32741e+06
59	4.29537e+06
60	4.29255e+06
61	4.29734e+06
62	4.31653e+06
63	4.30858e+06
64	4.29572e+06
65	4.31312e+06
66	4.33571e+06
67	4.36227e+06
68	4.4051e+06
69	4.45353e+06
70	4.45796e+06
71	4.4561e+06
72	4.42753e+06
73	4.37986e+06
74	4.36027e+06
75	4.36843e+06
76	4.34298e+06
77	4.35778e+06
78	4.34934e+06
79	4.34552e+06
80	4.35076e+06
81	4.33078e+06
82	4.30481e+06
83	4.29517e+06
84	4.28646e+06
85	4.27404e+06
86	4.25795e+06
87	4.26471e+06
88	4.24691e+06
89	4.22248e+06
90	4.24155e+06
91	4.23751e+06
92	4.1887e+06
93	4.13757e+06
94	4.08251e+06
95	4.08143e+06
96	4.10487e+06
97	4.11044e+06
98	4.15145e+06
99	4.1716e+06
100	4.19785e+06
101	4.18986e+06
102	4.14159e+06
103	4.10754e+06
104	4.06275e+06
105	4.05521e+06
106	4.07139e+06
107	4.07943e+06
108	4.09877e+06
109	4.12297e+06
110	4.15839e+06
111	4.21257e+06
112	4.25883e+06
113	4.26764e+06
114	4.25736e+06
115	4.25989e+06
116	4.23899e+06
117	4.24521e+06
118	4.26491e+06
119	4.23104e+06
120	4.26039e+06
121	4.25857e+06
122	4.2418e+06
123	4.21665e+06
124	4.17912e+06
125	4.17497e+06
126	4.13577e+06
127	4.15267e+06
128	4.19182e+06
129	4.19121e+06
130	4.1964e+06
131	4.19758e+06
132	4.19678e+06
133	4.17789e+06
134	4.16685e+06
135	4.1714e+06
136	4.19153e+06
137	4.20019e+06
138	4.21323e+06
139	4.23342e+06
140	4.24419e+06
141	4.32e+06
142	4.35497e+06
143	4.35546e+06
144	4.36359e+06
145	4.33957e+06
146	4.27857e+06
147	4.21844e+06
148	4.13222e+06
149	4.10513e+06
150	4.02201e+06
151	3.89031e+06
152	3.7661e+06
153	3.65898e+06
154	3.58227e+06
155	3.51125e+06
156	3.47519e+06
157	3.41113e+06
158	3.33404e+06
159	3.18374e+06
160	3.05239e+06
161	2.95294e+06
162	2.84787e+06
163	2.70528e+06
164	2.60916e+06
165	2.54205e+06
166	2.48529e+06
167	2.41e+06
168	2.27034e+06
169	2.0883e+06
170	1.72353e+06
171	1.1737e+06
172	1.1737e+06
173	1.1737e+06
174	1.1737e+06
175	26627.8
176	26627.8
177	26627.8
178	26627.8
179	541.567
180	541.567
181	541.567
182	541.567
183	451.336
