Generation	Geometric_mean
1	692.047
2	692.047
3	692.047
4	692.047
5	479.105
6	465.958
7	439.668
8	422.647
9	452.756
10	459.599
11	669.537
12	992.923
13	100534
14	409624
15	485052
16	487226
17	485703
18	489462
19	491612
20	496680
21	501383
22	509392
23	509055
24	510255
25	513638
26	503487
27	497676
28	503913
29	503323
30	498902
31	509922
32	516700
33	516064
34	518197
35	533082
36	540392
37	529869
38	526403
39	532552
40	538001
41	543968
42	541628
43	550579
44	557002
45	569032
46	576607
47	585702
48	587379
49	577041
50	570364
51	566844
52	566468
53	564546
54	565547
55	575549
56	571428
57	575187
58	576925
59	574707
60	574724
61	579342
62	585327
63	580622
64	578327
65	575406
66	575241
67	581196
68	588740
69	589004
70	590161
71	587215
72	593269
73	585096
74	581152
75	575273
76	559200
77	549036
78	538603
79	535757
80	544020
81	554215
82	563280
83	573767
84	586433
85	586552
86	593325
87	577037
88	559610
89	548174
90	539443
91	539805
92	529593
93	525624
94	514571
95	518793
96	535130
97	544032
98	553960
99	564932
100	548694
101	548666
102	544599
103	544659
104	554343
105	555971
106	551152
107	543780
108	550126
109	551907
110	553970
111	566914
112	576422
113	587663
114	587227
115	587331
116	587182
117	573851
118	561004
119	562242
120	561968
121	562439
122	556738
123	555236
124	534069
125	529221
126	524861
127	524698
128	523634
129	531493
130	537632
131	533659
132	526197
133	524208
134	524838
135	511250
136	513814
137	519632
138	523035
139	529618
140	521094
141	516793
142	499675
143	477357
144	463323
145	445136
146	438734
147	430451
148	407912
149	398279
150	382500
151	369123
152	348724
153	327458
154	303779
155	286227
156	274706
157	263141
158	255574
159	248954
160	234838
161	221906
162	212566
163	205250
164	200069
165	190528
166	182695
167	174465
168	173508
169	163314
170	157017
171	151932
172	147383
173	145778
174	145262
175	142337
176	139847
177	132912
178	127327
179	125025
180	121750
181	116958
182	110861
183	104267
184	99874
185	98502.9
186	98502.9
187	97052.1
188	97052.1
189	91070.8
190	91070.8
191	91070.8
192	91070.8
193	1925.46
194	1925.46
195	1925.46
196	1925.46
197	1617.92
