Generation	Geometric_mean
1	265.221
2	265.221
3	265.221
4	265.221
5	8246.04
6	8246.04
7	8246.04
8	8246.04
9	10227.9
10	10512.5
11	10653.4
12	10624.8
13	11285.9
14	11609
15	11665.3
16	11666.5
17	11627.9
18	12013.4
19	11932.9
20	11988.1
21	12390.2
22	12708.3
23	12860.1
24	11982.4
25	12015
26	12597.4
27	12862.4
28	12688.6
29	12374.3
30	12022.7
31	12031.6
32	11137
33	11166.4
34	11345
35	11301.3
36	11448.4
37	11415.4
38	11108.4
39	10923.9
40	10784.3
41	10808.6
42	10418.3
43	10581.6
44	10445.3
45	10429.2
46	10376.8
47	10164.6
48	9792.42
49	9385.44
50	9295.27
51	9426.14
52	9644.22
53	9667.04
54	9702.91
55	9671.64
56	9544.32
57	9568.47
58	9682.05
59	9550.52
60	9409.03
61	9434.26
62	9372.57
63	9243.88
64	9191.99
65	9125.37
66	8942.28
67	8858.92
68	8530.8
69	8543.77
70	8095.91
71	7863.88
72	7626.47
73	7617.89
74	7737.51
75	7461.77
76	7194.67
77	6900.73
78	6746.16
79	6690.66
80	6697.26
81	6665.12
82	6496.91
83	6294.28
84	5984.96
85	5713.5
86	5563.05
87	5395.08
88	5272.35
89	5199.09
90	5083.69
91	4787.04
92	4623.23
93	4522.48
94	4468.19
95	4391.04
96	4290.01
97	4156.73
98	4019.84
99	3884.02
100	3857.08
101	3810.45
102	3702.54
103	3680.89
104	3607.66
105	3622.75
106	3662.68
107	3572.28
108	3484.27
109	3399.09
110	3302.89
111	3158.87
112	3055.63
113	2906.23
114	2824.01
115	2843.16
116	2796.2
117	2693.52
118	2600.4
119	2594.74
120	2554.63
121	2573.67
122	2552.42
123	2485.62
124	2465.83
125	2387.26
126	2278.37
127	2203.4
128	2226.56
129	2239.19
130	2244.61
131	2255.38
132	2251.24
133	2219.63
134	2174.31
135	2119.21
136	2068.18
137	2037.36
138	2063.15
139	2046.63
140	2056.42
141	2123.46
142	2135.68
143	2133.55
144	2146.74
145	2199.14
146	2373.62
147	2447.74
148	2509.5
149	2504.92
150	2574.22
151	2646.41
152	2760.56
153	2872.71
154	3076.62
155	3352.38
156	3734.95
157	4307.97
158	5102.9
159	6174.68
160	7343.58
161	8099
162	8846.65
163	9488.12
164	10234.7
165	10606.6
166	10640.3
167	10751.1
168	11543.8
169	11759.6
170	12228.2
171	12551.8
172	12551.8
173	12551.8
174	12551.8
175	12715.6
176	13024.4
177	14144.9
178	14314.1
179	14314.1
180	14625.9
181	14945.4
182	15262.5
183	15583
184	15746.9
185	15746.9
186	15896
187	15896
188	15896
189	15896
190	15896
191	15896
192	15896
193	15896
194	15896
195	15896
196	15896
197	16750
