Generation	Geometric_mean
1	115.792
2	115.792
3	115.792
4	115.792
5	3.89679e+06
6	3.89679e+06
7	3.89679e+06
8	3.89679e+06
9	4.00218e+06
10	4.02177e+06
11	4.01471e+06
12	4.01529e+06
13	4.02572e+06
14	4.00686e+06
15	4.01034e+06
16	4.04568e+06
17	4.09048e+06
18	4.13091e+06
19	4.15707e+06
20	4.11192e+06
21	4.09819e+06
22	4.03086e+06
23	4.00796e+06
24	3.97248e+06
25	3.94045e+06
26	3.97131e+06
27	3.97731e+06
28	4.00859e+06
29	4.08122e+06
30	4.10079e+06
31	4.07226e+06
32	4.07517e+06
33	4.06507e+06
34	4.00549e+06
35	4.01124e+06
36	4.00208e+06
37	4.03152e+06
38	4.08975e+06
39	4.12322e+06
40	4.19178e+06
41	4.21382e+06
42	4.21512e+06
43	4.24472e+06
44	4.26142e+06
45	4.30205e+06
46	4.31357e+06
47	4.32809e+06
48	4.31465e+06
49	4.2998e+06
50	4.32252e+06
51	4.35103e+06
52	4.33176e+06
53	4.28155e+06
54	4.17975e+06
55	4.12033e+06
56	4.09438e+06
57	4.05735e+06
58	4.09203e+06
59	4.06411e+06
60	4.03426e+06
61	3.99546e+06
62	3.95379e+06
63	3.89088e+06
64	3.849e+06
65	3.83516e+06
66	3.88672e+06
67	3.86211e+06
68	3.82928e+06
69	3.89002e+06
70	3.85417e+06
71	3.85874e+06
72	3.83992e+06
73	3.83582e+06
74	3.77524e+06
75	3.79968e+06
76	3.79873e+06
77	3.78399e+06
78	3.85762e+06
79	3.9489e+06
80	3.99799e+06
81	4.03261e+06
82	4.0658e+06
83	4.05514e+06
84	3.98345e+06
85	3.927e+06
86	3.87942e+06
87	3.84577e+06
88	3.86847e+06
89	3.88524e+06
90	3.9077e+06
91	3.9538e+06
92	3.97463e+06
93	3.99075e+06
94	3.96905e+06
95	3.91768e+06
96	3.89607e+06
97	3.92006e+06
98	3.9277e+06
99	3.98921e+06
100	4.0034e+06
101	4.04436e+06
102	4.03375e+06
103	3.99501e+06
104	3.91759e+06
105	3.82359e+06
106	3.7806e+06
107	3.6948e+06
108	3.67961e+06
109	3.67904e+06
110	3.59338e+06
111	3.55831e+06
112	3.54595e+06
113	3.54595e+06
114	3.58785e+06
115	3.58709e+06
116	3.59472e+06
117	3.60096e+06
118	3.60404e+06
119	3.53697e+06
120	3.46409e+06
121	3.43146e+06
122	3.39726e+06
123	3.35475e+06
124	3.3895e+06
125	3.35778e+06
126	3.30332e+06
127	3.29812e+06
128	3.27257e+06
129	3.16219e+06
130	3.01158e+06
131	2.97269e+06
132	2.89511e+06
133	2.86902e+06
134	2.81607e+06
135	2.76258e+06
136	2.67078e+06
137	2.60246e+06
138	2.59171e+06
139	2.47227e+06
140	2.37311e+06
141	2.27941e+06
142	2.19132e+06
143	2.09142e+06
144	1.98658e+06
145	1.81699e+06
146	1.67971e+06
147	1.59617e+06
148	1.47804e+06
149	1.42073e+06
150	1.38824e+06
151	1.34266e+06
152	1.2809e+06
153	1.252e+06
154	1.20878e+06
155	1.18129e+06
156	1.15315e+06
157	1.1139e+06
158	1.07601e+06
159	1.04905e+06
160	1.03182e+06
161	1.00153e+06
162	985506
163	957745
164	950593
165	942746
166	938895
167	938895
168	934911
169	934911
170	934911
171	641274
172	22375.9
173	22375.9
174	22375.9
175	22375.9
176	19318.6
