Generation	Geometric_mean
1	224.236
2	224.236
3	224.236
4	224.236
5	217238
6	217238
7	217238
8	217238
9	240816
10	245290
11	247611
12	248002
13	257708
14	265490
15	272533
16	273734
17	254589
18	246344
19	238405
20	236398
21	240466
22	242321
23	241087
24	237545
25	238691
26	230894
27	226747
28	215381
29	212717
30	210804
31	206156
32	203923
33	206102
34	207862
35	210844
36	202875
37	200463
38	195885
39	192218
40	189918
41	190369
42	188606
43	185113
44	181794
45	178389
46	178115
47	175650
48	176783
49	172663
50	164623
51	157745
52	133327
53	117109
54	82866.3
55	62429.1
56	54053.7
57	40713
58	30212.9
59	26033.8
60	20443.5
61	18500.5
62	14925.4
63	12251.4
64	10129.8
65	9056.81
66	8397.55
67	8013.19
68	7920.3
69	7924.89
70	7758.26
71	7720.99
72	7717.32
73	7750.94
74	7771.62
75	7819.23
76	7748.01
77	7174.25
78	7038.54
79	6830.05
80	6377.65
81	6311.22
82	6172.26
83	5971.06
84	6046.51
85	6079.88
86	6016.87
87	5988.28
88	5922.11
89	5866.38
90	5888.18
91	5557.13
92	5438.41
93	5396.64
94	5222.28
95	5049
96	4950.79
97	4772.59
98	4622.67
99	4480.2
100	4421.28
101	4302.81
102	4179.7
103	4079.72
104	4054.36
105	3911.64
106	3667.75
107	3423.02
108	3285.88
109	3123.14
110	2944.36
111	2827.26
112	2699.78
113	2610.79
114	2500.65
115	2376.58
116	2295.94
117	2254.98
118	2162.1
119	2029.53
120	1904.4
121	1842.42
122	1792.72
123	1724.36
124	1668.68
125	1657.03
126	1647.94
127	1640.59
128	1565.17
129	1533.07
130	1594.03
131	1598.39
132	1562.85
133	1552.77
134	1558.1
135	1574.44
136	1643.68
137	1674.91
138	1640.19
139	1609.37
140	1649.46
141	1716.95
142	1804.86
143	1866.93
144	1979.18
145	2061.32
146	2118.16
147	2168.9
148	2197.53
149	2268.71
150	2443.45
151	2576.52
152	2847.27
153	3068.21
154	3594.07
155	4016.71
156	4412.63
157	4862.03
158	5258.19
159	5663.79
160	5979.6
161	6199.44
162	6541.16
163	7318.8
164	8487.38
165	9808.48
166	10639.5
167	12005.6
168	12875
169	13324
170	13485.4
171	13485.4
172	13645.2
173	13645.2
174	13645.2
175	13645.2
176	13645.2
177	13645.2
178	13645.2
179	13645.2
180	13645.2
181	13645.2
182	13645.2
183	13645.2
184	13645.2
185	13645.2
186	13645.2
187	13645.2
188	13645.2
189	13645.2
190	13645.2
191	13645.2
192	13645.2
193	13645.2
194	13645.2
195	13645.2
196	14813.8
