Generation	Geometric_mean
1	244.774
2	244.774
3	244.774
4	244.774
5	10403.4
6	10403.4
7	10403.4
8	10403.4
9	13763.2
10	14224.8
11	14260.7
12	14279
13	15442.5
14	15654.8
15	15632.4
16	15625.3
17	16394.3
18	16805.4
19	17024.6
20	17008.7
21	17243.6
22	17764.9
23	17832.2
24	17829.8
25	18008.9
26	17882.1
27	17331.8
28	16621.2
29	16517.7
30	16308.5
31	16306.4
32	16101.1
33	15922.2
34	15809.4
35	15755.4
36	16000
37	16071.6
38	15877.2
39	15412
40	15058.7
41	14550.4
42	14411.5
43	14321.7
44	14042.6
45	13399.1
46	12774.2
47	12433.9
48	11890.6
49	11577
50	11446.7
51	11382.6
52	11508.2
53	11592.1
54	11534.1
55	11455.3
56	11195.3
57	10925.7
58	10537.5
59	10324.8
60	10051.1
61	9656.08
62	9273.59
63	8904.55
64	8566.57
65	8171.36
66	7913.55
67	7813.08
68	7547.12
69	7444.38
70	7322.95
71	7269.87
72	7098.33
73	6767.52
74	6598.17
75	6568.77
76	6388.11
77	6192.98
78	6001.93
79	5321.59
80	4711.14
81	4289.64
82	4236.33
83	3808.13
84	3665.97
85	3596.4
86	3579.26
87	3427.08
88	3232.87
89	3187.89
90	3028.33
91	2881.81
92	2702.39
93	2631.45
94	2513.36
95	2412.85
96	2324.95
97	2311.18
98	2315.33
99	2327.56
100	2315.61
101	2282.94
102	2273.56
103	2261.87
104	2238.47
105	2236.71
106	2217.86
107	2181.14
108	2146.35
109	2101.08
110	2060.11
111	2091.67
112	2159.34
113	2155.44
114	2209.42
115	2237.21
116	2193.73
117	2165.82
118	2172.51
119	2151.89
120	2133.55
121	2226.46
122	2241.26
123	2265.54
124	2347.74
125	2363.46
126	2424.03
127	2466.34
128	2486.79
129	2569.14
130	2546.32
131	2565.92
132	2614.03
133	2613.78
134	2655.09
135	2699.14
136	2870.47
137	3094.66
138	3356.52
139	3571.42
140	3782.17
141	3936.54
142	3965.29
143	4180.11
144	4572.17
145	4995.08
146	5636.5
147	6566.67
148	7495.48
149	8600.46
150	9100.99
151	9603.03
152	10048.6
153	10858.9
154	11710.6
155	12189.6
156	13007
157	13831.4
158	14736.7
159	14934.8
160	15432.6
161	15432.6
162	15432.6
163	15432.6
164	15432.6
165	15432.6
166	15432.6
167	15432.6
168	15432.6
169	15432.6
170	15432.6
171	15432.6
172	15432.6
173	15432.6
174	15432.6
175	15432.6
176	15432.6
177	15432.6
178	15432.6
179	15432.6
180	15432.6
181	15432.6
182	15432.6
183	15432.6
184	15432.6
185	15432.6
186	15432.6
187	15432.6
188	15432.6
189	15432.6
190	15432.6
191	15432.6
192	15432.6
193	15432.6
194	15432.6
195	15432.6
196	15432.6
197	16269.7
