Generation	Geometric_mean
1	235.784
2	235.784
3	235.784
4	235.784
5	104416
6	104416
7	104416
8	104416
9	118618
10	122206
11	123160
12	123160
13	121859
14	121990
15	121357
16	120500
17	121683
18	121796
19	122085
20	122186
21	118706
22	117096
23	119291
24	121133
25	120103
26	121264
27	121940
28	118783
29	117377
30	118291
31	116123
32	113217
33	110145
34	108847
35	106371
36	104499
37	105181
38	103791
39	100510
40	98131.9
41	95504.8
42	93705.9
43	91429.9
44	90967.5
45	87378.3
46	84439.5
47	81335.5
48	78974.6
49	77263.2
50	79180.5
51	79960.2
52	79455.8
53	79653.6
54	79068.6
55	77203.6
56	75736.8
57	74107.2
58	71897.7
59	69770.7
60	67508.8
61	66201.8
62	64666.3
63	59266.8
64	50238.6
65	43427.7
66	33305.9
67	18964.4
68	11465.4
69	4176.75
70	3080.15
71	2075.72
72	1790.63
73	1589.43
74	1524.97
75	1304.81
76	1158.57
77	1063.9
78	1040.14
79	997.298
80	984.513
81	977.907
82	974.581
83	971.885
84	967.723
85	1010.51
86	1036
87	1048.87
88	1046.85
89	1011.47
90	1056.74
91	1118.44
92	1170.8
93	1191.88
94	1247.35
95	1582.85
96	2983.78
97	9404.69
98	23450.7
99	76542.9
100	155590
101	313122
102	410201
103	494521
104	602353
105	686353
106	858188
107	975603
108	1.0517e+06
109	1.06597e+06
110	1.07678e+06
111	1.06832e+06
112	1.05941e+06
113	1.07303e+06
114	1.08027e+06
115	1.10836e+06
116	1.10946e+06
117	1.16559e+06
118	1.15309e+06
119	1.19799e+06
120	1.37762e+06
121	1.49952e+06
122	1.5389e+06
123	1.59044e+06
124	1.68171e+06
125	1.73542e+06
126	1.81268e+06
127	1.85994e+06
128	1.96623e+06
129	2.06306e+06
130	2.11072e+06
131	2.10913e+06
132	2.1011e+06
133	2.09943e+06
134	2.11945e+06
135	2.12577e+06
136	2.14006e+06
137	2.15476e+06
138	2.21195e+06
139	2.25212e+06
140	2.30468e+06
141	2.35183e+06
142	2.38384e+06
143	2.43325e+06
144	2.42434e+06
145	2.41311e+06
146	2.39535e+06
147	2.39921e+06
148	2.40498e+06
149	2.41861e+06
150	2.42506e+06
151	2.44395e+06
152	2.4728e+06
153	2.50374e+06
154	2.53696e+06
155	2.55871e+06
156	2.58472e+06
157	2.60169e+06
158	2.6071e+06
159	2.60869e+06
160	2.60869e+06
161	2.60869e+06
162	2.60869e+06
163	2.60869e+06
164	2.60869e+06
165	2.60869e+06
166	2.60869e+06
167	2.60869e+06
168	2.60869e+06
169	2.60869e+06
170	2.60869e+06
171	2.60869e+06
172	2.60869e+06
173	2.60869e+06
174	2.60869e+06
175	2.60869e+06
176	2.60869e+06
177	2.60869e+06
178	2.60869e+06
179	2.60869e+06
180	2.60869e+06
181	2.60869e+06
182	2.60869e+06
183	2.60869e+06
184	2.60869e+06
185	2.60869e+06
186	2.60869e+06
187	2.60869e+06
188	2.60869e+06
189	2.60869e+06
190	2.60869e+06
191	2.60869e+06
192	2.60869e+06
193	2.60869e+06
194	2.60869e+06
195	2.60869e+06
196	2.60869e+06
197	2.62414e+06
