Generation	Geometric_mean
1	136.179
2	136.179
3	136.179
4	136.179
5	3.16014e+06
6	3.16014e+06
7	3.16014e+06
8	3.16014e+06
9	3.08554e+06
10	3.0421e+06
11	3.02085e+06
12	3.01961e+06
13	3.01781e+06
14	3.05014e+06
15	3.07461e+06
16	3.04571e+06
17	2.92977e+06
18	2.89565e+06
19	2.88962e+06
20	2.94169e+06
21	3.01464e+06
22	3.00613e+06
23	2.93287e+06
24	2.8526e+06
25	2.79513e+06
26	2.79599e+06
27	2.80953e+06
28	2.85057e+06
29	2.88244e+06
30	2.95257e+06
31	2.95747e+06
32	2.93066e+06
33	2.89751e+06
34	2.84085e+06
35	2.86296e+06
36	2.9044e+06
37	3.00066e+06
38	3.04644e+06
39	3.06648e+06
40	3.09542e+06
41	3.14541e+06
42	3.12354e+06
43	3.08314e+06
44	3.11431e+06
45	3.10518e+06
46	3.06996e+06
47	3.02154e+06
48	3.04846e+06
49	3.10255e+06
50	3.16007e+06
51	3.16924e+06
52	3.07306e+06
53	3.06221e+06
54	2.97845e+06
55	2.98409e+06
56	3.03688e+06
57	3.0463e+06
58	3.05087e+06
59	3.00778e+06
60	3.00029e+06
61	2.9672e+06
62	2.96379e+06
63	2.98534e+06
64	3.00257e+06
65	2.99168e+06
66	2.99939e+06
67	2.9757e+06
68	2.90522e+06
69	2.83456e+06
70	2.87604e+06
71	2.96376e+06
72	2.97015e+06
73	2.88041e+06
74	2.74338e+06
75	2.66626e+06
76	2.58487e+06
77	2.44392e+06
78	2.46243e+06
79	2.46985e+06
80	2.4525e+06
81	2.47294e+06
82	2.45798e+06
83	2.46231e+06
84	2.43896e+06
85	2.40781e+06
86	2.30327e+06
87	2.24991e+06
88	2.18842e+06
89	2.12507e+06
90	2.01509e+06
91	1.91454e+06
92	1.75289e+06
93	1.60137e+06
94	1.50203e+06
95	1.26946e+06
96	996669
97	904511
98	760355
99	624494
100	415734
101	193245
102	135657
103	112356
104	81707.4
105	39903.1
106	21175.4
107	15412.9
108	12991.9
109	11026.2
110	9011.9
111	6475.56
112	3815.32
113	2990.89
114	2376.29
115	2196.41
116	1985.68
117	1910.56
118	1706.23
119	1546.93
120	1471.3
121	1328.24
122	1251.19
123	1184.99
124	1128.86
125	1088.98
126	1038.77
127	976.815
128	950.48
129	911.706
130	893.266
131	875.477
132	853.689
133	838.692
134	822.438
135	814.025
136	803.261
137	797.409
138	794.877
139	800.275
140	809.245
141	823.239
142	835.193
143	847.589
144	857.514
145	868.533
146	896.867
147	940.322
148	993.131
149	1033.56
150	1091.7
151	1184.47
152	1337.12
153	1439.12
154	1536.44
155	1654.09
156	1789.25
157	1899.07
158	2014.18
159	2127.39
160	2145.66
161	2145.66
162	2145.66
163	2145.66
164	2145.66
165	2145.66
166	2145.66
167	2145.66
168	2145.66
169	2145.66
170	2145.66
171	2145.66
172	2145.66
173	2145.66
174	2145.66
175	2145.66
176	2145.66
177	2145.66
178	2145.66
179	2145.66
180	2145.66
181	2145.66
182	2265.26
