Generation	Geometric_mean
1	259.363
2	259.363
3	259.363
4	259.363
5	46388.5
6	46388.5
7	46388.5
8	46388.5
9	46998.9
10	47814.7
11	47715.3
12	47873.1
13	51318.2
14	54072.1
15	54085.6
16	53718.1
17	52564.6
18	51440.5
19	50424.6
20	49507
21	49246.3
22	49545.1
23	48262
24	46756.4
25	46158.9
26	45744.3
27	45348
28	45148.5
29	44634.9
30	44010.1
31	42259
32	41622.5
33	40450.4
34	40029.2
35	40834.2
36	38940.6
37	37210.3
38	36571.6
39	31725.7
40	11117.5
41	3430.69
42	2303.21
43	1433.93
44	843.314
45	742.431
46	725.153
47	696.581
48	729.891
49	762.916
50	781.45
51	770.93
52	831.837
53	1072
54	1119.39
55	5915.55
56	133085
57	613997
58	2.58558e+06
59	3.46395e+06
60	3.49466e+06
61	3.47316e+06
62	3.42766e+06
63	3.4259e+06
64	3.40999e+06
65	3.37121e+06
66	3.38825e+06
67	3.39515e+06
68	3.40074e+06
69	3.40687e+06
70	3.45562e+06
71	3.52173e+06
72	3.55951e+06
73	3.5553e+06
74	3.55992e+06
75	3.52684e+06
76	3.47274e+06
77	3.43463e+06
78	3.38088e+06
79	3.368e+06
80	3.3701e+06
81	3.42062e+06
82	3.47971e+06
83	3.5433e+06
84	3.55875e+06
85	3.53746e+06
86	3.48034e+06
87	3.46916e+06
88	3.43633e+06
89	3.41737e+06
90	3.43751e+06
91	3.45749e+06
92	3.49236e+06
93	3.52043e+06
94	3.52795e+06
95	3.53585e+06
96	3.55144e+06
97	3.57777e+06
98	3.57544e+06
99	3.59751e+06
100	3.64176e+06
101	3.63982e+06
102	3.66712e+06
103	3.64226e+06
104	3.61877e+06
105	3.61849e+06
106	3.66611e+06
107	3.71042e+06
108	3.73106e+06
109	3.69326e+06
110	3.67598e+06
111	3.70604e+06
112	3.71071e+06
113	3.78575e+06
114	3.76486e+06
115	3.81062e+06
116	3.75932e+06
117	3.67051e+06
118	3.64546e+06
119	3.59752e+06
120	3.58245e+06
121	3.5769e+06
122	3.55844e+06
123	3.55193e+06
124	3.60292e+06
125	3.65244e+06
126	3.72737e+06
127	3.76899e+06
128	3.78462e+06
129	3.82386e+06
130	3.82282e+06
131	3.82297e+06
132	3.8167e+06
133	3.79572e+06
134	3.81058e+06
135	3.8345e+06
136	3.86014e+06
137	3.90719e+06
138	3.93127e+06
139	3.93981e+06
140	3.97363e+06
141	3.99203e+06
142	4.03214e+06
143	4.06361e+06
144	4.10939e+06
145	4.13521e+06
146	4.16272e+06
147	4.19061e+06
148	4.19396e+06
149	4.21177e+06
150	4.21344e+06
151	4.20818e+06
152	4.21366e+06
153	4.23529e+06
154	4.25565e+06
155	4.26657e+06
156	4.27197e+06
157	4.27268e+06
158	4.27268e+06
159	4.27268e+06
160	4.27268e+06
161	4.27268e+06
162	4.27268e+06
163	4.27268e+06
164	4.27268e+06
165	4.27268e+06
166	4.27268e+06
167	4.27268e+06
168	4.27268e+06
169	4.27268e+06
170	4.27268e+06
171	4.27268e+06
172	4.27268e+06
173	4.27268e+06
174	4.27268e+06
175	4.27268e+06
176	4.27268e+06
177	4.27268e+06
178	4.27268e+06
179	4.27268e+06
180	4.27268e+06
181	4.27268e+06
182	4.27268e+06
183	4.27268e+06
184	4.27268e+06
185	4.27268e+06
186	4.27268e+06
187	4.27268e+06
188	4.27268e+06
189	4.27268e+06
190	4.27268e+06
191	4.27268e+06
192	4.27268e+06
193	4.27268e+06
194	4.27268e+06
195	4.27268e+06
196	4.27268e+06
197	4.29419e+06
