Generation	Geometric_mean
1	285.116
2	285.116
3	285.116
4	285.116
5	9999.65
6	9999.65
7	9999.65
8	9999.65
9	13939.1
10	14284.9
11	14283.8
12	14285.4
13	15350.7
14	15615.6
15	15807.4
16	15828.9
17	15806.8
18	15434.6
19	15105
20	14861.7
21	14729.2
22	14216.9
23	13718.2
24	13702.4
25	13256.7
26	13097.4
27	13192.7
28	12746
29	12845.4
30	12769.2
31	12514.8
32	12214.6
33	11705.2
34	11173.7
35	10620.5
36	9349.66
37	9102.92
38	8162.71
39	6710.98
40	5146.55
41	4136.5
42	3291.53
43	2596.03
44	2202.01
45	2090.36
46	1991.97
47	1921.57
48	1796.26
49	1777.74
50	1732.48
51	1726.32
52	1677.89
53	1635.93
54	1638.85
55	1600.27
56	1584.33
57	1567.77
58	1583.11
59	1560.49
60	1551.38
61	1553.68
62	1555.88
63	1554.12
64	1532.42
65	1554.7
66	1572.51
67	1596.76
68	1691.85
69	1759.22
70	1824.17
71	1888.27
72	2002.68
73	2107.6
74	2210.67
75	2294.52
76	3041.37
77	3736.26
78	5151.47
79	6588.4
80	9287.28
81	10329.4
82	13822.3
83	17956.5
84	21724.3
85	25871.8
86	33871.1
87	35762
88	46019.3
89	51683.6
90	64731.3
91	82672.2
92	98825.2
93	101893
94	113152
95	114507
96	113189
97	112691
98	111172
99	110801
100	115559
101	115929
102	116885
103	116409
104	114867
105	115187
106	114033
107	113812
108	114228
109	115910
110	116610
111	118064
112	118986
113	118135
114	115743
115	116631
116	116764
117	118270
118	117538
119	116935
120	118721
121	118623
122	118136
123	119754
124	120716
125	122274
126	124837
127	127080
128	124917
129	124442
130	121162
131	120974
132	120657
133	120826
134	122669
135	122537
136	122822
137	122992
138	124236
139	125075
140	123778
141	122879
142	122674
143	120875
144	120024
145	116499
146	113674
147	112199
148	111130
149	111269
150	112073
151	112661
152	112451
153	111652
154	111669
155	112335
156	112738
157	112581
158	112477
159	112490
160	112451
161	112451
162	112451
163	112453
164	112453
165	112453
166	112453
167	112453
168	112453
169	112453
170	112453
171	112453
172	112453
173	112453
174	112453
175	112453
176	112453
177	112453
178	112453
179	112453
180	112453
181	112453
182	112453
183	112453
184	112453
185	112453
186	112453
187	112453
188	112453
189	112453
190	112453
191	112453
192	112453
193	112453
194	112453
195	112453
196	111860
