Generation	Geometric_mean
1	633.618
2	633.618
3	633.618
4	633.618
5	610.858
6	594.674
7	572.53
8	571.386
9	559.695
10	516.935
11	520.121
12	527.998
13	735.693
14	3750.49
15	132118
16	283447
17	285597
18	286343
19	314398
20	312695
21	312641
22	318562
23	322036
24	322429
25	319220
26	309844
27	307276
28	305140
29	301860
30	304943
31	309358
32	309714
33	310662
34	311444
35	320963
36	329996
37	337386
38	337720
39	341767
40	336351
41	337068
42	334699
43	332427
44	326795
45	327175
46	328513
47	326123
48	327474
49	323374
50	322253
51	325468
52	329102
53	328788
54	329639
55	331336
56	336387
57	336945
58	336015
59	334124
60	328769
61	321635
62	316431
63	323601
64	324749
65	328729
66	336885
67	349003
68	355588
69	356142
70	354077
71	353452
72	351173
73	351704
74	345027
75	344347
76	340951
77	336177
78	329895
79	331076
80	328870
81	328217
82	331846
83	330289
84	335925
85	333834
86	327433
87	326438
88	332731
89	339245
90	340370
91	346598
92	349270
93	352202
94	354634
95	359624
96	358476
97	362615
98	358685
99	356057
100	348777
101	348321
102	340042
103	335019
104	330597
105	339833
106	338755
107	341710
108	341618
109	336267
110	334232
111	326883
112	320370
113	320406
114	324719
115	331392
116	337404
117	343333
118	346405
119	347832
120	354837
121	361174
122	360893
123	358137
124	352102
125	350489
126	348458
127	347082
128	344308
129	339098
130	335905
131	335241
132	334512
133	336981
134	331377
135	322259
136	321667
137	319081
138	314699
139	311989
140	312761
141	310933
142	306532
143	304027
144	294250
145	288680
146	283774
147	276844
148	268736
149	254335
150	243831
151	231534
152	215331
153	201646
154	191223
155	174144
156	160905
157	154461
158	151996
159	146885
160	140865
161	134249
162	131174
163	125161
164	121974
165	117538
166	112291
167	109678
168	103621
169	98432.2
170	92378
171	87737.3
172	84792.8
173	81188.1
174	75208.8
175	70743.6
176	67322.6
177	60970.2
178	57919
179	56306.4
180	54200.3
181	53118.7
182	52819
183	52445
184	52445
185	52445
186	52445
187	52445
188	52445
189	52445
190	52445
191	52445
192	52445
193	1110.82
194	1110.82
195	1110.82
196	1110.82
197	934.415
