Generation	Geometric_mean
1	226.07
2	226.07
3	226.07
4	226.07
5	118126
6	118126
7	118126
8	118126
9	126493
10	130284
11	131528
12	131661
13	132184
14	131914
15	131063
16	130362
17	130798
18	131078
19	132686
20	132600
21	133483
22	136141
23	136614
24	134344
25	130766
26	129717
27	129573
28	129708
29	127608
30	126028
31	125035
32	124573
33	126332
34	127673
35	125102
36	122115
37	117892
38	112983
39	110953
40	104941
41	98667
42	94904.4
43	92990.5
44	92570
45	93609.6
46	95318.2
47	94045.7
48	91114
49	87292.5
50	84116.5
51	82103.8
52	79381.9
53	75693.8
54	72816.6
55	70511.1
56	69672.7
57	68204
58	65543.7
59	62543
60	59924.5
61	57066.6
62	53981.4
63	52959.2
64	52592.2
65	50622.1
66	42310.9
67	39602.6
68	27744.1
69	9982.12
70	5191.32
71	2104.83
72	1570.78
73	1488.97
74	1399.15
75	1140.43
76	994.928
77	912.17
78	848.867
79	815.076
80	808.617
81	797.709
82	805.18
83	829.904
84	851.79
85	862.691
86	867.499
87	891.629
88	929.593
89	980.157
90	1032.72
91	1094.24
92	1583.33
93	2029.15
94	4184.58
95	8809.38
96	37011.3
97	98196.7
98	205332
99	293692
100	339103
101	372137
102	498805
103	591688
104	736309
105	1.0246e+06
106	1.41423e+06
107	1.69942e+06
108	1.79296e+06
109	1.82133e+06
110	1.89693e+06
111	1.97906e+06
112	2.16249e+06
113	2.13618e+06
114	2.14523e+06
115	2.15139e+06
116	2.15184e+06
117	2.15451e+06
118	2.10982e+06
119	2.11219e+06
120	2.09897e+06
121	2.06063e+06
122	2.0501e+06
123	2.05673e+06
124	2.07108e+06
125	2.16017e+06
126	2.1968e+06
127	2.23905e+06
128	2.24369e+06
129	2.24892e+06
130	2.25028e+06
131	2.22585e+06
132	2.20754e+06
133	2.18244e+06
134	2.22151e+06
135	2.29043e+06
136	2.38628e+06
137	2.45759e+06
138	2.52052e+06
139	2.58405e+06
140	2.6063e+06
141	2.6253e+06
142	2.62446e+06
143	2.66044e+06
144	2.7033e+06
145	2.7372e+06
146	2.76546e+06
147	2.78395e+06
148	2.81051e+06
149	2.82044e+06
150	2.83597e+06
151	2.8367e+06
152	2.83352e+06
153	2.83072e+06
154	2.83815e+06
155	2.84531e+06
156	2.84208e+06
157	2.83978e+06
158	2.83852e+06
159	2.83852e+06
160	2.83912e+06
161	2.83908e+06
162	2.83908e+06
163	2.83908e+06
164	2.83908e+06
165	2.83908e+06
166	2.83908e+06
167	2.83908e+06
168	2.83908e+06
169	2.83908e+06
170	2.83908e+06
171	2.83908e+06
172	2.83908e+06
173	2.83908e+06
174	2.83908e+06
175	2.83908e+06
176	2.83908e+06
177	2.83908e+06
178	2.83908e+06
179	2.83908e+06
180	2.83908e+06
181	2.83908e+06
182	2.83908e+06
183	2.83908e+06
184	2.83908e+06
185	2.83908e+06
186	2.83908e+06
187	2.83908e+06
188	2.83908e+06
189	2.83908e+06
190	2.83908e+06
191	2.83908e+06
192	2.83908e+06
193	2.83908e+06
194	2.83908e+06
195	2.83908e+06
196	2.83908e+06
197	2.90598e+06
