Generation	Geometric_mean
1	215.779
2	215.779
3	215.779
4	215.779
5	271708
6	271708
7	271708
8	271708
9	254232
10	260259
11	260760
12	261010
13	262924
14	264989
15	269487
16	276306
17	285676
18	293804
19	298863
20	298639
21	298781
22	290031
23	285311
24	283629
25	282796
26	274892
27	268208
28	265207
29	258161
30	256737
31	260844
32	263368
33	265962
34	260699
35	250359
36	244083
37	237809
38	219424
39	208092
40	202961
41	203959
42	206184
43	198324
44	183746
45	180927
46	174194
47	132633
48	131586
49	100969
50	93415.1
51	83041.4
52	82751.7
53	81966.7
54	79520.5
55	74898.9
56	70465.9
57	68515.5
58	66090.8
59	66826.9
60	65077.1
61	64771.7
62	64330.5
63	65002.8
64	65354.3
65	65288.7
66	64102
67	59539.8
68	55055
69	52404.5
70	50673.3
71	49400.1
72	46631.2
73	45015.4
74	44982
75	44821.8
76	44779.2
77	41402.9
78	38761.8
79	36308.2
80	35666.2
81	32601.4
82	29508.1
83	26753.4
84	24017.3
85	21830.8
86	19694.8
87	19240.2
88	18967.5
89	18179.3
90	17627.4
91	16575.1
92	15522.5
93	14271.2
94	13883.1
95	12693.9
96	12030.7
97	11443
98	10743.3
99	9790.14
100	8426.1
101	7402.77
102	6908.2
103	6490.86
104	5897.74
105	5094.34
106	4573.8
107	3944.57
108	3368.06
109	2963.03
110	2486.21
111	2203.81
112	2105.82
113	1954.36
114	1800.03
115	1608.43
116	1544.71
117	1484.02
118	1439.85
119	1410.29
120	1405.11
121	1398.74
122	1367.77
123	1351.57
124	1368.99
125	1365.91
126	1347.83
127	1320.2
128	1311.02
129	1312.1
130	1314.81
131	1319.07
132	1312.59
133	1356.49
134	1395.28
135	1426.25
136	1492.98
137	1551.22
138	1616.53
139	1814.53
140	1864.53
141	1928.03
142	1992.47
143	2379.76
144	3577.08
145	4293.35
146	5684.14
147	7021.59
148	8918.15
149	12249.9
150	15425.6
151	18578.2
152	22162.6
153	26649.6
154	31420.1
155	35121.7
156	43507.3
157	51476.2
158	61873.8
159	73358.7
160	80183.4
161	83066.7
162	83996.8
163	87761.4
164	90349.8
165	90349.8
166	90349.8
167	90349.8
168	90349.8
169	90349.8
170	90349.8
171	90349.8
172	90349.8
173	90349.8
174	90349.8
175	90349.8
176	90349.8
177	90349.8
178	90349.8
179	90349.8
180	90349.8
181	90349.8
182	90349.8
183	90349.8
184	90349.8
185	90349.8
186	90349.8
187	90349.8
188	90349.8
189	90349.8
190	90349.8
191	90349.8
192	90349.8
193	90349.8
194	90349.8
195	90349.8
196	90349.8
197	96024.4
