Generation	Geometric_mean
1	229.05
2	229.05
3	229.05
4	229.05
5	153384
6	153384
7	153384
8	153384
9	186432
10	190397
11	191804
12	191770
13	193135
14	195303
15	194300
16	195522
17	199155
18	200627
19	204158
20	205307
21	203640
22	197666
23	195616
24	191575
25	187242
26	185335
27	179425
28	176435
29	174585
30	174848
31	181916
32	183424
33	181467
34	181154
35	181048
36	178395
37	179999
38	179131
39	176022
40	175407
41	180697
42	181753
43	180173
44	184631
45	185855
46	182782
47	186878
48	190308
49	183955
50	177940
51	173404
52	165843
53	157841
54	152848
55	146301
56	144177
57	140340
58	136587
59	122772
60	118507
61	114235
62	113659
63	107252
64	103782
65	101596
66	95570.5
67	91256.7
68	86892.7
69	84759.1
70	84553.3
71	76984.4
72	76304.8
73	73638.2
74	64451.3
75	61807.6
76	58583.7
77	50643.6
78	37970.6
79	24073.7
80	16834.1
81	10698.1
82	6642.66
83	3974.93
84	2062.84
85	1685.14
86	1191.56
87	990.201
88	928.176
89	885.868
90	846.746
91	808.734
92	779.501
93	781.202
94	775.805
95	762.651
96	761.242
97	784.748
98	800.763
99	793.601
100	794.126
101	785.835
102	771.525
103	781.926
104	824.261
105	875.618
106	910.333
107	1005.43
108	1125.07
109	1402.63
110	1952.07
111	2108.82
112	4615.69
113	7092.77
114	28322.2
115	57334.3
116	86024
117	140119
118	211849
119	233114
120	272084
121	297807
122	301642
123	312130
124	327470
125	351707
126	378948
127	385664
128	400754
129	409035
130	436920
131	439732
132	459058
133	518610
134	588929
135	689169
136	740818
137	787072
138	860116
139	885209
140	916206
141	925015
142	941041
143	937663
144	966921
145	988711
146	1.00377e+06
147	1.03121e+06
148	1.04122e+06
149	1.03949e+06
150	1.03621e+06
151	1.08823e+06
152	1.10982e+06
153	1.12756e+06
154	1.14737e+06
155	1.1594e+06
156	1.17432e+06
157	1.1673e+06
158	1.16488e+06
159	1.16488e+06
160	1.16339e+06
161	1.16339e+06
162	1.16339e+06
163	1.16339e+06
164	1.16339e+06
165	1.16339e+06
166	1.16339e+06
167	1.16339e+06
168	1.16339e+06
169	1.16339e+06
170	1.16339e+06
171	1.16339e+06
172	1.16339e+06
173	1.16339e+06
174	1.16339e+06
175	1.16339e+06
176	1.16339e+06
177	1.16339e+06
178	1.16339e+06
179	1.16339e+06
180	1.16339e+06
181	1.16339e+06
182	1.16339e+06
183	1.16339e+06
184	1.16339e+06
185	1.16339e+06
186	1.16339e+06
187	1.16339e+06
188	1.16339e+06
189	1.16339e+06
190	1.16339e+06
191	1.16339e+06
192	1.16339e+06
193	1.16339e+06
194	1.16339e+06
195	1.16339e+06
196	1.16339e+06
197	1.18642e+06
