Generation	Geometric_mean
1	229.064
2	229.064
3	229.064
4	229.064
5	1.45027e+06
6	1.45027e+06
7	1.45027e+06
8	1.45027e+06
9	1.51403e+06
10	1.49602e+06
11	1.4887e+06
12	1.48202e+06
13	1.37934e+06
14	1.3692e+06
15	1.35292e+06
16	1.34629e+06
17	1.36508e+06
18	1.37703e+06
19	1.40385e+06
20	1.42669e+06
21	1.3983e+06
22	1.37759e+06
23	1.39551e+06
24	1.42664e+06
25	1.42236e+06
26	1.40928e+06
27	1.38193e+06
28	1.34437e+06
29	1.31723e+06
30	1.28909e+06
31	1.28334e+06
32	1.28059e+06
33	1.27451e+06
34	1.25351e+06
35	1.24699e+06
36	1.23947e+06
37	1.27071e+06
38	1.31096e+06
39	1.34342e+06
40	1.3567e+06
41	1.3651e+06
42	1.31876e+06
43	1.28708e+06
44	1.29671e+06
45	1.27497e+06
46	1.27732e+06
47	1.30613e+06
48	1.35096e+06
49	1.3835e+06
50	1.38913e+06
51	1.36169e+06
52	1.26439e+06
53	1.22769e+06
54	1.24217e+06
55	1.2103e+06
56	1.19773e+06
57	1.22456e+06
58	1.23767e+06
59	1.243e+06
60	1.23738e+06
61	1.19574e+06
62	1.1724e+06
63	1.10931e+06
64	1.05117e+06
65	1.01737e+06
66	936002
67	876486
68	772176
69	729525
70	655105
71	599841
72	563258
73	529908
74	489175
75	419525
76	393681
77	374559
78	310079
79	258879
80	235829
81	212822
82	193238
83	157572
84	142580
85	128062
86	117319
87	101798
88	60684.8
89	48734
90	43911.2
91	33647.5
92	25011.5
93	19267.3
94	15463.1
95	12119.7
96	9718.45
97	6698.27
98	5857.58
99	5603.06
100	5646.12
101	5607.34
102	5506.22
103	5307.87
104	5170.2
105	4776.52
106	4598.95
107	4458.26
108	4380.33
109	4235.35
110	4039.3
111	3954.71
112	3835.79
113	3715.47
114	3637.48
115	3503.76
116	3465.47
117	3410.52
118	3267.71
119	2949.77
120	2771.41
121	2676.95
122	2569.94
123	2325.64
124	2195.13
125	2094.17
126	2015.46
127	1947.28
128	1878.34
129	1863.23
130	1860.76
131	1801.41
132	1805.7
133	1816.8
134	1792.08
135	1757.01
136	1726.82
137	1668.07
138	1634.59
139	1550.36
140	1497.32
141	1447.36
142	1405.06
143	1382.52
144	1365.38
145	1354.75
146	1337.58
147	1336.44
148	1369.52
149	1387.89
150	1417.67
151	1449.27
152	1477.53
153	1526.19
154	1608.06
155	1724.29
156	1898.54
157	2072.33
158	2349.63
159	2565.98
160	2980.62
161	3354.81
162	3951.92
163	4447.76
164	5292.12
165	6207.74
166	7042.28
167	7423.86
168	7605.12
169	7670.01
170	7702.32
171	7702.32
172	7702.32
173	7702.32
174	7702.32
175	7702.32
176	7702.32
177	7702.32
178	7759.53
179	7759.53
180	7817.18
181	7874.66
182	7874.66
183	8105.99
184	8280.06
185	8280.06
186	8280.06
187	8280.06
188	8280.06
189	8280.06
190	8280.06
191	8280.06
192	8280.06
193	8280.06
194	8280.06
195	8280.06
196	8280.06
197	8880.41
