Generation	Geometric_mean
1	213.989
2	213.989
3	213.989
4	213.989
5	164172
6	164172
7	164172
8	164172
9	192484
10	195059
11	196999
12	197505
13	209468
14	211404
15	211403
16	210056
17	214370
18	221938
19	226930
20	224338
21	222873
22	219152
23	215773
24	213708
25	212376
26	211216
27	218576
28	222710
29	222881
30	220684
31	221349
32	220421
33	217806
34	215630
35	210287
36	205501
37	202285
38	197442
39	194689
40	191805
41	187679
42	185860
43	184233
44	181223
45	176174
46	172412
47	169352
48	164135
49	165281
50	161046
51	156798
52	152249
53	148519
54	141491
55	135035
56	127867
57	123559
58	121219
59	115420
60	107802
61	99004.2
62	89961.6
63	87096.4
64	85076.8
65	83052.9
66	80133.2
67	74860.6
68	70280.8
69	67556.9
70	65910.7
71	64957.5
72	64288.8
73	61010
74	53441.8
75	39260.2
76	25834.3
77	12478.1
78	5829.87
79	3537.21
80	2574.55
81	1680.11
82	1419.8
83	1334.67
84	1218.42
85	1050.85
86	971.179
87	933.834
88	879.206
89	868.723
90	830.471
91	835.284
92	829.689
93	813.807
94	840.925
95	842.508
96	886.579
97	929.233
98	966.424
99	993.892
100	1218.14
101	1255.92
102	1892.44
103	2043.65
104	5198.79
105	7130.93
106	18575.5
107	46248
108	84389.8
109	119327
110	143430
111	162168
112	189599
113	213735
114	239020
115	247566
116	258982
117	269186
118	272423
119	317213
120	354960
121	379143
122	397150
123	400547
124	417970
125	429173
126	463928
127	524375
128	547102
129	558481
130	574635
131	580648
132	590827
133	605487
134	621974
135	657650
136	680880
137	698264
138	710189
139	704552
140	698965
141	695224
142	719182
143	762813
144	814075
145	869518
146	938017
147	960586
148	983922
149	990164
150	1.00085e+06
151	1.02844e+06
152	1.05092e+06
153	1.12499e+06
154	1.1814e+06
155	1.19282e+06
156	1.19581e+06
157	1.19892e+06
158	1.20023e+06
159	1.20023e+06
160	1.20327e+06
161	1.20636e+06
162	1.21003e+06
163	1.21374e+06
164	1.21512e+06
165	1.21512e+06
166	1.21512e+06
167	1.21512e+06
168	1.21512e+06
169	1.22558e+06
170	1.24716e+06
171	1.25912e+06
172	1.2715e+06
173	1.2715e+06
174	1.2715e+06
175	1.2715e+06
176	1.2715e+06
177	1.2715e+06
178	1.2715e+06
179	1.2715e+06
180	1.2715e+06
181	1.2715e+06
182	1.2715e+06
183	1.2715e+06
184	1.2715e+06
185	1.2715e+06
186	1.2715e+06
187	1.2715e+06
188	1.2715e+06
189	1.2715e+06
190	1.2715e+06
191	1.2715e+06
192	1.2715e+06
193	1.2715e+06
194	1.2715e+06
195	1.2715e+06
196	1.25051e+06
