Generation	Geometric_mean
1	67.9467
2	67.9467
3	67.9467
4	67.9467
5	3.85822e+06
6	3.85822e+06
7	3.85822e+06
8	3.85822e+06
9	4.11681e+06
10	4.17435e+06
11	4.20093e+06
12	4.19954e+06
13	4.24111e+06
14	4.2932e+06
15	4.2983e+06
16	4.3282e+06
17	4.37143e+06
18	4.36581e+06
19	4.38527e+06
20	4.41465e+06
21	4.4084e+06
22	4.44351e+06
23	4.49057e+06
24	4.49492e+06
25	4.49595e+06
26	4.50216e+06
27	4.53719e+06
28	4.55382e+06
29	4.55664e+06
30	4.53198e+06
31	4.48086e+06
32	4.44711e+06
33	4.43526e+06
34	4.45247e+06
35	4.48793e+06
36	4.50328e+06
37	4.52955e+06
38	4.51883e+06
39	4.53428e+06
40	4.53294e+06
41	4.54457e+06
42	4.55624e+06
43	4.54189e+06
44	4.53583e+06
45	4.53963e+06
46	4.54131e+06
47	4.544e+06
48	4.51675e+06
49	4.51013e+06
50	4.48634e+06
51	4.45304e+06
52	4.43932e+06
53	4.42718e+06
54	4.42155e+06
55	4.40003e+06
56	4.35592e+06
57	4.3401e+06
58	4.31735e+06
59	4.31127e+06
60	4.31537e+06
61	4.36839e+06
62	4.42716e+06
63	4.45451e+06
64	4.47184e+06
65	4.53666e+06
66	4.57157e+06
67	4.56275e+06
68	4.57012e+06
69	4.55058e+06
70	4.52028e+06
71	4.52398e+06
72	4.5225e+06
73	4.54015e+06
74	4.53823e+06
75	4.52662e+06
76	4.53709e+06
77	4.5188e+06
78	4.47188e+06
79	4.44497e+06
80	4.40876e+06
81	4.41208e+06
82	4.38711e+06
83	4.38032e+06
84	4.33911e+06
85	4.36377e+06
86	4.36333e+06
87	4.34254e+06
88	4.32121e+06
89	4.33804e+06
90	4.35551e+06
91	4.38289e+06
92	4.40286e+06
93	4.40692e+06
94	4.40709e+06
95	4.44037e+06
96	4.44621e+06
97	4.46007e+06
98	4.48032e+06
99	4.47706e+06
100	4.47448e+06
101	4.47807e+06
102	4.47186e+06
103	4.45343e+06
104	4.42276e+06
105	4.37036e+06
106	4.36076e+06
107	4.35891e+06
108	4.35577e+06
109	4.33306e+06
110	4.32607e+06
111	4.3311e+06
112	4.33799e+06
113	4.32867e+06
114	4.34743e+06
115	4.35681e+06
116	4.36744e+06
117	4.40729e+06
118	4.43273e+06
119	4.447e+06
120	4.4807e+06
121	4.50177e+06
122	4.4958e+06
123	4.47443e+06
124	4.46574e+06
125	4.42779e+06
126	4.4239e+06
127	4.44291e+06
128	4.44235e+06
129	4.40449e+06
130	4.36682e+06
131	4.41768e+06
132	4.39292e+06
133	4.38326e+06
134	4.39693e+06
135	4.45337e+06
136	4.48405e+06
137	4.50721e+06
138	4.56831e+06
139	4.58916e+06
140	4.60628e+06
141	4.63899e+06
142	4.67145e+06
143	4.69757e+06
144	4.71023e+06
145	4.72609e+06
146	4.73935e+06
147	4.75554e+06
148	4.77978e+06
149	4.79379e+06
150	4.80912e+06
151	4.81401e+06
152	4.82396e+06
153	4.83186e+06
154	4.83186e+06
155	4.83186e+06
156	4.83186e+06
157	4.83186e+06
158	4.83186e+06
159	4.83186e+06
160	4.83186e+06
161	4.83186e+06
162	4.83186e+06
163	4.83186e+06
164	4.83186e+06
165	4.83186e+06
166	4.83186e+06
167	4.83186e+06
168	4.83186e+06
169	4.83186e+06
170	4.83186e+06
171	4.83186e+06
172	4.83186e+06
173	4.83186e+06
174	4.83186e+06
175	4.83186e+06
176	4.83186e+06
177	4.83186e+06
178	4.83186e+06
179	4.83186e+06
180	4.83186e+06
181	4.83186e+06
182	4.83186e+06
183	4.83186e+06
184	4.83186e+06
185	4.83186e+06
186	4.83186e+06
187	4.83186e+06
188	4.83186e+06
189	4.83186e+06
190	4.83186e+06
191	4.83959e+06
