Generation	Geometric_mean
1	237.313
2	237.313
3	237.313
4	237.313
5	76423.7
6	76423.7
7	76423.7
8	76423.7
9	86338.1
10	88938.2
11	89548.9
12	89668.9
13	88378.8
14	89033.1
15	89474.6
16	89193.4
17	92888.4
18	96870.5
19	99811.2
20	100687
21	103590
22	103981
23	103715
24	103123
25	102348
26	101549
27	99260.8
28	97902.5
29	95608.9
30	94315
31	91747.8
32	90440.4
33	89433.1
34	85281
35	83863.3
36	80429.6
37	77525.6
38	75807.4
39	73405.8
40	71090.3
41	69045.7
42	67007.7
43	64662.3
44	65722.2
45	65634.4
46	66607.2
47	67462
48	66275.2
49	65637.8
50	65236.5
51	65501.2
52	64513.9
53	64082.3
54	62886.4
55	62976.7
56	60540.6
57	59202
58	55994.7
59	53474.6
60	42749.9
61	29317.6
62	16787.9
63	8319.25
64	3823.14
65	2619.5
66	1995.1
67	1730.59
68	1618.91
69	1464.92
70	1408.19
71	1311.02
72	1247.09
73	1233.73
74	1173.99
75	1173.58
76	1167.4
77	1144.62
78	1162.2
79	1155.43
80	1151.79
81	1163.51
82	1143.31
83	1171.46
84	1201.02
85	1214.6
86	1272.14
87	1314.45
88	1333.77
89	1382.69
90	1427.3
91	1509.91
92	1550.36
93	1599.45
94	1619.44
95	1800.44
96	2337.07
97	2503.46
98	5526.72
99	7994.91
100	15554.3
101	22460.9
102	33095
103	45335.2
104	81507.8
105	99917.8
106	116309
107	133065
108	154510
109	158604
110	166059
111	178222
112	203143
113	214700
114	210386
115	217095
116	216132
117	215587
118	210857
119	209189
120	212469
121	216374
122	221884
123	230216
124	238580
125	257298
126	265008
127	262735
128	261014
129	267602
130	284115
131	291461
132	294793
133	297322
134	300466
135	300169
136	299183
137	301693
138	303508
139	306756
140	306866
141	313420
142	319742
143	324267
144	329330
145	330856
146	335637
147	339323
148	343137
149	348132
150	350860
151	354012
152	358752
153	367002
154	370518
155	373957
156	376770
157	378089
158	378352
159	378671
160	378037
161	377815
162	377815
163	377536
164	377536
165	377536
166	377536
167	377536
168	377536
169	377536
170	377536
171	377536
172	377536
173	377536
174	377536
175	377536
176	377536
177	377536
178	377536
179	377536
180	377536
181	377536
182	377536
183	377536
184	377536
185	377536
186	377536
187	377536
188	377536
189	377536
190	377536
191	377536
192	377536
193	377536
194	377536
195	377536
196	377536
197	382607
