Generation	Geometric_mean
1	152.097
2	152.097
3	152.097
4	152.097
5	3.97373e+06
6	3.97373e+06
7	3.97373e+06
8	3.97373e+06
9	4.40675e+06
10	4.47573e+06
11	4.49847e+06
12	4.49551e+06
13	4.5474e+06
14	4.53794e+06
15	4.53234e+06
16	4.55197e+06
17	4.52808e+06
18	4.45814e+06
19	4.46737e+06
20	4.44593e+06
21	4.41877e+06
22	4.46931e+06
23	4.51564e+06
24	4.50676e+06
25	4.54049e+06
26	4.56844e+06
27	4.59423e+06
28	4.60065e+06
29	4.63442e+06
30	4.64061e+06
31	4.62606e+06
32	4.61158e+06
33	4.61217e+06
34	4.60079e+06
35	4.61093e+06
36	4.59975e+06
37	4.55648e+06
38	4.54828e+06
39	4.51348e+06
40	4.48296e+06
41	4.46974e+06
42	4.45457e+06
43	4.4205e+06
44	4.42222e+06
45	4.43883e+06
46	4.45717e+06
47	4.51204e+06
48	4.5505e+06
49	4.55465e+06
50	4.57547e+06
51	4.59743e+06
52	4.62739e+06
53	4.62937e+06
54	4.61909e+06
55	4.63787e+06
56	4.62833e+06
57	4.62772e+06
58	4.64179e+06
59	4.65275e+06
60	4.65647e+06
61	4.64979e+06
62	4.63642e+06
63	4.6166e+06
64	4.59012e+06
65	4.55723e+06
66	4.56438e+06
67	4.57326e+06
68	4.55699e+06
69	4.55274e+06
70	4.51813e+06
71	4.49696e+06
72	4.48035e+06
73	4.48198e+06
74	4.49763e+06
75	4.50813e+06
76	4.50476e+06
77	4.5132e+06
78	4.4705e+06
79	4.42489e+06
80	4.43736e+06
81	4.41383e+06
82	4.37404e+06
83	4.40409e+06
84	4.39305e+06
85	4.39468e+06
86	4.40758e+06
87	4.39068e+06
88	4.37676e+06
89	4.37749e+06
90	4.36998e+06
91	4.37624e+06
92	4.36372e+06
93	4.37776e+06
94	4.36096e+06
95	4.39124e+06
96	4.40465e+06
97	4.41294e+06
98	4.40022e+06
99	4.4012e+06
100	4.38348e+06
101	4.3552e+06
102	4.34665e+06
103	4.34514e+06
104	4.37162e+06
105	4.41601e+06
106	4.44601e+06
107	4.43845e+06
108	4.43219e+06
109	4.45816e+06
110	4.46747e+06
111	4.48535e+06
112	4.49843e+06
113	4.48095e+06
114	4.49385e+06
115	4.48089e+06
116	4.47167e+06
117	4.4824e+06
118	4.50172e+06
119	4.51875e+06
120	4.50995e+06
121	4.48643e+06
122	4.47853e+06
123	4.45521e+06
124	4.4131e+06
125	4.396e+06
126	4.39445e+06
127	4.39161e+06
128	4.41259e+06
129	4.42479e+06
130	4.45617e+06
131	4.47338e+06
132	4.50093e+06
133	4.51126e+06
134	4.52527e+06
135	4.52392e+06
136	4.52441e+06
137	4.53725e+06
138	4.53768e+06
139	4.52764e+06
140	4.53279e+06
141	4.54155e+06
142	4.55899e+06
143	4.57658e+06
144	4.60712e+06
145	4.61157e+06
146	4.61459e+06
147	4.61962e+06
148	4.61665e+06
149	4.61507e+06
150	4.61507e+06
151	4.61442e+06
152	4.61442e+06
153	4.61442e+06
154	4.61442e+06
155	4.61442e+06
156	4.61442e+06
157	4.61442e+06
158	4.61442e+06
159	4.61442e+06
160	4.61442e+06
161	4.61442e+06
162	4.61442e+06
163	4.61442e+06
164	4.61442e+06
165	4.61442e+06
166	4.61442e+06
167	4.61442e+06
168	4.61442e+06
169	4.61442e+06
170	4.61442e+06
171	4.61442e+06
172	4.61442e+06
173	4.61442e+06
174	4.61442e+06
175	4.61442e+06
176	4.61442e+06
177	4.61442e+06
178	4.61442e+06
179	4.61442e+06
180	4.61442e+06
181	4.61442e+06
182	4.54252e+06
