Generation	Geometric_mean
1	240.24
2	240.24
3	240.24
4	240.24
5	239.783
6	240.482
7	241.341
8	242.236
9	234.42
10	228.208
11	226.349
12	220.083
13	221.486
14	226.146
15	226.73
16	254.751
17	370.204
18	1040.54
19	5087.63
20	6606.21
21	6610.94
22	7541.72
23	7671.5
24	7475.53
25	7424.06
26	7575.46
27	7625.03
28	7743.45
29	7876.03
30	8201.23
31	8349.63
32	8520.06
33	8526.74
34	8428.82
35	8226.51
36	8278.41
37	8380.26
38	8471.28
39	8588.07
40	8631.49
41	8867.42
42	9014.33
43	9100.76
44	9204.53
45	9295.56
46	9493.26
47	9465.17
48	9414.72
49	9205.54
50	9501.43
51	9616.31
52	9607.79
53	9954.04
54	10266.3
55	10664.5
56	11098.6
57	11364.1
58	11500.1
59	11639.8
60	11600.4
61	11754.9
62	11647
63	11617.5
64	11702.7
65	11992.9
66	12340.9
67	12324.9
68	12670.6
69	12525.8
70	12210.5
71	11915.2
72	12064
73	12333.7
74	12566.7
75	12974.9
76	13248.6
77	13990.9
78	13999.5
79	14312.3
80	14488.1
81	14448.8
82	14586.6
83	14871.2
84	15167
85	15272.5
86	15243
87	15353.8
88	15445.3
89	15154.8
90	15006.6
91	14866.1
92	14549.8
93	14574.8
94	15118.8
95	15445.8
96	15920
97	16001.9
98	16053.6
99	15861.2
100	15716.1
101	15574.8
102	14934.4
103	14782.8
104	14824.7
105	14808.2
106	14880
107	14789.3
108	14681.7
109	14598.5
110	14441.1
111	14292.6
112	14465.7
113	14583.8
114	14288.1
115	14208.4
116	13984.3
117	13973.8
118	14070.3
119	14522.4
120	14815.9
121	15025.4
122	15057.8
123	15109
124	15137.9
125	15096.6
126	15218.6
127	15333.4
128	15229.9
129	15091.4
130	15079.7
131	14925.1
132	14776.7
133	14848.2
134	14771
135	14624.7
136	14534.9
137	14309.9
138	13954.7
139	13803.7
140	13689.2
141	13621
142	13400.2
143	13305.2
144	13283.4
145	13342.1
146	13405.8
147	13289.5
148	13140.7
149	12908.3
150	12524.4
151	12209.8
152	11965
153	11574.1
154	11306.7
155	11121.4
156	11031.8
157	10988.2
158	10977
159	10963.7
160	10939.1
161	10896.9
162	10885.8
163	10861
164	10850.3
165	10850.3
166	10753.4
167	10721.6
168	10657.8
169	10623.4
170	10587.4
171	10558.1
172	10524.1
173	10469.6
174	10365.2
175	10011.4
176	9817.2
177	9726.89
178	9639.59
179	9536.28
180	9172.09
181	8944.46
182	8728.19
183	8593.33
184	8546.52
185	8457.97
186	8360.19
187	8206.63
188	7877.75
189	6994.76
190	5871.07
191	5871.07
192	5871.07
193	5871.07
194	5657.82
