Generation	Geometric_mean
1	2173.75
2	2173.75
3	2173.75
4	2173.75
5	1230.96
6	1103.9
7	975.662
8	865.464
9	509.125
10	419.738
11	420.454
12	415.1
13	445.059
14	559.167
15	575.606
16	826.407
17	12505.5
18	59110.8
19	124676
20	189041
21	259182
22	255565
23	246813
24	239458
25	240246
26	246372
27	249465
28	253799
29	266711
30	267795
31	274745
32	280578
33	287714
34	285361
35	282632
36	273964
37	272330
38	270570
39	275833
40	277704
41	277564
42	275549
43	271607
44	272060
45	276646
46	279067
47	276932
48	277827
49	285967
50	292094
51	295721
52	299217
53	300336
54	301508
55	303403
56	310750
57	312058
58	318058
59	320135
60	318128
61	316096
62	319192
63	324535
64	330088
65	329118
66	331433
67	330414
68	322277
69	322748
70	326254
71	337353
72	343002
73	341351
74	335935
75	341350
76	345402
77	345145
78	348803
79	343698
80	339146
81	333968
82	336465
83	347961
84	349926
85	357201
86	354038
87	350559
88	353973
89	349829
90	339436
91	334057
92	325998
93	325667
94	336399
95	341844
96	352529
97	357761
98	357475
99	350482
100	345893
101	335118
102	333885
103	330646
104	332327
105	331293
106	332263
107	328576
108	330569
109	326359
110	321420
111	313283
112	290661
113	280529
114	271577
115	272725
116	273475
117	273100
118	276813
119	273478
120	265537
121	260848
122	254714
123	247398
124	238981
125	233960
126	225382
127	218104
128	217492
129	221661
130	221734
131	226565
132	223918
133	218325
134	208530
135	199769
136	193842
137	187684
138	183176
139	179427
140	168979
141	162060
142	158270
143	157231
144	152625
145	148604
146	143831
147	140941
148	137948
149	134677
150	134174
151	132746
152	131007
153	128255
154	126045
155	122408
156	118411
157	114224
158	111400
159	109663
160	108353
161	106826
162	105975
163	105711
164	105447
165	105367
166	105367
167	105367
168	105367
169	105367
170	105367
171	105367
172	105367
173	105367
174	105367
175	105367
176	105367
177	105367
178	105367
179	105367
180	105367
181	105367
182	105367
183	105367
184	105367
185	105367
186	105367
187	105367
188	105367
189	105367
190	105367
191	103359
192	2263.75
193	2263.75
194	2263.75
195	2263.75
196	1904.87
