Generation	Geometric_mean
1	218.549
2	218.549
3	218.549
4	218.549
5	79643.5
6	79643.5
7	79643.5
8	79643.5
9	89821.4
10	92396.9
11	92750.9
12	92780
13	92469.3
14	91700.1
15	91810.8
16	91668.5
17	91787.2
18	88654.4
19	87359.9
20	86669.7
21	87613.2
22	90297.5
23	91232.4
24	92384
25	90975.3
26	86504.2
27	82926.1
28	81334.2
29	81297.7
30	84336.5
31	86310
32	88125.7
33	86536.1
34	88516.3
35	89337.9
36	88312.7
37	87576.7
38	86439.8
39	85355.1
40	85405.7
41	83456.4
42	81992.7
43	80203.8
44	78445.8
45	76403
46	74421.8
47	73215.5
48	71383.1
49	69956.4
50	67212.3
51	66053.2
52	64964.9
53	65005.6
54	68615.2
55	69235.1
56	67466.8
57	67191.4
58	65615.3
59	63462.1
60	56697.8
61	34819.7
62	18850.2
63	12531.8
64	6298.9
65	3153.94
66	2141.89
67	1804.56
68	1693.08
69	1564.13
70	1431.86
71	1403.38
72	1336.59
73	1296.72
74	1250.12
75	1226.89
76	1220.96
77	1177.14
78	1169.73
79	1172.07
80	1193.56
81	1223.57
82	1234.32
83	1231.56
84	1253.79
85	1261.07
86	1295.23
87	1349.22
88	1411.79
89	1451.23
90	1550.28
91	1691.59
92	1946.22
93	3619.26
94	7896.81
95	23984.2
96	105006
97	244571
98	594012
99	983007
100	1.35699e+06
101	1.43329e+06
102	1.46795e+06
103	1.56719e+06
104	1.63637e+06
105	1.80382e+06
106	1.8351e+06
107	1.84518e+06
108	2.02977e+06
109	2.10734e+06
110	2.13522e+06
111	2.16526e+06
112	2.35735e+06
113	2.43685e+06
114	2.4836e+06
115	2.45592e+06
116	2.43371e+06
117	2.48518e+06
118	2.5177e+06
119	2.55542e+06
120	2.57656e+06
121	2.56929e+06
122	2.56538e+06
123	2.57741e+06
124	2.68122e+06
125	2.69919e+06
126	2.64609e+06
127	2.63334e+06
128	2.63096e+06
129	2.66083e+06
130	2.67826e+06
131	2.69171e+06
132	2.70353e+06
133	2.68489e+06
134	2.62689e+06
135	2.57238e+06
136	2.53314e+06
137	2.50274e+06
138	2.51751e+06
139	2.5214e+06
140	2.55371e+06
141	2.62301e+06
142	2.66339e+06
143	2.69045e+06
144	2.73233e+06
145	2.78293e+06
146	2.78993e+06
147	2.82482e+06
148	2.85411e+06
149	2.88017e+06
150	2.88657e+06
151	2.88583e+06
152	2.90407e+06
153	2.9258e+06
154	2.928e+06
155	2.92893e+06
156	2.93285e+06
157	2.92346e+06
158	2.91956e+06
159	2.92165e+06
160	2.92165e+06
161	2.92165e+06
162	2.92165e+06
163	2.92165e+06
164	2.92165e+06
165	2.92165e+06
166	2.92165e+06
167	2.92165e+06
168	2.92165e+06
169	2.92165e+06
170	2.92165e+06
171	2.92165e+06
172	2.92165e+06
173	2.92165e+06
174	2.92165e+06
175	2.92165e+06
176	2.92165e+06
177	2.92165e+06
178	2.92165e+06
179	2.92165e+06
180	2.92165e+06
181	2.92165e+06
182	2.92165e+06
183	2.92165e+06
184	2.92165e+06
185	2.92165e+06
186	2.92165e+06
187	2.92165e+06
188	2.92165e+06
189	2.92165e+06
190	2.92165e+06
191	2.92165e+06
192	2.92165e+06
193	2.92165e+06
194	2.92165e+06
195	2.92165e+06
196	2.92165e+06
197	2.96471e+06
