Generation	Geometric_mean
1	148.499
2	148.499
3	148.499
4	148.499
5	3.99644e+06
6	3.99644e+06
7	3.99644e+06
8	3.99644e+06
9	4.28717e+06
10	4.32191e+06
11	4.31917e+06
12	4.30722e+06
13	4.42649e+06
14	4.46364e+06
15	4.51708e+06
16	4.55761e+06
17	4.60318e+06
18	4.68903e+06
19	4.72294e+06
20	4.7293e+06
21	4.74252e+06
22	4.74933e+06
23	4.73192e+06
24	4.71175e+06
25	4.69981e+06
26	4.68661e+06
27	4.6713e+06
28	4.69415e+06
29	4.73817e+06
30	4.73508e+06
31	4.75752e+06
32	4.75264e+06
33	4.74739e+06
34	4.75904e+06
35	4.74545e+06
36	4.74723e+06
37	4.74824e+06
38	4.75088e+06
39	4.73704e+06
40	4.75291e+06
41	4.74932e+06
42	4.74139e+06
43	4.71161e+06
44	4.69675e+06
45	4.67531e+06
46	4.69376e+06
47	4.73098e+06
48	4.76143e+06
49	4.80007e+06
50	4.78909e+06
51	4.77039e+06
52	4.7675e+06
53	4.75403e+06
54	4.75048e+06
55	4.74862e+06
56	4.73644e+06
57	4.72126e+06
58	4.72761e+06
59	4.71952e+06
60	4.72993e+06
61	4.73398e+06
62	4.72603e+06
63	4.7244e+06
64	4.75008e+06
65	4.75699e+06
66	4.77081e+06
67	4.78649e+06
68	4.77081e+06
69	4.76479e+06
70	4.76235e+06
71	4.77552e+06
72	4.78e+06
73	4.78576e+06
74	4.79167e+06
75	4.7835e+06
76	4.76425e+06
77	4.76304e+06
78	4.76148e+06
79	4.7532e+06
80	4.74537e+06
81	4.7507e+06
82	4.74561e+06
83	4.74379e+06
84	4.76757e+06
85	4.74657e+06
86	4.74028e+06
87	4.7429e+06
88	4.72709e+06
89	4.7139e+06
90	4.69981e+06
91	4.67633e+06
92	4.65152e+06
93	4.66352e+06
94	4.67134e+06
95	4.66232e+06
96	4.64707e+06
97	4.67041e+06
98	4.69884e+06
99	4.70431e+06
100	4.72022e+06
101	4.74769e+06
102	4.74876e+06
103	4.74841e+06
104	4.74466e+06
105	4.75563e+06
106	4.75698e+06
107	4.75188e+06
108	4.74183e+06
109	4.72816e+06
110	4.71305e+06
111	4.70923e+06
112	4.71349e+06
113	4.71335e+06
114	4.71892e+06
115	4.72394e+06
116	4.72505e+06
117	4.7374e+06
118	4.76251e+06
119	4.7804e+06
120	4.80577e+06
121	4.82574e+06
122	4.82698e+06
123	4.83514e+06
124	4.84578e+06
125	4.85474e+06
126	4.86813e+06
127	4.88425e+06
128	4.89253e+06
129	4.90209e+06
130	4.90986e+06
131	4.91395e+06
132	4.91535e+06
133	4.92016e+06
134	4.92499e+06
135	4.93504e+06
136	4.93796e+06
137	4.94027e+06
138	4.94169e+06
139	4.94423e+06
140	4.94414e+06
141	4.94414e+06
142	4.94377e+06
143	4.94375e+06
144	4.94454e+06
145	4.94454e+06
146	4.94454e+06
147	4.94454e+06
148	4.94454e+06
149	4.94454e+06
150	4.94454e+06
151	4.94454e+06
152	4.94454e+06
153	4.94454e+06
154	4.94454e+06
155	4.94454e+06
156	4.94454e+06
157	4.94454e+06
158	4.94454e+06
159	4.94454e+06
160	4.94454e+06
161	4.94454e+06
162	4.94454e+06
163	4.94454e+06
164	4.94454e+06
165	4.94454e+06
166	4.94454e+06
167	4.94454e+06
168	4.94454e+06
169	4.94454e+06
170	4.94454e+06
171	4.94454e+06
172	4.94454e+06
173	4.96467e+06
