Generation	Geometric_mean
1	165.009
2	165.009
3	165.009
4	165.009
5	3.97429e+06
6	3.97429e+06
7	3.97429e+06
8	3.97429e+06
9	4.10792e+06
10	4.15364e+06
11	4.16441e+06
12	4.17169e+06
13	4.31121e+06
14	4.38153e+06
15	4.41403e+06
16	4.40473e+06
17	4.42009e+06
18	4.45371e+06
19	4.42451e+06
20	4.43144e+06
21	4.42366e+06
22	4.42304e+06
23	4.43784e+06
24	4.42666e+06
25	4.39474e+06
26	4.41355e+06
27	4.41824e+06
28	4.43591e+06
29	4.44617e+06
30	4.43812e+06
31	4.44225e+06
32	4.44359e+06
33	4.44011e+06
34	4.43816e+06
35	4.4396e+06
36	4.46022e+06
37	4.48483e+06
38	4.50213e+06
39	4.49404e+06
40	4.45807e+06
41	4.4175e+06
42	4.41545e+06
43	4.34777e+06
44	4.34809e+06
45	4.36581e+06
46	4.35166e+06
47	4.41115e+06
48	4.42178e+06
49	4.42428e+06
50	4.40772e+06
51	4.38224e+06
52	4.35731e+06
53	4.31215e+06
54	4.28204e+06
55	4.26113e+06
56	4.2719e+06
57	4.32278e+06
58	4.33377e+06
59	4.35525e+06
60	4.29798e+06
61	4.23507e+06
62	4.22928e+06
63	4.23664e+06
64	4.25406e+06
65	4.25231e+06
66	4.24056e+06
67	4.18301e+06
68	4.22985e+06
69	4.26504e+06
70	4.3179e+06
71	4.35937e+06
72	4.35081e+06
73	4.31385e+06
74	4.30021e+06
75	4.27452e+06
76	4.31317e+06
77	4.29614e+06
78	4.2846e+06
79	4.28496e+06
80	4.23599e+06
81	4.18574e+06
82	4.12756e+06
83	4.10674e+06
84	4.15519e+06
85	4.18254e+06
86	4.20823e+06
87	4.17467e+06
88	4.1825e+06
89	4.16802e+06
90	4.14424e+06
91	4.10017e+06
92	4.07125e+06
93	4.03932e+06
94	4.07752e+06
95	4.0884e+06
96	4.09167e+06
97	4.12383e+06
98	4.12437e+06
99	4.07757e+06
100	4.05988e+06
101	4.06705e+06
102	4.08095e+06
103	4.0488e+06
104	3.98645e+06
105	3.91783e+06
106	3.83773e+06
107	3.71935e+06
108	3.67205e+06
109	3.61654e+06
110	3.44991e+06
111	3.38495e+06
112	3.36352e+06
113	3.33742e+06
114	3.38189e+06
115	3.36534e+06
116	3.37956e+06
117	3.38002e+06
118	3.38877e+06
119	3.35931e+06
120	3.28714e+06
121	3.16417e+06
122	3.10264e+06
123	3.04608e+06
124	3.03043e+06
125	3.01578e+06
126	2.99772e+06
127	2.89263e+06
128	2.87182e+06
129	2.87022e+06
130	2.9051e+06
131	2.90337e+06
132	2.88458e+06
133	2.8368e+06
134	2.78773e+06
135	2.72614e+06
136	2.64679e+06
137	2.5933e+06
138	2.53244e+06
139	2.51748e+06
140	2.47836e+06
141	2.40313e+06
142	2.31404e+06
143	2.26515e+06
144	2.22929e+06
145	2.17804e+06
146	2.1473e+06
147	2.11319e+06
148	2.09241e+06
149	2.08532e+06
150	2.06496e+06
151	2.03938e+06
152	2.03092e+06
153	2.00212e+06
154	1.97547e+06
155	1.97547e+06
156	1.96985e+06
157	1.96985e+06
158	1.96985e+06
159	1.96985e+06
160	1.96985e+06
161	1.96985e+06
162	1.96985e+06
163	1.96985e+06
164	1.96985e+06
165	1.961e+06
166	1.961e+06
167	1.94024e+06
168	1.92845e+06
169	1.90125e+06
170	1.87174e+06
171	1.78226e+06
172	1.69584e+06
173	1.606e+06
174	1.36927e+06
175	520486
176	43194
177	43194
178	43194
179	43194
180	891.458
181	891.458
182	891.458
183	891.458
184	745.615
