Generation	Geometric_mean
1	82.851
2	82.851
3	82.851
4	82.851
5	26560.5
6	26560.5
7	26560.5
8	26560.5
9	27412.3
10	27431.7
11	27390.5
12	27388.9
13	28954.3
14	28819.9
15	28943.7
16	28873.8
17	29763.9
18	30509.1
19	30473.4
20	30939.3
21	30410.4
22	30064.7
23	29525
24	28952.1
25	28891.4
26	28949.6
27	28824.9
28	29215
29	29386.7
30	29267.8
31	29652.6
32	31035.8
33	31569.7
34	31732.9
35	31898.1
36	31527
37	31061.5
38	30671.7
39	31775.8
40	31956.7
41	32586.7
42	33981.2
43	33662.5
44	32695.6
45	31242.3
46	30259.9
47	28845.5
48	26813.5
49	25827
50	24870.2
51	24569
52	24807.7
53	25012.6
54	24218.7
55	23853.5
56	23576.6
57	23560.1
58	23143.3
59	22740.2
60	21872.2
61	20917.1
62	20498.4
63	19092.3
64	18393.6
65	17412.3
66	16047.6
67	14930.3
68	14171.4
69	13843.5
70	13938.7
71	13117
72	12022.1
73	11912
74	11701.1
75	11211.7
76	9814.75
77	8644.56
78	6269.67
79	2393.57
80	1256.54
81	517.756
82	324.629
83	248.528
84	216.787
85	181.645
86	159.16
87	150.149
88	144.741
89	138.426
90	130.446
91	131.063
92	128.223
93	130.77
94	132.719
95	131.646
96	132.385
97	132.008
98	131.025
99	136.591
100	137.841
101	140.083
102	144.352
103	153.907
104	171.708
105	340.355
106	438.003
107	1332.76
108	3709.46
109	10014.8
110	22002.7
111	37642.6
112	63574
113	67050.5
114	78256.6
115	105890
116	107720
117	107867
118	107383
119	109930
120	112330
121	114165
122	119025
123	121857
124	125227
125	128435
126	133979
127	143306
128	147686
129	148510
130	148537
131	145658
132	140814
133	136547
134	135479
135	134951
136	135919
137	135882
138	137942
139	138904
140	141114
141	144418
142	146942
143	149387
144	151088
145	154712
146	159649
147	164899
148	169684
149	172167
150	174998
151	177410
152	178661
153	180517
154	181738
155	182511
156	184013
157	184611
158	186049
159	187223
160	187223
161	187223
162	187223
163	187223
164	187223
165	187223
166	187223
167	187223
168	187223
169	187223
170	187223
171	187223
172	187223
173	187223
174	187223
175	187223
176	187223
177	187223
178	187223
179	187223
180	187223
181	187223
182	187223
183	187223
184	187223
185	187223
186	187223
187	187223
188	187223
189	187223
190	187223
191	187223
192	187223
193	187223
194	187223
195	187223
196	190804
