Generation	Geometric_mean
1	241.988
2	241.988
3	241.988
4	241.988
5	4.05843e+06
6	4.05843e+06
7	4.05843e+06
8	4.05843e+06
9	4.31528e+06
10	4.39278e+06
11	4.399e+06
12	4.39632e+06
13	4.45341e+06
14	4.47127e+06
15	4.45619e+06
16	4.47107e+06
17	4.52381e+06
18	4.52834e+06
19	4.52507e+06
20	4.53673e+06
21	4.53555e+06
22	4.53857e+06
23	4.55438e+06
24	4.55586e+06
25	4.52544e+06
26	4.55003e+06
27	4.55531e+06
28	4.58129e+06
29	4.62404e+06
30	4.601e+06
31	4.59797e+06
32	4.58344e+06
33	4.57559e+06
34	4.60173e+06
35	4.60676e+06
36	4.60476e+06
37	4.56685e+06
38	4.55566e+06
39	4.54469e+06
40	4.54257e+06
41	4.56329e+06
42	4.56084e+06
43	4.53725e+06
44	4.50413e+06
45	4.496e+06
46	4.496e+06
47	4.50707e+06
48	4.5448e+06
49	4.56206e+06
50	4.5652e+06
51	4.57985e+06
52	4.56292e+06
53	4.53974e+06
54	4.53829e+06
55	4.54333e+06
56	4.54483e+06
57	4.54749e+06
58	4.5268e+06
59	4.52192e+06
60	4.47865e+06
61	4.45448e+06
62	4.45326e+06
63	4.45671e+06
64	4.50028e+06
65	4.49382e+06
66	4.49144e+06
67	4.48724e+06
68	4.48259e+06
69	4.51514e+06
70	4.50157e+06
71	4.54327e+06
72	4.52337e+06
73	4.4896e+06
74	4.4521e+06
75	4.43852e+06
76	4.40964e+06
77	4.39416e+06
78	4.35773e+06
79	4.2901e+06
80	4.2085e+06
81	4.22153e+06
82	4.25427e+06
83	4.2461e+06
84	4.28068e+06
85	4.30783e+06
86	4.30184e+06
87	4.30601e+06
88	4.31309e+06
89	4.28782e+06
90	4.31956e+06
91	4.34019e+06
92	4.33932e+06
93	4.35162e+06
94	4.35351e+06
95	4.29684e+06
96	4.26615e+06
97	4.2264e+06
98	4.1719e+06
99	4.15386e+06
100	4.11772e+06
101	4.0827e+06
102	4.04619e+06
103	3.97529e+06
104	3.90479e+06
105	3.89565e+06
106	3.8995e+06
107	3.88867e+06
108	3.9616e+06
109	4.04924e+06
110	4.10698e+06
111	4.1541e+06
112	4.1454e+06
113	4.1068e+06
114	4.08059e+06
115	4.06276e+06
116	4.07064e+06
117	4.05163e+06
118	4.0208e+06
119	4.00983e+06
120	3.99451e+06
121	3.94508e+06
122	3.90994e+06
123	3.91394e+06
124	3.84939e+06
125	3.83544e+06
126	3.81808e+06
127	3.81447e+06
128	3.78965e+06
129	3.80152e+06
130	3.80307e+06
131	3.78729e+06
132	3.78038e+06
133	3.75371e+06
134	3.72915e+06
135	3.6726e+06
136	3.64834e+06
137	3.60855e+06
138	3.55633e+06
139	3.47844e+06
140	3.38223e+06
141	3.31956e+06
142	3.23531e+06
143	3.18595e+06
144	3.13297e+06
145	3.08397e+06
146	3.04616e+06
147	3.02133e+06
148	2.99368e+06
149	2.96832e+06
150	2.91686e+06
151	2.90352e+06
152	2.87955e+06
153	2.85318e+06
154	2.77629e+06
155	2.69223e+06
156	2.56428e+06
157	2.30797e+06
158	2.30797e+06
159	2.30797e+06
160	1.98634e+06
161	56096.2
162	56096.2
163	56096.2
164	56096.2
165	1145.85
166	1145.85
167	1145.85
168	1145.85
169	955.071
