Generation	Geometric_mean
1	223.135
2	223.135
3	223.135
4	223.135
5	3.94967e+06
6	3.94967e+06
7	3.94967e+06
8	3.94967e+06
9	4.11969e+06
10	4.17975e+06
11	4.17644e+06
12	4.18239e+06
13	4.17322e+06
14	4.20141e+06
15	4.20662e+06
16	4.2113e+06
17	4.25485e+06
18	4.21262e+06
19	4.21022e+06
20	4.21114e+06
21	4.19565e+06
22	4.21615e+06
23	4.19306e+06
24	4.20282e+06
25	4.19431e+06
26	4.19864e+06
27	4.22329e+06
28	4.20848e+06
29	4.23361e+06
30	4.22417e+06
31	4.22532e+06
32	4.20658e+06
33	4.22722e+06
34	4.25478e+06
35	4.29574e+06
36	4.32737e+06
37	4.32764e+06
38	4.32915e+06
39	4.33768e+06
40	4.34307e+06
41	4.33953e+06
42	4.39444e+06
43	4.39188e+06
44	4.38651e+06
45	4.36562e+06
46	4.33191e+06
47	4.28417e+06
48	4.21086e+06
49	4.17503e+06
50	4.18715e+06
51	4.14869e+06
52	4.13306e+06
53	4.14907e+06
54	4.13578e+06
55	4.15675e+06
56	4.1504e+06
57	4.14465e+06
58	4.15429e+06
59	4.16876e+06
60	4.14575e+06
61	4.07998e+06
62	4.03078e+06
63	3.98463e+06
64	3.92086e+06
65	3.85533e+06
66	3.84492e+06
67	3.8654e+06
68	3.85911e+06
69	3.89526e+06
70	3.9249e+06
71	3.91527e+06
72	3.8695e+06
73	3.8243e+06
74	3.85993e+06
75	3.92471e+06
76	3.92938e+06
77	3.93244e+06
78	3.94927e+06
79	3.88975e+06
80	3.90447e+06
81	3.93847e+06
82	3.93937e+06
83	3.93726e+06
84	3.97671e+06
85	4.0153e+06
86	4.00537e+06
87	3.98658e+06
88	3.95778e+06
89	3.88266e+06
90	3.8647e+06
91	3.83103e+06
92	3.84363e+06
93	3.82587e+06
94	3.81712e+06
95	3.86224e+06
96	3.88733e+06
97	3.90721e+06
98	3.82503e+06
99	3.74383e+06
100	3.6663e+06
101	3.64545e+06
102	3.6642e+06
103	3.66791e+06
104	3.68858e+06
105	3.74953e+06
106	3.76541e+06
107	3.79168e+06
108	3.80986e+06
109	3.82327e+06
110	3.80848e+06
111	3.84609e+06
112	3.86326e+06
113	3.89092e+06
114	3.86827e+06
115	3.84557e+06
116	3.8429e+06
117	3.80803e+06
118	3.77352e+06
119	3.7032e+06
120	3.66879e+06
121	3.62198e+06
122	3.55031e+06
123	3.56789e+06
124	3.54403e+06
125	3.5016e+06
126	3.46286e+06
127	3.45067e+06
128	3.42916e+06
129	3.41434e+06
130	3.42608e+06
131	3.41559e+06
132	3.31238e+06
133	3.26002e+06
134	3.23383e+06
135	2.97967e+06
136	2.78724e+06
137	2.68501e+06
138	2.45222e+06
139	2.20677e+06
140	1.90027e+06
141	1.71484e+06
142	1.48157e+06
143	1.21203e+06
144	864771
145	458473
146	133397
147	130891
148	119373
149	68918.1
150	3410.21
151	3410.21
152	3410.21
153	3410.21
154	70.4333
155	70.4333
156	70.4333
157	70.4333
158	70.4333
159	70.4333
160	70.4333
161	70.4333
162	70.4333
163	70.4333
164	70.4333
165	70.4333
166	70.4333
167	70.4333
168	70.4333
169	70.4333
170	70.4333
171	70.4333
172	70.4333
173	70.4333
174	70.4333
175	70.4333
176	70.4333
177	70.4333
178	70.4333
179	70.4333
180	70.4333
181	84.5127
