Generation	Geometric_mean
1	282.224
2	282.224
3	282.224
4	282.224
5	3948.18
6	4184.31
7	4302.01
8	4302.01
9	5993.65
10	6547.95
11	6904.2
12	6932.42
13	9277.67
14	9653.9
15	9589.6
16	9615.18
17	10944.7
18	11099.7
19	11203.5
20	11272.4
21	11067.3
22	11062.6
23	11170.8
24	11260
25	11659
26	11960.3
27	11879.6
28	11793.6
29	11536.5
30	11232.2
31	11065.4
32	10983.8
33	10815.2
34	10850.3
35	10941.7
36	10788.7
37	10780.6
38	10917.1
39	10991.1
40	11023.5
41	10965.5
42	10967.5
43	11017.6
44	10885
45	10689.4
46	10296.9
47	9646.23
48	9162.66
49	9120.29
50	9055.22
51	8867.55
52	8852.85
53	8704.36
54	8751.13
55	8367.06
56	8185.28
57	7990.65
58	7735.48
59	7667.57
60	7745.18
61	7441.91
62	7095.37
63	6516.63
64	6291.01
65	6098.88
66	5855.35
67	5748.32
68	5592.53
69	5432.92
70	5264.22
71	5006.17
72	4805.26
73	4613.72
74	4475.94
75	4311.35
76	4197.55
77	4088.52
78	4033.24
79	4024.64
80	3858.86
81	3803.6
82	3765.24
83	3711.73
84	3684.95
85	3622.79
86	3493.21
87	3388.32
88	3234.77
89	3218.23
90	3145.89
91	3002.79
92	2959.2
93	2945.76
94	2919.63
95	2960.07
96	2973.34
97	2881.55
98	2903.64
99	2910.36
100	2920.85
101	2983.9
102	2998.64
103	2910.18
104	2875.46
105	2816.86
106	2798.75
107	2795.72
108	2789.61
109	2788.31
110	2881.66
111	2955.95
112	2971.57
113	3003.02
114	3003.16
115	2999.21
116	3040.98
117	3109.97
118	3181.4
119	3214.33
120	3315.94
121	3334.56
122	3287.18
123	3253.51
124	3285.62
125	3434.59
126	3540.13
127	3599.56
128	3601.44
129	3568
130	3578.53
131	3642.5
132	3655.35
133	3688.74
134	3728.7
135	3785.26
136	3797.55
137	3800.09
138	3827.23
139	3856.92
140	3867.96
141	4267.81
142	4785.27
143	6015.14
144	7302.83
145	7921.8
146	9542.19
147	11010.2
148	14263.3
149	20526.3
150	30051.3
151	44412.6
152	63021.9
153	85715.5
154	112839
155	138118
156	156345
157	179986
158	203323
159	218127
160	240515
161	248892
162	250863
163	253039
164	257415
165	261248
166	263362
167	263362
168	263362
169	263362
170	263362
171	263362
172	263362
173	263362
174	263362
175	263362
176	263362
177	263362
178	263362
179	263362
180	263362
181	263362
182	263362
183	263362
184	263362
185	263362
186	263362
187	263362
188	263362
189	263362
190	263362
191	263362
192	263362
193	263362
194	263362
195	263362
196	263362
197	279176
