Generation	Geometric_mean
1	115.879
2	115.879
3	115.879
4	115.879
5	4.35689e+06
6	4.35689e+06
7	4.35689e+06
8	4.35689e+06
9	4.52853e+06
10	4.5762e+06
11	4.59105e+06
12	4.59238e+06
13	4.65003e+06
14	4.65424e+06
15	4.66719e+06
16	4.68036e+06
17	4.7308e+06
18	4.75389e+06
19	4.74668e+06
20	4.76003e+06
21	4.76703e+06
22	4.78584e+06
23	4.79542e+06
24	4.79411e+06
25	4.79585e+06
26	4.76788e+06
27	4.77483e+06
28	4.77845e+06
29	4.7811e+06
30	4.78631e+06
31	4.79593e+06
32	4.80522e+06
33	4.80008e+06
34	4.7916e+06
35	4.77884e+06
36	4.77259e+06
37	4.76522e+06
38	4.77938e+06
39	4.80415e+06
40	4.81248e+06
41	4.83395e+06
42	4.82266e+06
43	4.81524e+06
44	4.81201e+06
45	4.80794e+06
46	4.81657e+06
47	4.81895e+06
48	4.80791e+06
49	4.79817e+06
50	4.7978e+06
51	4.78721e+06
52	4.78473e+06
53	4.7886e+06
54	4.78068e+06
55	4.78733e+06
56	4.77769e+06
57	4.77457e+06
58	4.7697e+06
59	4.74466e+06
60	4.75101e+06
61	4.75048e+06
62	4.73676e+06
63	4.74977e+06
64	4.77979e+06
65	4.779e+06
66	4.79413e+06
67	4.8114e+06
68	4.81004e+06
69	4.79204e+06
70	4.77844e+06
71	4.77683e+06
72	4.77113e+06
73	4.77455e+06
74	4.7765e+06
75	4.75413e+06
76	4.72346e+06
77	4.70489e+06
78	4.63911e+06
79	4.63831e+06
80	4.63855e+06
81	4.66198e+06
82	4.70572e+06
83	4.71617e+06
84	4.72647e+06
85	4.72131e+06
86	4.71669e+06
87	4.70531e+06
88	4.72084e+06
89	4.73394e+06
90	4.73866e+06
91	4.74134e+06
92	4.73798e+06
93	4.71775e+06
94	4.7226e+06
95	4.72398e+06
96	4.7186e+06
97	4.7441e+06
98	4.73907e+06
99	4.74832e+06
100	4.76781e+06
101	4.76841e+06
102	4.7847e+06
103	4.77182e+06
104	4.74525e+06
105	4.71388e+06
106	4.69927e+06
107	4.6854e+06
108	4.67849e+06
109	4.67595e+06
110	4.65491e+06
111	4.63083e+06
112	4.59663e+06
113	4.61569e+06
114	4.63271e+06
115	4.65382e+06
116	4.71061e+06
117	4.73708e+06
118	4.72757e+06
119	4.71888e+06
120	4.71869e+06
121	4.71182e+06
122	4.72973e+06
123	4.75552e+06
124	4.77591e+06
125	4.79532e+06
126	4.80358e+06
127	4.8078e+06
128	4.81518e+06
129	4.82598e+06
130	4.8336e+06
131	4.85004e+06
132	4.85786e+06
133	4.8666e+06
134	4.88022e+06
135	4.90033e+06
136	4.91247e+06
137	4.92122e+06
138	4.92193e+06
139	4.92467e+06
140	4.92562e+06
141	4.92562e+06
142	4.92562e+06
143	4.92562e+06
144	4.92562e+06
145	4.92562e+06
146	4.92562e+06
147	4.92562e+06
148	4.92562e+06
149	4.92562e+06
150	4.92562e+06
151	4.92562e+06
152	4.92562e+06
153	4.92562e+06
154	4.92562e+06
155	4.92562e+06
156	4.92562e+06
157	4.92562e+06
158	4.92562e+06
159	4.92562e+06
160	4.92562e+06
161	4.92562e+06
162	4.92562e+06
163	4.92562e+06
164	4.92562e+06
165	4.92562e+06
166	4.92562e+06
167	4.92562e+06
168	4.92562e+06
169	4.92562e+06
170	4.92562e+06
171	4.92562e+06
172	4.92562e+06
173	4.92562e+06
174	4.92562e+06
175	4.92562e+06
176	4.92562e+06
177	4.94984e+06
