Generation	Geometric_mean
1	526.035
2	526.035
3	526.035
4	526.035
5	973.113
6	1074.35
7	1090.13
8	1093.03
9	1616.86
10	2393.57
11	3330.11
12	4064.59
13	7203.48
14	7452.19
15	7496.91
16	7283.53
17	7179.77
18	6913.79
19	6884.65
20	6845.59
21	6776.45
22	6707.1
23	6577.99
24	6511.64
25	6431.4
26	6494.58
27	6277.39
28	6104.91
29	6088.15
30	5990.57
31	5770.85
32	5688.64
33	5649.52
34	5529.61
35	5558.87
36	5507.13
37	5174.66
38	5005.23
39	4720.4
40	4621.61
41	4558.06
42	4470.21
43	4469.07
44	4367.29
45	4276.67
46	4229.46
47	4233.44
48	4255.58
49	4203.85
50	4180.53
51	4164.14
52	4131.46
53	4192.56
54	4230.41
55	4379.05
56	4404.76
57	4460.99
58	4462.98
59	4341.04
60	4282.74
61	4441.22
62	4478.07
63	4477
64	4509.21
65	4463.79
66	4542.51
67	4991.84
68	5256.97
69	5578.19
70	5879.27
71	6491.17
72	6945.98
73	7570.96
74	7851.32
75	8535.07
76	9105.16
77	10035
78	10208.6
79	10397.3
80	10566.8
81	10760.3
82	10961.9
83	11073.1
84	11147.4
85	11164.7
86	11351.1
87	11649.9
88	12031.6
89	12083.7
90	12398.7
91	12693.3
92	12964
93	12970.8
94	13170
95	13433.6
96	13637
97	13799.6
98	14005.4
99	14027.5
100	14116.4
101	14512.4
102	14522.6
103	14472.8
104	14615.2
105	15208.7
106	15576.2
107	15454.3
108	15698.8
109	15685.5
110	15841.4
111	16243.2
112	16618.5
113	17176.5
114	17369.4
115	17307.4
116	17043.2
117	16446
118	16376.3
119	16683.8
120	17097.6
121	17355.4
122	17962
123	18206.2
124	18003.7
125	18128.3
126	18328.6
127	18618.9
128	18985.1
129	19000.9
130	18935.9
131	18983
132	19099.8
133	19184.3
134	19761.7
135	20200.5
136	20588.2
137	20954.8
138	20883.5
139	20540.1
140	20281.6
141	19909.6
142	19507.7
143	19347.9
144	19095
145	18845.4
146	18548.6
147	18589
148	18464.8
149	18258.2
150	17920.7
151	17744.9
152	17256.6
153	16727.4
154	16436.8
155	15943.2
156	15407.6
157	14951.3
158	14174.1
159	13325
160	12650.8
161	12137.8
162	11822
163	11377.3
164	11032.5
165	10803.7
166	10524.5
167	10374.9
168	10063.3
169	10010.1
170	9968.39
171	9968.39
172	9968.39
173	9968.39
174	9927.96
175	9805.6
176	9564.38
177	9564.38
178	9564.38
179	9564.38
180	9564.38
181	9564.38
182	9564.38
183	9564.38
184	9564.38
185	9564.38
186	9564.38
187	9564.38
188	9564.38
189	9564.38
190	9564.38
191	9564.38
192	9082.61
193	5513.92
194	5513.92
195	5513.92
196	5513.92
197	5186.89
