Generation	Geometric_mean
1	68.1795
2	68.1795
3	68.1795
4	90.0445
5	4.10839e+06
6	4.10839e+06
7	4.10839e+06
8	4.13071e+06
9	4.11168e+06
10	4.09475e+06
11	4.10437e+06
12	4.09892e+06
13	4.24482e+06
14	4.33203e+06
15	4.34015e+06
16	4.34882e+06
17	4.33152e+06
18	4.3281e+06
19	4.34769e+06
20	4.32787e+06
21	4.33664e+06
22	4.31317e+06
23	4.33667e+06
24	4.35211e+06
25	4.37724e+06
26	4.36804e+06
27	4.36659e+06
28	4.36287e+06
29	4.35176e+06
30	4.36964e+06
31	4.40097e+06
32	4.41267e+06
33	4.40773e+06
34	4.36787e+06
35	4.32618e+06
36	4.28472e+06
37	4.2738e+06
38	4.28878e+06
39	4.28548e+06
40	4.28427e+06
41	4.30133e+06
42	4.29777e+06
43	4.29601e+06
44	4.31218e+06
45	4.34459e+06
46	4.37289e+06
47	4.41262e+06
48	4.43193e+06
49	4.40834e+06
50	4.39497e+06
51	4.37476e+06
52	4.36101e+06
53	4.36795e+06
54	4.34046e+06
55	4.35616e+06
56	4.36009e+06
57	4.35916e+06
58	4.37512e+06
59	4.39837e+06
60	4.3951e+06
61	4.41025e+06
62	4.44295e+06
63	4.42224e+06
64	4.39281e+06
65	4.38739e+06
66	4.33678e+06
67	4.3337e+06
68	4.34409e+06
69	4.31338e+06
70	4.29974e+06
71	4.30512e+06
72	4.31688e+06
73	4.30965e+06
74	4.31688e+06
75	4.32286e+06
76	4.31578e+06
77	4.30263e+06
78	4.29299e+06
79	4.31488e+06
80	4.36991e+06
81	4.42945e+06
82	4.46082e+06
83	4.49839e+06
84	4.50144e+06
85	4.51404e+06
86	4.52181e+06
87	4.51327e+06
88	4.49924e+06
89	4.48936e+06
90	4.4431e+06
91	4.42809e+06
92	4.41764e+06
93	4.38151e+06
94	4.34504e+06
95	4.31135e+06
96	4.30818e+06
97	4.28056e+06
98	4.30154e+06
99	4.31456e+06
100	4.28665e+06
101	4.23454e+06
102	4.18341e+06
103	4.14263e+06
104	4.13321e+06
105	4.12272e+06
106	4.11369e+06
107	4.13564e+06
108	4.12622e+06
109	4.14222e+06
110	4.19588e+06
111	4.23375e+06
112	4.23938e+06
113	4.18495e+06
114	4.21438e+06
115	4.23548e+06
116	4.23013e+06
117	4.28933e+06
118	4.3172e+06
119	4.31086e+06
120	4.3925e+06
121	4.39879e+06
122	4.40186e+06
123	4.41169e+06
124	4.38282e+06
125	4.38586e+06
126	4.38795e+06
127	4.37309e+06
128	4.36531e+06
129	4.31831e+06
130	4.3068e+06
131	4.28358e+06
132	4.28853e+06
133	4.34167e+06
134	4.36612e+06
135	4.36952e+06
136	4.36942e+06
137	4.40077e+06
138	4.44399e+06
139	4.48289e+06
140	4.52792e+06
141	4.58732e+06
142	4.62588e+06
143	4.65367e+06
144	4.69119e+06
145	4.69862e+06
146	4.71133e+06
147	4.7186e+06
148	4.73084e+06
149	4.73953e+06
150	4.74769e+06
151	4.74696e+06
152	4.74873e+06
153	4.74937e+06
154	4.75117e+06
155	4.75117e+06
156	4.75117e+06
157	4.75117e+06
158	4.75117e+06
159	4.75117e+06
160	4.75117e+06
161	4.75117e+06
162	4.75117e+06
163	4.75117e+06
164	4.75117e+06
165	4.75117e+06
166	4.75117e+06
167	4.75117e+06
168	4.75117e+06
169	4.75117e+06
170	4.75117e+06
171	4.75117e+06
172	4.75117e+06
173	4.75117e+06
174	4.75117e+06
175	4.75117e+06
176	4.75117e+06
177	4.75117e+06
178	4.75117e+06
179	4.75117e+06
180	4.75117e+06
181	4.75117e+06
182	4.75117e+06
183	4.75117e+06
184	4.75117e+06
185	4.75117e+06
186	4.75117e+06
187	4.75117e+06
188	4.75117e+06
189	4.75117e+06
190	4.75117e+06
191	4.78592e+06
