Generation	Geometric_mean
1	216.191
2	216.191
3	216.191
4	216.191
5	233196
6	233196
7	233196
8	233196
9	235863
10	237031
11	236426
12	236225
13	257053
14	263852
15	269152
16	269726
17	269558
18	267450
19	265189
20	265175
21	267996
22	269447
23	269280
24	267342
25	266551
26	264454
27	265941
28	269229
29	270235
30	272555
31	271441
32	271974
33	273648
34	270632
35	263432
36	253325
37	251312
38	250284
39	249489
40	248885
41	251548
42	250493
43	244749
44	236059
45	232811
46	229655
47	226518
48	222912
49	214956
50	211759
51	210139
52	208830
53	217129
54	221201
55	216918
56	210992
57	202265
58	190889
59	174805
60	157909
61	147685
62	145565
63	140990
64	138112
65	137080
66	132616
67	125580
68	112592
69	106934
70	102665
71	98164.8
72	92747.6
73	87244.4
74	84331.3
75	79397.3
76	72475.8
77	65807.7
78	58254.3
79	38576.8
80	22313.2
81	11529.4
82	5894.67
83	4505.5
84	2410.5
85	1640.48
86	1394.73
87	1308.48
88	1175.97
89	1143.91
90	1085.31
91	1072.56
92	965.01
93	925.188
94	890.333
95	883.29
96	946.045
97	986.469
98	994.309
99	1006.21
100	1022.1
101	1018.49
102	1038.64
103	1124.93
104	1176.45
105	1284.91
106	1385.81
107	2667.96
108	7700.27
109	12987.3
110	32102.7
111	61510.7
112	113194
113	164086
114	199145
115	204487
116	225936
117	237149
118	233212
119	245528
120	249739
121	280058
122	297900
123	330079
124	355116
125	390215
126	449006
127	490944
128	491664
129	500835
130	518498
131	551992
132	589066
133	640712
134	643520
135	647414
136	644491
137	654085
138	672369
139	687396
140	699747
141	703991
142	706523
143	727506
144	736208
145	745725
146	796292
147	797564
148	815312
149	822907
150	835335
151	857228
152	880144
153	906384
154	936437
155	961534
156	983677
157	1.0204e+06
158	1.05056e+06
159	1.08937e+06
160	1.12937e+06
161	1.12937e+06
162	1.16165e+06
163	1.16973e+06
164	1.18141e+06
165	1.18141e+06
166	1.19348e+06
167	1.1992e+06
168	1.21089e+06
169	1.22318e+06
170	1.22932e+06
171	1.22932e+06
172	1.22932e+06
173	1.22932e+06
174	1.22932e+06
175	1.22932e+06
176	1.22932e+06
177	1.22932e+06
178	1.22932e+06
179	1.22932e+06
180	1.22932e+06
181	1.22932e+06
182	1.22932e+06
183	1.22932e+06
184	1.22932e+06
185	1.22932e+06
186	1.22932e+06
187	1.22932e+06
188	1.22932e+06
189	1.22932e+06
190	1.22932e+06
191	1.22932e+06
192	1.22932e+06
193	1.22932e+06
194	1.22932e+06
195	1.22932e+06
196	1.2283e+06
