Generation	Geometric_mean
1	219.36
2	219.36
3	219.36
4	219.36
5	152996
6	152996
7	152996
8	152996
9	166951
10	172041
11	176108
12	176111
13	176265
14	180345
15	183463
16	185957
17	187987
18	193612
19	196193
20	196825
21	193648
22	190906
23	181941
24	175593
25	171363
26	169804
27	172352
28	173477
29	174303
30	178567
31	180097
32	182678
33	184937
34	186491
35	187740
36	186569
37	168168
38	155539
39	143265
40	124945
41	110883
42	84991
43	70261.3
44	60800.2
45	53416.7
46	48594.5
47	34641.7
48	25788.6
49	20015.8
50	15646.7
51	14443.6
52	13672.1
53	13128.4
54	12435.4
55	12640.4
56	12761.8
57	12608.9
58	12490.8
59	10923.9
60	10618.1
61	10307.3
62	9986.92
63	9813.24
64	9740.5
65	9545.02
66	9275.43
67	9009.43
68	8294.84
69	8060.63
70	7825.67
71	7875.56
72	7860.7
73	7968.46
74	8175.11
75	7848.38
76	7212.06
77	6836.11
78	6207.89
79	6020.84
80	5873.37
81	5690.09
82	5265.96
83	4908.21
84	4561.93
85	4279.53
86	4070.49
87	3775.32
88	3698.76
89	3591.76
90	3554.74
91	3489.15
92	3375.74
93	3312.45
94	3225.03
95	3116.98
96	3055.18
97	2983.37
98	2944.07
99	2922.84
100	2915.02
101	2957.66
102	2946
103	2970.12
104	2964.3
105	2910.69
106	2920.61
107	2889.32
108	2750.81
109	2735.16
110	2695.17
111	2661.05
112	2614.92
113	2596.39
114	2568.97
115	2576.93
116	2572.75
117	2501.06
118	2571.82
119	2599.78
120	2593.49
121	2528.45
122	2560.81
123	2474.21
124	2436.78
125	2335.68
126	2319.85
127	2194.88
128	2122.16
129	2078.97
130	2084.08
131	2063.22
132	2084.57
133	2138.98
134	2214.72
135	2192.03
136	2200.65
137	2209.75
138	2269.53
139	2330.72
140	2428.09
141	2495.34
142	2642.7
143	2796.43
144	2906.92
145	3041.33
146	3285.96
147	3329.23
148	3370.14
149	3437.09
150	3686.77
151	4061.55
152	4406.17
153	4895.81
154	5287.76
155	5735.14
156	6280.8
157	6902.42
158	7517.41
159	8243.99
160	8683.36
161	9096.53
162	9473.17
163	9721.72
164	9788.4
165	9981.42
166	10092.4
167	10445.7
168	10719.9
169	10918.7
170	11025.2
171	11025.2
172	11025.2
173	11025.2
174	11231.8
175	11338
176	11549.5
177	11656.8
178	11878.5
179	11972.4
180	11972.4
181	12155.9
182	12435.6
183	12727.3
184	12823.6
185	13260.1
186	13260.1
187	13831.1
188	13943.1
189	13943.1
190	13943.1
191	13943.1
192	13943.1
193	13943.1
194	13943.1
195	13943.1
196	13943.1
197	14544.2
