Generation	Geometric_mean
1	217.187
2	217.187
3	217.187
4	217.187
5	173335
6	173335
7	173335
8	173335
9	195517
10	202219
11	204802
12	205467
13	204893
14	207162
15	204570
16	203089
17	206692
18	213404
19	218400
20	220980
21	219034
22	213262
23	209728
24	207926
25	208171
26	210654
27	207408
28	203836
29	204835
30	201019
31	198790
32	197505
33	194860
34	191933
35	192310
36	189129
37	185225
38	181843
39	179144
40	179098
41	176153
42	173343
43	171149
44	169862
45	168226
46	170054
47	168541
48	162584
49	158534
50	154048
51	148471
52	145086
53	143504
54	144875
55	142678
56	141758
57	135783
58	133687
59	134003
60	133578
61	130928
62	127001
63	125247
64	119939
65	115141
66	108598
67	97915.6
68	90337.8
69	86913
70	81505.8
71	79781.4
72	77834.8
73	76140
74	73988.5
75	71484.3
76	69181.9
77	56801.5
78	54203.3
79	46794.2
80	34142.1
81	21122.6
82	10870
83	6342.11
84	3163.21
85	2327.04
86	1521.78
87	1297.52
88	1095.71
89	1046.51
90	930.103
91	883.35
92	841.371
93	814.044
94	816.948
95	811.547
96	800.85
97	788.18
98	759.966
99	760.092
100	760.254
101	781.954
102	815.51
103	813.881
104	864.803
105	902.847
106	946.595
107	988.37
108	1058.65
109	1594.7
110	3638.07
111	7739.45
112	18715.3
113	48569
114	120574
115	254878
116	305778
117	372323
118	394440
119	453332
120	497972
121	525018
122	547601
123	692781
124	789560
125	825568
126	848794
127	888044
128	939472
129	981077
130	988245
131	999580
132	1.01254e+06
133	1.0222e+06
134	1.0252e+06
135	1.05507e+06
136	1.07048e+06
137	1.09567e+06
138	1.13048e+06
139	1.16336e+06
140	1.17613e+06
141	1.18913e+06
142	1.19489e+06
143	1.19346e+06
144	1.22411e+06
145	1.25073e+06
146	1.25681e+06
147	1.27096e+06
148	1.26328e+06
149	1.28207e+06
150	1.30406e+06
151	1.32572e+06
152	1.3541e+06
153	1.41158e+06
154	1.47044e+06
155	1.50414e+06
156	1.53446e+06
157	1.53087e+06
158	1.58386e+06
159	1.61091e+06
160	1.65929e+06
161	1.672e+06
162	1.68383e+06
163	1.69564e+06
164	1.69564e+06
165	1.69564e+06
166	1.69564e+06
167	1.69564e+06
168	1.69564e+06
169	1.69564e+06
170	1.69564e+06
171	1.69564e+06
172	1.69564e+06
173	1.69564e+06
174	1.69564e+06
175	1.69564e+06
176	1.69564e+06
177	1.69564e+06
178	1.69564e+06
179	1.69564e+06
180	1.69564e+06
181	1.69564e+06
182	1.69564e+06
183	1.69564e+06
184	1.69564e+06
185	1.69564e+06
186	1.69564e+06
187	1.69564e+06
188	1.69564e+06
189	1.69564e+06
190	1.69564e+06
191	1.69564e+06
192	1.69564e+06
193	1.69564e+06
194	1.69564e+06
195	1.69564e+06
196	1.69564e+06
197	1.74348e+06
