Generation	Geometric_mean
1	122.35
2	122.35
3	122.35
4	122.35
5	3.84061e+06
6	3.84061e+06
7	3.84061e+06
8	3.84061e+06
9	3.89985e+06
10	3.88543e+06
11	3.87554e+06
12	3.87978e+06
13	3.90094e+06
14	3.92676e+06
15	3.91219e+06
16	3.92112e+06
17	3.95176e+06
18	4.02234e+06
19	4.02956e+06
20	4.04734e+06
21	4.05897e+06
22	4.05725e+06
23	4.10143e+06
24	4.11785e+06
25	4.0966e+06
26	4.08804e+06
27	4.08672e+06
28	4.10642e+06
29	4.16208e+06
30	4.22097e+06
31	4.22409e+06
32	4.19555e+06
33	4.20521e+06
34	4.17928e+06
35	4.18698e+06
36	4.2271e+06
37	4.23881e+06
38	4.25026e+06
39	4.27006e+06
40	4.33439e+06
41	4.33849e+06
42	4.33709e+06
43	4.30415e+06
44	4.28066e+06
45	4.24714e+06
46	4.21171e+06
47	4.1932e+06
48	4.16466e+06
49	4.16026e+06
50	4.17184e+06
51	4.24332e+06
52	4.28688e+06
53	4.31331e+06
54	4.3303e+06
55	4.35317e+06
56	4.36356e+06
57	4.35111e+06
58	4.35029e+06
59	4.37528e+06
60	4.42556e+06
61	4.47304e+06
62	4.48699e+06
63	4.51936e+06
64	4.48495e+06
65	4.45166e+06
66	4.42052e+06
67	4.35479e+06
68	4.33353e+06
69	4.28659e+06
70	4.25943e+06
71	4.22518e+06
72	4.21306e+06
73	4.18851e+06
74	4.17485e+06
75	4.16044e+06
76	4.17359e+06
77	4.20642e+06
78	4.24515e+06
79	4.2526e+06
80	4.22462e+06
81	4.18581e+06
82	4.14358e+06
83	4.10334e+06
84	4.0759e+06
85	4.06578e+06
86	4.10277e+06
87	4.0998e+06
88	4.11397e+06
89	4.11686e+06
90	4.07544e+06
91	4.05895e+06
92	4.05097e+06
93	4.05864e+06
94	4.0503e+06
95	4.03701e+06
96	3.99719e+06
97	3.96925e+06
98	3.94025e+06
99	3.94129e+06
100	4.00093e+06
101	4.07252e+06
102	4.10507e+06
103	4.11301e+06
104	4.08832e+06
105	4.0568e+06
106	4.06028e+06
107	4.06793e+06
108	4.05672e+06
109	4.02164e+06
110	3.98718e+06
111	3.96457e+06
112	3.97916e+06
113	3.92775e+06
114	3.89864e+06
115	3.89656e+06
116	3.85515e+06
117	3.83532e+06
118	3.80624e+06
119	3.76372e+06
120	3.75088e+06
121	3.71781e+06
122	3.67722e+06
123	3.61376e+06
124	3.58624e+06
125	3.55418e+06
126	3.57861e+06
127	3.6013e+06
128	3.55182e+06
129	3.506e+06
130	3.52063e+06
131	3.5239e+06
132	3.53402e+06
133	3.50429e+06
134	3.44171e+06
135	3.3784e+06
136	3.23541e+06
137	3.17866e+06
138	3.06434e+06
139	3.03346e+06
140	3.00515e+06
141	2.97538e+06
142	2.91336e+06
143	2.8257e+06
144	2.79383e+06
145	2.7305e+06
146	2.70012e+06
147	2.66774e+06
148	2.62203e+06
149	2.56456e+06
150	2.47133e+06
151	2.39362e+06
152	2.32263e+06
153	2.27782e+06
154	2.23682e+06
155	2.20433e+06
156	2.17591e+06
157	2.13453e+06
158	2.10321e+06
159	2.06978e+06
160	2.01363e+06
161	1.98251e+06
162	1.95428e+06
163	1.93614e+06
164	1.91073e+06
165	1.90353e+06
166	1.90181e+06
167	1.89401e+06
168	1.88867e+06
169	1.88656e+06
170	1.88156e+06
171	1.86804e+06
172	1.85582e+06
173	1.8401e+06
174	1.82969e+06
175	1.8206e+06
176	1.8034e+06
177	1.79984e+06
178	1.78715e+06
179	1.78715e+06
180	1.78715e+06
181	1.78715e+06
182	1.78715e+06
183	1.78715e+06
184	1.78715e+06
185	1.78715e+06
186	1.62545e+06
187	40940.3
188	40940.3
189	40940.3
190	40940.3
191	34987.7
