Generation	Geometric_mean
1	206.587
2	206.587
3	206.587
4	206.587
5	1.16355e+06
6	1.16355e+06
7	1.16355e+06
8	1.16355e+06
9	1.13673e+06
10	1.13708e+06
11	1.14029e+06
12	1.15253e+06
13	1.18431e+06
14	1.20728e+06
15	1.20685e+06
16	1.20743e+06
17	1.21414e+06
18	1.19436e+06
19	1.21455e+06
20	1.21092e+06
21	1.21468e+06
22	1.21019e+06
23	1.24954e+06
24	1.25399e+06
25	1.27862e+06
26	1.3078e+06
27	1.26753e+06
28	1.25183e+06
29	1.24394e+06
30	1.23062e+06
31	1.26587e+06
32	1.26789e+06
33	1.28346e+06
34	1.27492e+06
35	1.28901e+06
36	1.27715e+06
37	1.29299e+06
38	1.30697e+06
39	1.31109e+06
40	1.3404e+06
41	1.34158e+06
42	1.32493e+06
43	1.30366e+06
44	1.27345e+06
45	1.25256e+06
46	1.20776e+06
47	1.20369e+06
48	1.17467e+06
49	1.16444e+06
50	1.17266e+06
51	1.17509e+06
52	1.23307e+06
53	1.23817e+06
54	1.23072e+06
55	1.21224e+06
56	1.1652e+06
57	1.09926e+06
58	1.07747e+06
59	1.05898e+06
60	1.06194e+06
61	1.10618e+06
62	1.11596e+06
63	1.12102e+06
64	1.13035e+06
65	1.10703e+06
66	1.07908e+06
67	1.05591e+06
68	991801
69	936940
70	897405
71	841287
72	787863
73	696393
74	611597
75	449970
76	386840
77	372477
78	361413
79	346888
80	327735
81	298433
82	257556
83	228491
84	195873
85	173406
86	154832
87	141988
88	132961
89	123832
90	113208
91	106823
92	102228
93	88799.8
94	72493.4
95	58122.1
96	40209.4
97	28477.5
98	15058.6
99	11945.5
100	9118.75
101	6900.41
102	5129.85
103	3979.78
104	3622.4
105	3584.63
106	3643.59
107	3535.33
108	3270.21
109	3129.62
110	2942.7
111	2725.33
112	2696.61
113	2685.38
114	2699.36
115	2662.78
116	2496.11
117	2384.73
118	2320.91
119	2201.24
120	2093.52
121	2041.93
122	1956.44
123	1888.99
124	1786.83
125	1703.04
126	1652.99
127	1623.54
128	1623.11
129	1597.76
130	1567.12
131	1556.61
132	1536.94
133	1462.64
134	1453.56
135	1434.76
136	1437.35
137	1435.83
138	1421.29
139	1412.2
140	1399.23
141	1356.74
142	1351.95
143	1376.24
144	1374.04
145	1409.03
146	1435.09
147	1470.82
148	1516.29
149	1599.49
150	1632.14
151	1676.49
152	1729.79
153	1839.48
154	2028.86
155	2179.08
156	2287.66
157	2398.54
158	2512.57
159	2683.43
160	3106.7
161	3473.64
162	3701.9
163	3883.76
164	4161.96
165	4317
166	4374.44
167	4397.14
168	4397.14
169	4397.14
170	4397.14
171	4428.42
172	4508.31
173	4523.82
174	4554.92
175	4554.92
176	4554.92
177	4554.92
178	4554.92
179	4554.92
180	4554.92
181	4554.92
182	4554.92
183	4554.92
184	4554.92
185	4554.92
186	4554.92
187	4554.92
188	4554.92
189	4554.92
190	4554.92
191	4554.92
192	4554.92
193	4554.92
194	4554.92
195	4554.92
196	4554.92
197	4743.67
