Generation	Geometric_mean
1	230.533
2	230.533
3	230.533
4	230.533
5	16833.8
6	16833.8
7	16833.8
8	16833.8
9	18100.2
10	18627
11	18622.8
12	18723.4
13	19729.6
14	20417.4
15	20645.7
16	20592.4
17	20829.4
18	21010.7
19	21074.5
20	20807.9
21	20941
22	20843
23	20994.3
24	20921.2
25	20654.6
26	20569.7
27	20646.7
28	20761.2
29	20671.9
30	20707.2
31	20376.3
32	20058.4
33	20171
34	20024.6
35	19938.2
36	19679.7
37	19379.7
38	18597.6
39	18281.8
40	18335.4
41	17695.6
42	17388.6
43	16677.1
44	16541.6
45	16536.4
46	16376.3
47	16359.7
48	16474.3
49	16258.8
50	15929.9
51	15514.9
52	15456.8
53	15808.4
54	15624.7
55	16135.9
56	16040.2
57	15584.2
58	15489.3
59	15418.2
60	15345.2
61	15206
62	15106
63	14517.8
64	13964.8
65	13820.5
66	13296
67	13462.2
68	13440.3
69	13259
70	13120.7
71	12182.8
72	11581.5
73	11124.8
74	10461.2
75	10094.3
76	9411.72
77	8628.42
78	8010.67
79	7477.71
80	6526.6
81	5952.85
82	5376.34
83	5075.73
84	4821.06
85	4733.97
86	4739.21
87	4541.85
88	4180.39
89	4182.24
90	4090.49
91	4072.53
92	4123.98
93	4090.75
94	4104.94
95	4047.01
96	3803.19
97	3646.29
98	3535.25
99	3464.68
100	3176.05
101	3064.87
102	3009.48
103	2982.02
104	2958.28
105	2981.88
106	2988.53
107	3004.09
108	2956.96
109	2885.85
110	2746.09
111	2695.97
112	2718.6
113	2721.94
114	2704.05
115	2695.11
116	2647.71
117	2569.45
118	2517.89
119	2447.18
120	2273.88
121	2215.86
122	2207.88
123	2224.43
124	2192.02
125	2163.07
126	2168.06
127	2168.86
128	2174.41
129	2178.04
130	2216.42
131	2232.18
132	2266.05
133	2271.45
134	2307.29
135	2414.32
136	2427.5
137	2496.21
138	2599.99
139	2702.96
140	2784.1
141	2820.72
142	2938.14
143	3088.54
144	3240.99
145	3407.57
146	3682.26
147	3965.28
148	4238.85
149	4458.09
150	4633.89
151	4943.55
152	5930.35
153	7316.42
154	9355.94
155	11476.1
156	13611.9
157	15850.8
158	19467.3
159	23722.4
160	26076.7
161	28957.5
162	31885
163	32903.8
164	34207.6
165	36079
166	37146.3
167	38520.6
168	41914.8
169	42405.6
170	42405.6
171	42405.6
172	42405.6
173	42405.6
174	42405.6
175	42405.6
176	42405.6
177	42405.6
178	42405.6
179	42405.6
180	42405.6
181	42405.6
182	42405.6
183	42405.6
184	42405.6
185	42405.6
186	42405.6
187	42405.6
188	42405.6
189	42405.6
190	42405.6
191	42405.6
192	42405.6
193	42405.6
194	42405.6
195	42405.6
196	42405.6
197	45427.1
