Generation	Geometric_mean
1	273.804
2	273.804
3	273.804
4	273.804
5	2545.35
6	3468.46
7	4193.7
8	4193.7
9	15583
10	16010.7
11	15820.3
12	15796.6
13	15681.3
14	15503
15	15626.4
16	15641.7
17	15566.3
18	15690.5
19	15414
20	15239.7
21	14671.1
22	14104.6
23	13974
24	13982.8
25	13559.3
26	12898.4
27	12523.8
28	12108.4
29	11923.6
30	11777.9
31	11316.1
32	10799.3
33	10490.2
34	10347.4
35	10151.6
36	9968.16
37	9640.55
38	9118.18
39	8928.99
40	8728.04
41	8401.11
42	8184.42
43	8189.3
44	8056.46
45	7955.56
46	7927.43
47	7992.6
48	7954.58
49	7677.6
50	7467.38
51	7414.29
52	7376.33
53	7436.76
54	7637.31
55	7800.3
56	7778.04
57	7728.44
58	7648.25
59	7689.23
60	7773.73
61	7946.88
62	7950.14
63	7957.94
64	8105.05
65	8354.35
66	8678.39
67	8851.39
68	9319.71
69	9370.36
70	9883.81
71	10309.5
72	10476.4
73	10673.8
74	10802.3
75	10895.3
76	10935.6
77	11090.9
78	11654.1
79	12535
80	13537.1
81	14427.8
82	15865.7
83	17314.2
84	18515.7
85	19970
86	22731.6
87	23614.3
88	26411.7
89	28393.7
90	31098
91	35194.4
92	36527.2
93	38354
94	39937.7
95	40103.4
96	40362
97	42201.9
98	43825.7
99	44277.4
100	43773.4
101	45640.3
102	47961
103	49318.9
104	50336.7
105	51927.3
106	52974
107	55118
108	58510.6
109	59389.5
110	61016.7
111	61441.4
112	62194.7
113	66568.7
114	66320.9
115	65968.5
116	64996.5
117	65547.2
118	65454.5
119	67780.9
120	68201.2
121	68766.3
122	69661.4
123	70099.6
124	71745.9
125	72394.8
126	73745.6
127	75115.3
128	77149.5
129	78314.2
130	80220.8
131	80404.8
132	81467.7
133	82756.1
134	83010.3
135	81560.5
136	80379.7
137	79529.6
138	79528.3
139	79980.1
140	80515.7
141	80588.8
142	81568.4
143	81251.1
144	81511
145	81523.1
146	80705.4
147	80074.1
148	80247.5
149	79642
150	79057.9
151	79204.5
152	79302.8
153	79118.9
154	79371.3
155	79161.8
156	79164.9
157	79157.5
158	79199.1
159	79199.1
160	79199.1
161	79199.1
162	79199.1
163	79199.1
164	79199.1
165	79199.1
166	79199.1
167	79199.1
168	79199.1
169	79199.1
170	79199.1
171	79199.1
172	79199.1
173	79199.1
174	79199.1
175	79199.1
176	79199.1
177	79199.1
178	79199.1
179	79199.1
180	79199.1
181	79199.1
182	79199.1
183	79199.1
184	79199.1
185	79199.1
186	79199.1
187	79199.1
188	79199.1
189	79199.1
190	76783
191	37458.2
192	2108.22
193	2108.22
194	2108.22
195	2108.22
196	1823.93
