Generation	Geometric_mean
1	230.313
2	230.313
3	230.313
4	230.313
5	245050
6	245050
7	245050
8	245050
9	247838
10	245251
11	244248
12	244222
13	264907
14	277545
15	281807
16	283997
17	285719
18	287592
19	285335
20	279951
21	275067
22	270195
23	275257
24	273466
25	274501
26	271162
27	266068
28	262485
29	257217
30	255530
31	261927
32	267564
33	270613
34	272929
35	269063
36	265137
37	265213
38	261200
39	252652
40	248626
41	245685
42	244170
43	243338
44	243261
45	237693
46	236416
47	240803
48	246281
49	242572
50	243051
51	239881
52	236273
53	236464
54	228726
55	228025
56	225676
57	221964
58	213256
59	209227
60	196193
61	189309
62	175513
63	171444
64	162651
65	156959
66	155239
67	152022
68	141871
69	131829
70	122498
71	112838
72	106012
73	98504.5
74	90659.4
75	85254.7
76	81916
77	80030.3
78	76527.7
79	71057
80	69812.6
81	70105.7
82	68088.2
83	66720.6
84	64745.7
85	55410.4
86	47028.6
87	35270.5
88	24734.1
89	13707.7
90	7115.74
91	4170.79
92	3268.2
93	2285.61
94	1587.35
95	1303.49
96	1034.97
97	962.9
98	915.162
99	845.269
100	802.911
101	781.951
102	767.383
103	755.266
104	751.455
105	733.999
106	716.519
107	707.369
108	701.469
109	697.836
110	693.624
111	721.048
112	749.792
113	795.161
114	821.118
115	832.054
116	863.538
117	906.52
118	961.813
119	1022.91
120	1263.13
121	1672.33
122	1842.86
123	2388
124	3217.31
125	8495.31
126	19875.2
127	65401.2
128	101467
129	147758
130	165856
131	174451
132	180056
133	185739
134	203871
135	215984
136	224161
137	227973
138	243838
139	248958
140	253705
141	261198
142	261555
143	265524
144	268205
145	270520
146	282476
147	288080
148	296517
149	312464
150	324304
151	338220
152	342861
153	348447
154	357535
155	366182
156	374527
157	378439
158	383985
159	387080
160	390319
161	395859
162	398632
163	401436
164	401436
165	401436
166	401436
167	401436
168	401436
169	401436
170	401436
171	401436
172	401436
173	401436
174	401436
175	401436
176	401436
177	401436
178	401436
179	401436
180	401436
181	401436
182	401436
183	401436
184	401436
185	401436
186	401436
187	401436
188	401436
189	401436
190	401436
191	401436
192	401436
193	401436
194	401436
195	401436
196	395559
