Generation	Geometric_mean
1	1303.51
2	1303.51
3	1303.51
4	1303.51
5	820.581
6	210.026
7	149.858
8	149.858
9	159.667
10	75253.8
11	1.8174e+06
12	1.8174e+06
13	2.28379e+06
14	2.78814e+06
15	2.7081e+06
16	2.69904e+06
17	2.83916e+06
18	2.84415e+06
19	2.93799e+06
20	2.95229e+06
21	2.95062e+06
22	2.98561e+06
23	2.96329e+06
24	2.95647e+06
25	2.99828e+06
26	2.95297e+06
27	2.9508e+06
28	2.93168e+06
29	2.89762e+06
30	2.92872e+06
31	2.93202e+06
32	2.9159e+06
33	2.97058e+06
34	2.96709e+06
35	2.97554e+06
36	3.03756e+06
37	3.03953e+06
38	3.03311e+06
39	3.01627e+06
40	3.01176e+06
41	2.99571e+06
42	2.97668e+06
43	2.95e+06
44	2.94336e+06
45	2.90713e+06
46	2.9324e+06
47	2.94584e+06
48	2.94558e+06
49	2.96253e+06
50	3.03791e+06
51	3.12233e+06
52	3.16646e+06
53	3.18581e+06
54	3.12036e+06
55	3.14676e+06
56	3.1279e+06
57	3.14875e+06
58	3.13917e+06
59	3.07447e+06
60	3.03229e+06
61	2.99977e+06
62	2.98872e+06
63	2.97715e+06
64	2.99565e+06
65	3.00888e+06
66	3.06197e+06
67	3.04708e+06
68	3.06855e+06
69	3.08477e+06
70	3.06092e+06
71	3.02886e+06
72	3.04252e+06
73	3.06774e+06
74	3.01768e+06
75	3.12221e+06
76	3.16095e+06
77	3.16248e+06
78	3.2007e+06
79	3.22564e+06
80	3.22038e+06
81	3.19566e+06
82	3.16069e+06
83	3.16034e+06
84	3.147e+06
85	3.1475e+06
86	3.1291e+06
87	3.10556e+06
88	3.03434e+06
89	2.99273e+06
90	2.98243e+06
91	2.96173e+06
92	2.98606e+06
93	3.03168e+06
94	3.10416e+06
95	3.19385e+06
96	3.25524e+06
97	3.26451e+06
98	3.21705e+06
99	3.11244e+06
100	3.06979e+06
101	3.03696e+06
102	2.99091e+06
103	2.99277e+06
104	3.05937e+06
105	3.11043e+06
106	3.17052e+06
107	3.24766e+06
108	3.23066e+06
109	3.17967e+06
110	3.11973e+06
111	3.08268e+06
112	3.08981e+06
113	3.05151e+06
114	3.06339e+06
115	3.05683e+06
116	3.04644e+06
117	2.99922e+06
118	2.98053e+06
119	3.00213e+06
120	3.01842e+06
121	3.03248e+06
122	3.01226e+06
123	3.01637e+06
124	3.004e+06
125	2.99203e+06
126	2.98948e+06
127	2.95591e+06
128	2.93267e+06
129	2.88466e+06
130	2.83956e+06
131	2.76641e+06
132	2.73159e+06
133	2.71962e+06
134	2.66526e+06
135	2.61089e+06
136	2.59797e+06
137	2.55981e+06
138	2.49605e+06
139	2.45085e+06
140	2.43657e+06
141	2.42867e+06
142	2.42719e+06
143	2.41608e+06
144	2.37581e+06
145	2.31808e+06
146	2.26473e+06
147	2.15323e+06
148	2.06271e+06
149	2.01538e+06
150	1.98683e+06
151	1.94224e+06
152	1.91833e+06
153	1.90863e+06
154	1.86393e+06
155	1.78623e+06
156	1.72463e+06
157	1.64637e+06
158	1.62717e+06
159	1.59037e+06
160	1.54188e+06
161	1.52355e+06
162	1.51428e+06
163	1.49581e+06
164	1.43208e+06
165	1.4059e+06
166	1.35467e+06
167	1.31287e+06
168	1.23491e+06
169	1.19711e+06
170	1.14777e+06
171	1.10489e+06
172	1.05098e+06
173	945913
174	903169
175	833761
176	760776
177	695354
178	624801
179	551142
180	442833
181	285147
182	285147
183	285147
184	285147
185	6919.61
186	6919.61
187	6919.61
188	6919.61
189	5811.4
