Generation	Geometric_mean
1	263.009
2	263.009
3	263.009
4	263.009
5	61831.3
6	61831.3
7	61831.3
8	61831.3
9	71436.3
10	73446.7
11	73880.7
12	73809.5
13	76626.7
14	77796.1
15	78926.9
16	78491.2
17	77802.6
18	76374
19	76841.1
20	76843.5
21	77361
22	80151.6
23	80470.6
24	80776.9
25	82979.3
26	83484.4
27	82810.8
28	82793.2
29	81071.5
30	78674.7
31	76056.9
32	69380.2
33	66233.4
34	64066.2
35	59559.1
36	44533.7
37	37901
38	27597.1
39	22251.2
40	20694.6
41	19759.5
42	18390.4
43	17466.1
44	17316.6
45	17254.5
46	16676.5
47	16103.9
48	14524.9
49	12906.7
50	11920.1
51	10844.6
52	9673.16
53	8026.11
54	6658.15
55	5347
56	4844.31
57	4184.37
58	3392.24
59	3176.93
60	3093.84
61	3040.07
62	2932.14
63	2853.1
64	2733
65	2671.36
66	2631.61
67	2618.25
68	2631.88
69	2638.68
70	2620.25
71	2546.56
72	2537.23
73	2518.63
74	2492.17
75	2450.14
76	2455.07
77	2479.7
78	2500.43
79	2569.68
80	2623.82
81	2748.27
82	2881.59
83	2994.59
84	3030.92
85	3059.88
86	3146.83
87	3134.48
88	3153.48
89	3216.8
90	3388.53
91	3671.1
92	3904.66
93	4236.13
94	4654.24
95	4963.08
96	5552.29
97	5899.88
98	6483.36
99	7085.73
100	8639.91
101	10661.9
102	11791.4
103	12342.2
104	12302.5
105	12233.1
106	13000.1
107	13104.1
108	14335.8
109	14927.1
110	15159.7
111	15345.7
112	15372.1
113	15312.7
114	15258.6
115	15487.1
116	15526.3
117	15722.7
118	15870.6
119	15891.4
120	16040.8
121	16028.4
122	16035.1
123	16224.8
124	16029.1
125	15990.4
126	15897.6
127	15845.1
128	16156.1
129	16355
130	17008.6
131	17564.8
132	17956.6
133	18249.4
134	18576.3
135	18755.2
136	18854.5
137	18781.3
138	18818
139	18933.5
140	19321.1
141	19537.5
142	19647.4
143	19582.9
144	19464.2
145	19249
146	19115.7
147	18903.1
148	18768.8
149	18698.7
150	18644.9
151	18392.5
152	18336
153	18378.6
154	18241.8
155	17782.4
156	17465.5
157	17240.6
158	17091.5
159	16934.9
160	16750.2
161	16699.2
162	16674.1
163	16645.9
164	16645.9
165	16585.8
166	16561.3
167	16532.4
168	16509.1
169	16478.4
170	16478.4
171	16478.4
172	16478.4
173	16478.4
174	16478.4
175	16478.4
176	16478.4
177	16478.4
178	16478.4
179	16478.4
180	16478.4
181	16478.4
182	16478.4
183	16478.4
184	16287.8
185	16156.3
186	15827.9
187	15517.3
188	15190.7
189	14933.3
190	14698
191	13123.6
192	8896.6
193	3834.33
194	3834.33
195	3834.33
196	3834.33
197	3661.14
