Generation	Geometric_mean
1	212.311
2	212.311
3	212.311
4	212.311
5	36434.3
6	36434.3
7	36434.3
8	36434.3
9	43035.5
10	44057.6
11	44140
12	44120
13	46878.3
14	46278.1
15	46476.7
16	46501.9
17	48375.6
18	49692.8
19	50247
20	50923
21	51244.4
22	51556.2
23	51843.4
24	51269.5
25	51405.6
26	52147.9
27	52363
28	52188.5
29	51804.4
30	52024.5
31	52473.7
32	52840
33	53503.6
34	52962.1
35	52381.6
36	52910.8
37	53118.6
38	52843.8
39	52465.8
40	52128.3
41	51531
42	51266.9
43	50808.4
44	49836
45	49992.5
46	49353.3
47	47504.5
48	46924.1
49	45867.6
50	45788.9
51	47171.9
52	46477.3
53	46975.9
54	46512
55	45955.9
56	44994.2
57	45756.5
58	46999.1
59	46849.7
60	47324.6
61	46313.4
62	44250.3
63	43342.1
64	41142
65	38773.7
66	38159.4
67	37989
68	36406.8
69	33348.2
70	28539.5
71	24664.8
72	20690.3
73	14260.6
74	7621.98
75	6055.71
76	4521.24
77	3225.21
78	2432.4
79	2140.95
80	2097.57
81	2040.81
82	1870.87
83	1818.75
84	1772.34
85	1730.09
86	1723.11
87	1716.45
88	1729.19
89	1682.97
90	1661.07
91	1625.36
92	1601.94
93	1580.6
94	1555.22
95	1562.37
96	1561.2
97	1542.13
98	1489.2
99	1490.94
100	1502.17
101	1492.96
102	1537.52
103	1537.54
104	1580.62
105	1618.72
106	1637.42
107	1639.89
108	1624.84
109	1616.94
110	1635.94
111	1672.9
112	1709.7
113	1787.44
114	1850.61
115	1972.92
116	2042.7
117	2125.03
118	2232.28
119	2604.08
120	3141.28
121	5463.47
122	13031.7
123	30570.8
124	48131.2
125	87806.8
126	141096
127	210466
128	264488
129	344290
130	363160
131	366621
132	366184
133	371659
134	370753
135	369207
136	375887
137	381496
138	388850
139	412119
140	427433
141	432026
142	442813
143	457576
144	490313
145	517313
146	530344
147	557058
148	589144
149	607664
150	643277
151	676978
152	725710
153	749917
154	767848
155	789845
156	797580
157	810285
158	815016
159	820281
160	822285
161	822285
162	822285
163	822285
164	822285
165	822285
166	822285
167	822285
168	822285
169	822285
170	822285
171	822285
172	822285
173	822285
174	822285
175	822285
176	822285
177	822285
178	822285
179	822285
180	822285
181	822285
182	822285
183	822285
184	822285
185	822285
186	822285
187	822285
188	822285
189	822285
190	822285
191	822285
192	822285
193	822285
194	822285
195	822285
196	822285
197	824238
