Generation	Geometric_mean
1	263.26
2	263.26
3	263.26
4	263.26
5	1.58507e+06
6	1.58507e+06
7	1.58507e+06
8	1.58507e+06
9	1.6394e+06
10	1.65404e+06
11	1.66897e+06
12	1.67161e+06
13	1.63768e+06
14	1.63701e+06
15	1.66093e+06
16	1.66263e+06
17	1.6646e+06
18	1.63195e+06
19	1.60302e+06
20	1.61365e+06
21	1.63847e+06
22	1.629e+06
23	1.60623e+06
24	1.60484e+06
25	1.59085e+06
26	1.63245e+06
27	1.70614e+06
28	1.75022e+06
29	1.76935e+06
30	1.77862e+06
31	1.75169e+06
32	1.78172e+06
33	1.78951e+06
34	1.79169e+06
35	1.76519e+06
36	1.75366e+06
37	1.75346e+06
38	1.70532e+06
39	1.69353e+06
40	1.62796e+06
41	1.57069e+06
42	1.51313e+06
43	1.47771e+06
44	1.45705e+06
45	1.40031e+06
46	1.38079e+06
47	1.42918e+06
48	1.44735e+06
49	1.47938e+06
50	1.54941e+06
51	1.55568e+06
52	1.5322e+06
53	1.5546e+06
54	1.50903e+06
55	1.50441e+06
56	1.55288e+06
57	1.58017e+06
58	1.62117e+06
59	1.67504e+06
60	1.68595e+06
61	1.64786e+06
62	1.5637e+06
63	1.51857e+06
64	1.4899e+06
65	1.46811e+06
66	1.38391e+06
67	1.32937e+06
68	1.26682e+06
69	1.18347e+06
70	991482
71	848271
72	731460
73	599247
74	515269
75	464186
76	400606
77	340962
78	282315
79	237488
80	224089
81	207259
82	209961
83	194098
84	177882
85	149972
86	123260
87	84459
88	66231.9
89	50054.1
90	39407.7
91	31682.5
92	29908.6
93	24148.7
94	21383.6
95	19926.9
96	18591.8
97	16558.5
98	14985.7
99	14101.7
100	13488.3
101	12802.2
102	12722.3
103	12887
104	12762.6
105	12332.1
106	12410.9
107	12166.8
108	11402
109	10120
110	8941.6
111	8152.93
112	7696.29
113	7324.36
114	6546.79
115	6252.09
116	6096.78
117	5868.44
118	5670.7
119	5486.49
120	5432.51
121	5408.13
122	5347.85
123	5154.49
124	4896.07
125	4636.58
126	4552.1
127	4404.31
128	4311.82
129	4176.17
130	3755.87
131	3575.58
132	3321.19
133	3076.46
134	2791.85
135	2461.87
136	2327.76
137	2045.99
138	1796.38
139	1448.28
140	1321.68
141	1198.16
142	1066.96
143	1020.22
144	966.737
145	956.032
146	944.341
147	948.543
148	978.113
149	959.982
150	986.107
151	967.501
152	982.967
153	1030.04
154	1075.48
155	1079.38
156	1127.56
157	1155.61
158	1164.56
159	1251.78
160	1359.86
161	1495.11
162	1620.88
163	1718.25
164	1969.96
165	2266.07
166	2624.31
167	2726.91
168	2756.25
169	3041.22
170	3135.18
171	3338.53
172	3754.96
173	4610.35
174	5797.88
175	6838.24
176	8047.31
177	8734.71
178	9483.2
179	10105.2
180	11118.6
181	13152
182	15400.6
183	17359.7
184	19170.7
185	20463.3
186	20974.3
187	20974.3
188	20974.3
189	20974.3
190	20974.3
191	20974.3
192	20974.3
193	20974.3
194	20974.3
195	20974.3
196	20974.3
197	23413.7
