Generation	Geometric_mean
1	245.129
2	245.129
3	245.129
4	245.129
5	46703.8
6	46703.8
7	46703.8
8	46703.8
9	52321.1
10	54157.9
11	55201.1
12	55211.1
13	56178
14	57249.1
15	56919.8
16	56481.6
17	55958.5
18	56791.2
19	56600.7
20	56831.8
21	57100.3
22	57669.8
23	58311
24	59706.5
25	60424.4
26	59331
27	58540
28	57491.7
29	56067.1
30	53951.4
31	51764.9
32	50897.9
33	50027.3
34	49392.3
35	48936.7
36	49095
37	48961.8
38	48131.5
39	48371.7
40	48154.5
41	47846.7
42	47986
43	47686
44	47256.4
45	47010
46	45738.2
47	45284.7
48	45784.1
49	45236
50	44321.7
51	41413.2
52	39899.3
53	39397
54	40145
55	32643.8
56	23403.5
57	15794.8
58	9717.98
59	5115.19
60	3616.75
61	2604.01
62	2180.88
63	1789.33
64	1752.44
65	1576.36
66	1372.88
67	1330.48
68	1306.73
69	1284.63
70	1217.19
71	1190.83
72	1177.6
73	1143.17
74	1143.89
75	1122.21
76	1112.62
77	1118.75
78	1126.91
79	1150.83
80	1173.92
81	1192.61
82	1248.33
83	1259.78
84	1276.98
85	1336.89
86	1337.69
87	1371.25
88	1413.31
89	1432.7
90	1494.44
91	2302.51
92	4213.85
93	7191.81
94	13238.1
95	24238.2
96	65541.6
97	207128
98	399640
99	823131
100	1.12896e+06
101	1.50781e+06
102	1.68844e+06
103	1.93602e+06
104	1.98666e+06
105	2.00481e+06
106	1.9692e+06
107	2.01941e+06
108	2.03323e+06
109	2.11923e+06
110	2.18064e+06
111	2.25865e+06
112	2.46786e+06
113	2.52777e+06
114	2.56182e+06
115	2.56464e+06
116	2.60938e+06
117	2.58789e+06
118	2.61611e+06
119	2.62038e+06
120	2.59131e+06
121	2.57147e+06
122	2.50665e+06
123	2.46615e+06
124	2.45428e+06
125	2.45131e+06
126	2.42613e+06
127	2.39347e+06
128	2.38353e+06
129	2.41328e+06
130	2.44575e+06
131	2.4926e+06
132	2.51479e+06
133	2.51633e+06
134	2.53585e+06
135	2.57331e+06
136	2.62331e+06
137	2.67431e+06
138	2.71008e+06
139	2.74682e+06
140	2.743e+06
141	2.76728e+06
142	2.80849e+06
143	2.85107e+06
144	2.91669e+06
145	2.94786e+06
146	2.94687e+06
147	2.95752e+06
148	2.96425e+06
149	2.99047e+06
150	3.00155e+06
151	3.01421e+06
152	3.0271e+06
153	3.02507e+06
154	3.01547e+06
155	3.0231e+06
156	3.02154e+06
157	3.01971e+06
158	3.01971e+06
159	3.01971e+06
160	3.01971e+06
161	3.01971e+06
162	3.01971e+06
163	3.01971e+06
164	3.01971e+06
165	3.01971e+06
166	3.01971e+06
167	3.01971e+06
168	3.01971e+06
169	3.01971e+06
170	3.01971e+06
171	3.01971e+06
172	3.01971e+06
173	3.01971e+06
174	3.01971e+06
175	3.01971e+06
176	3.01971e+06
177	3.01971e+06
178	3.01971e+06
179	3.01971e+06
180	3.01971e+06
181	3.01971e+06
182	3.01971e+06
183	3.01971e+06
184	3.01971e+06
185	3.01971e+06
186	3.01971e+06
187	3.01971e+06
188	3.01971e+06
189	3.01971e+06
190	3.01971e+06
191	3.01971e+06
192	3.01971e+06
193	3.01971e+06
194	3.01971e+06
195	3.01971e+06
196	3.01971e+06
197	3.02543e+06
