Generation	Geometric_mean
1	235.25
2	235.25
3	235.25
4	235.25
5	102304
6	102304
7	102304
8	102304
9	108404
10	109749
11	110450
12	110445
13	113351
14	114944
15	114945
16	114551
17	113785
18	115117
19	115514
20	115012
21	115438
22	114766
23	115311
24	116022
25	115228
26	117540
27	118119
28	115041
29	112245
30	107133
31	106843
32	106554
33	106122
34	107042
35	104516
36	105349
37	106826
38	109074
39	110266
40	110012
41	111239
42	107299
43	103296
44	101364
45	99575
46	98310.8
47	96755.7
48	92352.7
49	88221.4
50	86141.9
51	85506
52	86320.9
53	86283.6
54	84318
55	82044.9
56	78886.9
57	77693.2
58	75226.6
59	75190.2
60	71939.8
61	69828.5
62	68307.4
63	65907.7
64	63171.4
65	62874.3
66	61106
67	59065.2
68	54630.5
69	49879.6
70	46995
71	43757.7
72	36259.5
73	32025.1
74	24537
75	16217.1
76	11227.1
77	4588.49
78	2766.01
79	1992.4
80	1459.16
81	1282.37
82	1163.54
83	1018.46
84	896.215
85	859.519
86	832.414
87	805.669
88	784.372
89	768.157
90	743.771
91	720.96
92	713.086
93	713.78
94	729.593
95	743.078
96	767.353
97	778.191
98	798.774
99	840.049
100	854.98
101	917.191
102	946.032
103	1023.39
104	1163.5
105	1473.19
106	1757.07
107	3899.94
108	10382.7
109	23791.8
110	45118.7
111	127874
112	306928
113	405787
114	538143
115	691983
116	970014
117	1.109e+06
118	1.1349e+06
119	1.14369e+06
120	1.16006e+06
121	1.15918e+06
122	1.16559e+06
123	1.16193e+06
124	1.16895e+06
125	1.22415e+06
126	1.26205e+06
127	1.28803e+06
128	1.31399e+06
129	1.3264e+06
130	1.29335e+06
131	1.29041e+06
132	1.29019e+06
133	1.35466e+06
134	1.52917e+06
135	1.69908e+06
136	1.83131e+06
137	1.85465e+06
138	1.87131e+06
139	1.87809e+06
140	1.88678e+06
141	1.91905e+06
142	1.9313e+06
143	1.93896e+06
144	1.97791e+06
145	2.01874e+06
146	2.09069e+06
147	2.2214e+06
148	2.26212e+06
149	2.36021e+06
150	2.38941e+06
151	2.40911e+06
152	2.44883e+06
153	2.45926e+06
154	2.49084e+06
155	2.52129e+06
156	2.58484e+06
157	2.61357e+06
158	2.7229e+06
159	2.74909e+06
160	2.77584e+06
161	2.77584e+06
162	2.77584e+06
163	2.77584e+06
164	2.80267e+06
165	2.80267e+06
166	2.80267e+06
167	2.80267e+06
168	2.80267e+06
169	2.80267e+06
170	2.80267e+06
171	2.80267e+06
172	2.80267e+06
173	2.80267e+06
174	2.80267e+06
175	2.80267e+06
176	2.80267e+06
177	2.80267e+06
178	2.80267e+06
179	2.80267e+06
180	2.80267e+06
181	2.80267e+06
182	2.80267e+06
183	2.80267e+06
184	2.80267e+06
185	2.80267e+06
186	2.80267e+06
187	2.80267e+06
188	2.80267e+06
189	2.80267e+06
190	2.80267e+06
191	2.80267e+06
192	2.80267e+06
193	2.80267e+06
194	2.80267e+06
195	2.80267e+06
196	2.80267e+06
197	2.79129e+06
