Generation	Geometric_mean
1	109.509
2	109.509
3	109.509
4	109.509
5	4.13257e+06
6	4.13257e+06
7	4.13257e+06
8	4.13257e+06
9	4.29095e+06
10	4.39205e+06
11	4.39748e+06
12	4.39986e+06
13	4.51116e+06
14	4.57619e+06
15	4.58635e+06
16	4.58639e+06
17	4.65472e+06
18	4.71021e+06
19	4.72786e+06
20	4.73222e+06
21	4.71893e+06
22	4.67985e+06
23	4.66772e+06
24	4.64991e+06
25	4.65254e+06
26	4.66344e+06
27	4.66843e+06
28	4.69097e+06
29	4.70119e+06
30	4.68911e+06
31	4.68272e+06
32	4.68297e+06
33	4.69101e+06
34	4.74292e+06
35	4.75296e+06
36	4.74688e+06
37	4.73117e+06
38	4.73469e+06
39	4.72937e+06
40	4.73651e+06
41	4.74168e+06
42	4.73737e+06
43	4.74226e+06
44	4.69903e+06
45	4.65583e+06
46	4.63362e+06
47	4.60778e+06
48	4.65815e+06
49	4.69127e+06
50	4.69296e+06
51	4.71131e+06
52	4.71035e+06
53	4.70755e+06
54	4.72309e+06
55	4.74253e+06
56	4.74217e+06
57	4.74947e+06
58	4.73651e+06
59	4.73657e+06
60	4.72603e+06
61	4.71886e+06
62	4.70686e+06
63	4.71248e+06
64	4.69491e+06
65	4.67237e+06
66	4.6536e+06
67	4.63569e+06
68	4.63504e+06
69	4.62816e+06
70	4.64662e+06
71	4.66784e+06
72	4.64013e+06
73	4.63947e+06
74	4.63441e+06
75	4.62802e+06
76	4.62768e+06
77	4.65633e+06
78	4.69415e+06
79	4.70374e+06
80	4.71418e+06
81	4.69372e+06
82	4.66836e+06
83	4.62012e+06
84	4.61025e+06
85	4.61527e+06
86	4.61138e+06
87	4.65989e+06
88	4.67888e+06
89	4.6752e+06
90	4.67734e+06
91	4.6706e+06
92	4.68818e+06
93	4.70028e+06
94	4.69625e+06
95	4.69783e+06
96	4.67767e+06
97	4.65877e+06
98	4.64333e+06
99	4.65145e+06
100	4.60494e+06
101	4.58367e+06
102	4.53021e+06
103	4.51834e+06
104	4.51948e+06
105	4.50812e+06
106	4.51157e+06
107	4.52379e+06
108	4.52496e+06
109	4.52687e+06
110	4.54348e+06
111	4.57484e+06
112	4.57722e+06
113	4.6065e+06
114	4.64349e+06
115	4.63582e+06
116	4.62581e+06
117	4.62151e+06
118	4.57403e+06
119	4.56761e+06
120	4.58464e+06
121	4.59096e+06
122	4.61735e+06
123	4.62931e+06
124	4.62569e+06
125	4.62916e+06
126	4.65603e+06
127	4.6759e+06
128	4.68662e+06
129	4.69006e+06
130	4.71882e+06
131	4.74167e+06
132	4.7656e+06
133	4.78362e+06
134	4.79971e+06
135	4.81693e+06
136	4.82635e+06
137	4.83138e+06
138	4.83263e+06
139	4.83354e+06
140	4.84094e+06
141	4.84449e+06
142	4.84354e+06
143	4.84354e+06
144	4.84354e+06
145	4.84354e+06
146	4.84354e+06
147	4.84354e+06
148	4.84354e+06
149	4.84354e+06
150	4.84354e+06
151	4.84354e+06
152	4.84354e+06
153	4.84354e+06
154	4.84354e+06
155	4.84354e+06
156	4.84354e+06
157	4.84354e+06
158	4.84354e+06
159	4.84354e+06
160	4.84354e+06
161	4.84354e+06
162	4.84354e+06
163	4.84354e+06
164	4.84354e+06
165	4.84354e+06
166	4.84354e+06
167	4.84354e+06
168	4.84354e+06
169	4.84354e+06
170	4.84354e+06
171	4.84354e+06
172	4.84354e+06
173	4.84354e+06
174	4.84354e+06
175	4.84354e+06
176	4.84354e+06
177	4.84354e+06
178	4.84354e+06
179	4.79769e+06
