Generation	Geometric_mean
1	118.601
2	118.601
3	118.601
4	118.601
5	3.46176e+06
6	3.46176e+06
7	3.46176e+06
8	3.46176e+06
9	3.5855e+06
10	3.64462e+06
11	3.64045e+06
12	3.62869e+06
13	3.72918e+06
14	3.71905e+06
15	3.737e+06
16	3.71158e+06
17	3.64832e+06
18	3.60711e+06
19	3.5804e+06
20	3.58697e+06
21	3.57413e+06
22	3.61393e+06
23	3.6079e+06
24	3.61472e+06
25	3.58888e+06
26	3.56208e+06
27	3.54322e+06
28	3.56943e+06
29	3.54946e+06
30	3.50113e+06
31	3.49552e+06
32	3.52242e+06
33	3.56073e+06
34	3.56901e+06
35	3.58087e+06
36	3.56016e+06
37	3.54455e+06
38	3.61308e+06
39	3.66921e+06
40	3.6846e+06
41	3.65325e+06
42	3.6418e+06
43	3.61398e+06
44	3.62035e+06
45	3.61732e+06
46	3.67325e+06
47	3.71222e+06
48	3.73178e+06
49	3.71935e+06
50	3.79832e+06
51	3.86626e+06
52	3.86458e+06
53	3.8261e+06
54	3.7657e+06
55	3.73217e+06
56	3.71402e+06
57	3.66411e+06
58	3.62835e+06
59	3.5466e+06
60	3.50805e+06
61	3.53279e+06
62	3.51982e+06
63	3.54762e+06
64	3.5814e+06
65	3.55005e+06
66	3.44922e+06
67	3.43018e+06
68	3.40073e+06
69	3.36079e+06
70	3.29342e+06
71	3.1544e+06
72	3.13419e+06
73	3.04172e+06
74	2.94295e+06
75	2.92356e+06
76	2.99671e+06
77	2.97831e+06
78	2.79649e+06
79	2.77314e+06
80	2.68796e+06
81	2.53831e+06
82	2.44528e+06
83	2.25705e+06
84	2.03832e+06
85	1.90447e+06
86	1.72023e+06
87	1.51514e+06
88	1.33153e+06
89	1.19093e+06
90	1.10919e+06
91	1.03182e+06
92	995402
93	910445
94	823854
95	740801
96	661830
97	558448
98	446346
99	313556
100	192225
101	141377
102	89738.6
103	70472.2
104	48364.9
105	39234.2
106	31647.9
107	26142.5
108	22473
109	20106
110	18234
111	16498.2
112	16103.2
113	15321.1
114	14704
115	14482.4
116	13972.7
117	13701.8
118	13299.8
119	12176.6
120	11411.3
121	10915.6
122	10619.6
123	10397.9
124	9973.49
125	9478.5
126	9051.79
127	8552.86
128	8308.54
129	8208.19
130	8157.27
131	8253.99
132	8246.17
133	8291.52
134	8349.41
135	8448.99
136	8436.4
137	8537.31
138	8563.7
139	8528.91
140	8606.52
141	8705.62
142	8885.86
143	9075.73
144	9660.18
145	10324.4
146	10970.9
147	11431
148	11769.7
149	12312
150	13493.7
151	14803.9
152	17113.3
153	19350.5
154	21819.8
155	24398.9
156	26504
157	28806.9
158	30373.9
159	31482.2
160	33022.5
161	34524.3
162	35454.9
163	35632.8
164	35632.8
165	35776.4
166	35776.4
167	35776.4
168	35776.4
169	35776.4
170	35776.4
171	35776.4
172	35776.4
173	35776.4
174	35776.4
175	35776.4
176	35776.4
177	35776.4
178	35776.4
179	35776.4
180	35776.4
181	35776.4
182	35776.4
183	35776.4
184	36876.1
185	41614.2
186	41614.2
187	41614.2
188	41614.2
189	44382.5
