Generation	Geometric_mean
1	354.526
2	354.526
3	354.526
4	354.526
5	1764.48
6	1882.85
7	1931.13
8	2257.56
9	5621.44
10	5723.57
11	5777.28
12	5939.1
13	6734.76
14	6831.08
15	7130.86
16	7165.43
17	7411.72
18	7370.5
19	7256.63
20	7255.62
21	7005.1
22	6823.03
23	6781.58
24	6605.93
25	6677.18
26	6486.99
27	6284.46
28	6271.38
29	6143.07
30	5960.5
31	5831.48
32	5732.72
33	5681.29
34	5438.96
35	5275.37
36	4964.95
37	4853.05
38	4442.11
39	4242.05
40	4067.1
41	3975.34
42	3826.07
43	3682.62
44	3571.6
45	3462.95
46	3440.14
47	3394.25
48	3410.99
49	3458.32
50	3496.09
51	3473.59
52	3409.22
53	3339.22
54	3306.78
55	3341.91
56	3391.94
57	3399.76
58	3396.03
59	3188.51
60	3169.58
61	3131.57
62	3140.34
63	3126.45
64	3196.07
65	3212.82
66	3235.9
67	3339.32
68	3418.93
69	3563.43
70	3807.66
71	4096.89
72	4562.93
73	5274.72
74	5971.88
75	6118.52
76	6649.18
77	7249.73
78	7734.85
79	10002.8
80	12108.4
81	14819.7
82	16453.9
83	25423.4
84	31741.8
85	37376.4
86	38294.7
87	40531.4
88	45181.3
89	52562.4
90	57640.2
91	59103.7
92	65919.2
93	70175
94	73297.8
95	72306.2
96	72260.9
97	75469.6
98	77436.1
99	78527.7
100	82804.4
101	86560.5
102	87469
103	85879.5
104	84930.1
105	84872.5
106	84145.9
107	85875.8
108	86846.9
109	87764.1
110	89137.4
111	90978.6
112	90507.3
113	93400.1
114	95028.2
115	95271.1
116	93059.3
117	91360.3
118	93849.4
119	95730.9
120	96791.8
121	98935.3
122	99777.7
123	100824
124	100443
125	100830
126	102150
127	103489
128	104809
129	106846
130	108964
131	109258
132	111373
133	112041
134	113111
135	115155
136	116766
137	118360
138	117440
139	116424
140	115446
141	116309
142	117423
143	119653
144	121237
145	121707
146	122260
147	122568
148	122074
149	121510
150	122941
151	124044
152	124417
153	124792
154	125036
155	125059
156	125151
157	125198
158	125022
159	125002
160	125002
161	125002
162	125002
163	125002
164	125002
165	125002
166	125002
167	125002
168	125002
169	125002
170	125002
171	125002
172	125002
173	125002
174	125002
175	125002
176	125002
177	125002
178	125002
179	125002
180	125002
181	125002
182	125002
183	125002
184	125002
185	125002
186	125002
187	125002
188	125002
189	125002
190	125002
191	125002
192	99107.8
193	2975.46
194	2975.46
195	2975.46
196	2975.46
197	2534.1
