Generation	Geometric_mean
1	242.703
2	242.703
3	242.703
4	242.703
5	13725.6
6	13725.6
7	13725.6
8	13725.6
9	16579.3
10	16665.5
11	16721.7
12	16663.4
13	18217.1
14	18844.9
15	18960.9
16	19020.7
17	19825.4
18	20269.3
19	20262.7
20	20189.9
21	20639.7
22	21102.7
23	21333.5
24	21595.8
25	21458
26	21428.9
27	21656.2
28	21734.7
29	21836.5
30	21593.6
31	20666.2
32	20419.9
33	20234.8
34	19822.3
35	19504.8
36	19186.3
37	18252.5
38	17724
39	17023
40	16645.4
41	16458
42	16409.3
43	16309.3
44	16333.3
45	16312.6
46	16238.7
47	15461
48	15132.8
49	15111.8
50	14920.9
51	15162.5
52	15158.6
53	14993.9
54	15132
55	15050.9
56	14831.2
57	14735.2
58	14633.6
59	13961.7
60	13399.6
61	12902
62	12764.3
63	12676.8
64	12750.4
65	12533.7
66	12356.6
67	12474
68	12206.8
69	11660
70	11474.5
71	11028.1
72	10462.4
73	9992.11
74	9842.91
75	9626.68
76	9623.25
77	9560.01
78	9220.9
79	8892.77
80	8591.79
81	8020.34
82	7817.71
83	7645.56
84	7423.04
85	7198.5
86	7071.39
87	6948.48
88	6804.05
89	6575.95
90	6412.87
91	6249.93
92	5976.85
93	5734.31
94	5612.89
95	5584.97
96	5405.31
97	5245.76
98	4892.68
99	4588.97
100	4478.35
101	4379.48
102	4181.18
103	4159.34
104	4060.86
105	3904.61
106	3684.54
107	3557.71
108	3503.43
109	3374.11
110	3344.19
111	3285.36
112	3272.14
113	3270.61
114	3103.99
115	2995.96
116	2958.48
117	2952.87
118	2904.38
119	2873.52
120	2797.21
121	2766.68
122	2746.24
123	2770.36
124	2788.24
125	2798.26
126	2855.14
127	2867.56
128	2952.32
129	3001.54
130	3004.73
131	2994.67
132	3015.95
133	3078.28
134	3312.93
135	3375.91
136	3479.12
137	3597.45
138	3673.32
139	3703.76
140	3790.52
141	3992.68
142	4425.31
143	4947.06
144	5360
145	5702.03
146	5827.02
147	6137.09
148	6379.45
149	6898.78
150	7547.43
151	8690.91
152	9457.66
153	10030.7
154	11071.9
155	12221.7
156	14372.5
157	16190.3
158	18519.3
159	20162.7
160	21045.8
161	21588.7
162	22269.5
163	22613
164	22685
165	22761.1
166	22761.1
167	22761.1
168	22761.1
169	22761.1
170	22761.1
171	22761.1
172	22761.1
173	22761.1
174	22761.1
175	22761.1
176	22761.1
177	22761.1
178	22761.1
179	22761.1
180	22761.1
181	22761.1
182	22761.1
183	22761.1
184	22761.1
185	22761.1
186	22761.1
187	22761.1
188	22761.1
189	22761.1
190	22761.1
191	22761.1
192	22761.1
193	22761.1
194	22761.1
195	22761.1
196	22761.1
197	24485
