Generation	Geometric_mean
1	235.287
2	235.287
3	235.287
4	235.287
5	251650
6	251650
7	251650
8	251650
9	274615
10	280132
11	280712
12	281633
13	289427
14	294694
15	293558
16	294617
17	290106
18	294240
19	298608
20	297009
21	296808
22	303081
23	306504
24	304654
25	308212
26	312474
27	315241
28	315787
29	309269
30	303147
31	293321
32	284713
33	289284
34	296753
35	288867
36	292586
37	294230
38	283759
39	281728
40	282955
41	280221
42	280110
43	286394
44	286578
45	289352
46	290172
47	289628
48	284957
49	287541
50	280694
51	279201
52	278816
53	271568
54	275044
55	272555
56	258037
57	250139
58	236351
59	228372
60	217240
61	208469
62	204726
63	201733
64	196813
65	178247
66	164752
67	150261
68	131744
69	118359
70	114505
71	107819
72	102148
73	97394.6
74	96243.4
75	88984
76	83792.7
77	76665.6
78	73139.8
79	70240.3
80	68573.7
81	65576
82	63748.7
83	62435.9
84	61729
85	57752.9
86	50705.4
87	48513.6
88	46021.9
89	36342
90	22093.3
91	10861.3
92	8645.83
93	4624.91
94	2043.16
95	1426.81
96	1153.37
97	918.818
98	750.774
99	690.788
100	660.368
101	632.121
102	580.017
103	550.879
104	539
105	525.798
106	520.996
107	526.995
108	530.979
109	545.456
110	568.347
111	588.622
112	646.526
113	668.6
114	731.377
115	756.213
116	811.483
117	1036.28
118	2039.78
119	3642.36
120	9336.53
121	24378.7
122	89570.6
123	118523
124	180392
125	204188
126	210693
127	209168
128	246045
129	259184
130	288599
131	299095
132	319779
133	334006
134	347789
135	350470
136	354482
137	360302
138	371399
139	384466
140	402272
141	426075
142	474651
143	515268
144	534309
145	552030
146	555081
147	563957
148	569857
149	577228
150	580091
151	583033
152	588894
153	594098
154	598954
155	598954
156	599862
157	605315
158	606751
159	608174
160	609707
161	609707
162	609707
163	609707
164	609707
165	609707
166	609707
167	609707
168	609707
169	609707
170	609707
171	609707
172	609707
173	609707
174	609707
175	609707
176	609707
177	609707
178	609707
179	609707
180	609707
181	609707
182	609707
183	609707
184	609707
185	609707
186	609707
187	609707
188	609707
189	609707
190	609707
191	609707
192	609707
193	609707
194	609707
195	609707
196	609707
197	621803
