Generation	Geometric_mean
1	242.142
2	242.142
3	242.142
4	242.142
5	111965
6	111965
7	111965
8	111965
9	122268
10	124126
11	124598
12	124934
13	123578
14	124479
15	124633
16	124912
17	125838
18	127835
19	128713
20	128768
21	127998
22	124895
23	120537
24	119703
25	117570
26	116725
27	117735
28	117456
29	119351
30	119633
31	118033
32	116371
33	115025
34	113815
35	112412
36	114663
37	115453
38	113089
39	110742
40	109703
41	108188
42	105638
43	105687
44	105960
45	104207
46	102249
47	103774
48	104309
49	101649
50	96262.7
51	92865.3
52	90849.7
53	88952.6
54	86252
55	82568.1
56	82313.7
57	82599.5
58	82566.7
59	82099.3
60	81625.7
61	80086.8
62	77798
63	75419.1
64	72823.6
65	72712.2
66	72109.9
67	67651.5
68	64490.2
69	63989.4
70	63327.5
71	57206.8
72	53359.9
73	50230
74	44863.6
75	28279.8
76	13674.9
77	7980.93
78	6475.09
79	4450.47
80	3008.81
81	1936.94
82	1775.44
83	1555.03
84	1334.87
85	1225.99
86	1215.78
87	1184.2
88	1122.84
89	1092.25
90	1075.76
91	1066.22
92	1040.98
93	965.918
94	939.85
95	937.136
96	928.531
97	913.316
98	913.689
99	902.079
100	908.16
101	917.222
102	929.716
103	946.929
104	979.348
105	989.043
106	1023.44
107	1095.57
108	1126.93
109	1209.48
110	1239.12
111	1256.63
112	1323.34
113	1365.79
114	1410.05
115	1769.58
116	2521.88
117	3971.07
118	5539.07
119	8192.41
120	9352.91
121	11874.9
122	17578.6
123	36113.6
124	66390.4
125	100164
126	117961
127	127167
128	160822
129	195627
130	225456
131	238064
132	241733
133	249018
134	249725
135	258776
136	272871
137	284265
138	299444
139	302690
140	302915
141	313811
142	330505
143	339643
144	348077
145	349631
146	355747
147	358527
148	368744
149	382275
150	397976
151	418680
152	435185
153	457069
154	467953
155	482943
156	494699
157	502473
158	504489
159	505550
160	505550
161	505550
162	505550
163	505550
164	505550
165	505550
166	505550
167	505550
168	505550
169	505550
170	505550
171	505550
172	505550
173	505550
174	505550
175	505550
176	505550
177	505550
178	505550
179	505550
180	505550
181	505550
182	505550
183	505550
184	505550
185	505550
186	505550
187	505550
188	505550
189	505550
190	505550
191	505550
192	505550
193	505550
194	505550
195	505550
196	505550
197	518262
