Generation	Geometric_mean
1	197.711
2	197.711
3	197.711
4	197.711
5	131434
6	131434
7	131434
8	131434
9	137437
10	137324
11	138052
12	138105
13	142074
14	146374
15	147835
16	147721
17	146524
18	153187
19	157564
20	158846
21	160084
22	160391
23	158428
24	158453
25	159573
26	156619
27	154814
28	151442
29	148810
30	149339
31	148802
32	148088
33	146108
34	144038
35	146243
36	143506
37	141585
38	139193
39	135985
40	134673
41	133874
42	133095
43	136832
44	136305
45	132669
46	132755
47	131452
48	132753
49	130953
50	130511
51	127376
52	125956
53	123772
54	122163
55	121361
56	119152
57	120235
58	120203
59	120722
60	121564
61	122563
62	122256
63	119210
64	117623
65	113535
66	109680
67	108722
68	108061
69	106361
70	104795
71	101233
72	99079.4
73	87917.8
74	68651.2
75	50833.5
76	35793.3
77	20693.4
78	14586
79	8927.76
80	6140.68
81	4482.32
82	3725.68
83	3191.2
84	2866.72
85	2735.92
86	2642.96
87	2512.49
88	2359.82
89	2298.46
90	2220.63
91	2179.07
92	2155.18
93	2155.48
94	2141.57
95	2098.14
96	2018.78
97	1978.67
98	1931.71
99	1896
100	1885.72
101	1884.07
102	1884.61
103	1890.72
104	1891.9
105	1876.59
106	1880.12
107	1899.2
108	1928.8
109	1961.47
110	2007.81
111	2021.24
112	2047.54
113	2116.2
114	2154.7
115	2244.05
116	2246.27
117	2264.04
118	2353.41
119	2350.89
120	2386.72
121	2429.14
122	2494.47
123	2621.84
124	2697.73
125	2840.89
126	2953.17
127	3179.94
128	3262.06
129	3418.35
130	3618.41
131	3637.26
132	3935.22
133	4748.26
134	5631.95
135	6180.19
136	6773.13
137	7413.19
138	8831.42
139	11831.8
140	13309.3
141	15538.3
142	20594.3
143	29160.4
144	34865.1
145	42274.9
146	53348.9
147	62258.7
148	69698.7
149	79494.2
150	94245.7
151	110988
152	118202
153	128747
154	139203
155	144698
156	157522
157	171220
158	184510
159	188829
160	192645
161	198789
162	202843
163	204153
164	206649
165	207909
166	207909
167	207909
168	207909
169	207909
170	207909
171	207909
172	207909
173	207909
174	207909
175	207909
176	207909
177	207909
178	207909
179	207909
180	207909
181	207909
182	207909
183	207909
184	207909
185	207909
186	207909
187	207909
188	207909
189	207909
190	207909
191	207909
192	207909
193	207909
194	207909
195	207909
196	211950
