Generation	Geometric_mean
1	102.869
2	102.869
3	102.869
4	102.869
5	4.24222e+06
6	4.24222e+06
7	4.24222e+06
8	4.24222e+06
9	4.4755e+06
10	4.5672e+06
11	4.57201e+06
12	4.56533e+06
13	4.58714e+06
14	4.63288e+06
15	4.62224e+06
16	4.62814e+06
17	4.68064e+06
18	4.69169e+06
19	4.71948e+06
20	4.70803e+06
21	4.67969e+06
22	4.63872e+06
23	4.61601e+06
24	4.59731e+06
25	4.58846e+06
26	4.60967e+06
27	4.64586e+06
28	4.64889e+06
29	4.65743e+06
30	4.67156e+06
31	4.63346e+06
32	4.62355e+06
33	4.6183e+06
34	4.61752e+06
35	4.64472e+06
36	4.68083e+06
37	4.70148e+06
38	4.70659e+06
39	4.72978e+06
40	4.73477e+06
41	4.72862e+06
42	4.74207e+06
43	4.7471e+06
44	4.7643e+06
45	4.76756e+06
46	4.74894e+06
47	4.73586e+06
48	4.73323e+06
49	4.71177e+06
50	4.69585e+06
51	4.68885e+06
52	4.6922e+06
53	4.68738e+06
54	4.70147e+06
55	4.70651e+06
56	4.70017e+06
57	4.70063e+06
58	4.70811e+06
59	4.68011e+06
60	4.66995e+06
61	4.67355e+06
62	4.6795e+06
63	4.66139e+06
64	4.65551e+06
65	4.59831e+06
66	4.58327e+06
67	4.59593e+06
68	4.6119e+06
69	4.70769e+06
70	4.75112e+06
71	4.74037e+06
72	4.74783e+06
73	4.74396e+06
74	4.7363e+06
75	4.75787e+06
76	4.74723e+06
77	4.74629e+06
78	4.75918e+06
79	4.7524e+06
80	4.72657e+06
81	4.70662e+06
82	4.70269e+06
83	4.69991e+06
84	4.74015e+06
85	4.742e+06
86	4.75153e+06
87	4.76013e+06
88	4.76461e+06
89	4.76464e+06
90	4.74376e+06
91	4.73226e+06
92	4.69215e+06
93	4.66092e+06
94	4.65307e+06
95	4.63366e+06
96	4.62385e+06
97	4.63069e+06
98	4.58609e+06
99	4.5944e+06
100	4.61014e+06
101	4.61932e+06
102	4.61891e+06
103	4.6414e+06
104	4.64249e+06
105	4.61495e+06
106	4.6201e+06
107	4.60273e+06
108	4.56533e+06
109	4.56684e+06
110	4.53463e+06
111	4.51094e+06
112	4.51033e+06
113	4.50578e+06
114	4.50597e+06
115	4.53343e+06
116	4.59224e+06
117	4.62711e+06
118	4.64838e+06
119	4.65557e+06
120	4.67e+06
121	4.67003e+06
122	4.69343e+06
123	4.69588e+06
124	4.7066e+06
125	4.70985e+06
126	4.72064e+06
127	4.72866e+06
128	4.74741e+06
129	4.79032e+06
130	4.82648e+06
131	4.86185e+06
132	4.89243e+06
133	4.91061e+06
134	4.91137e+06
135	4.91367e+06
136	4.91367e+06
137	4.91367e+06
138	4.91367e+06
139	4.91367e+06
140	4.91367e+06
141	4.91367e+06
142	4.91367e+06
143	4.91367e+06
144	4.91367e+06
145	4.91367e+06
146	4.91367e+06
147	4.91367e+06
148	4.91367e+06
149	4.91367e+06
150	4.91367e+06
151	4.91367e+06
152	4.91367e+06
153	4.91367e+06
154	4.91367e+06
155	4.91367e+06
156	4.91367e+06
157	4.91367e+06
158	4.91367e+06
159	4.91367e+06
160	4.91367e+06
161	4.91367e+06
162	4.91367e+06
163	4.91367e+06
164	4.91367e+06
165	4.91367e+06
166	4.91367e+06
167	4.91367e+06
168	4.91367e+06
169	4.91367e+06
170	4.91367e+06
171	4.91367e+06
172	4.9235e+06
