Generation	Geometric_mean
1	133.229
2	133.229
3	133.229
4	133.229
5	3.76816e+06
6	3.76816e+06
7	3.76816e+06
8	3.76816e+06
9	3.69697e+06
10	3.67443e+06
11	3.67351e+06
12	3.66775e+06
13	3.74334e+06
14	3.71611e+06
15	3.68609e+06
16	3.68593e+06
17	3.75089e+06
18	3.80349e+06
19	3.84347e+06
20	3.86741e+06
21	3.86237e+06
22	3.88722e+06
23	3.89237e+06
24	3.85872e+06
25	3.7669e+06
26	3.72299e+06
27	3.68455e+06
28	3.63546e+06
29	3.56412e+06
30	3.54887e+06
31	3.56528e+06
32	3.561e+06
33	3.56498e+06
34	3.55928e+06
35	3.52101e+06
36	3.48563e+06
37	3.44218e+06
38	3.44641e+06
39	3.49955e+06
40	3.62095e+06
41	3.69473e+06
42	3.73826e+06
43	3.77464e+06
44	3.75018e+06
45	3.74523e+06
46	3.7253e+06
47	3.7012e+06
48	3.71769e+06
49	3.67411e+06
50	3.57314e+06
51	3.5986e+06
52	3.62703e+06
53	3.65424e+06
54	3.79428e+06
55	3.75914e+06
56	3.74225e+06
57	3.67657e+06
58	3.55655e+06
59	3.47447e+06
60	3.39676e+06
61	3.40364e+06
62	3.39779e+06
63	3.38113e+06
64	3.46856e+06
65	3.45317e+06
66	3.39807e+06
67	3.41803e+06
68	3.43209e+06
69	3.47876e+06
70	3.44354e+06
71	3.45714e+06
72	3.45024e+06
73	3.46049e+06
74	3.50562e+06
75	3.54156e+06
76	3.5935e+06
77	3.56312e+06
78	3.44338e+06
79	3.24987e+06
80	3.21262e+06
81	3.19236e+06
82	3.14433e+06
83	3.27329e+06
84	3.25115e+06
85	3.24096e+06
86	3.22415e+06
87	3.22556e+06
88	3.21693e+06
89	3.13207e+06
90	2.97256e+06
91	2.88717e+06
92	2.76343e+06
93	2.60818e+06
94	2.38217e+06
95	2.21619e+06
96	1.81642e+06
97	1.44704e+06
98	1.17677e+06
99	853619
100	630541
101	497428
102	318842
103	227695
104	151827
105	108218
106	84827
107	68147.7
108	55482.7
109	45642.5
110	34445.3
111	24938.7
112	21838.6
113	16466.1
114	11097.5
115	8842.38
116	8334.22
117	7582.54
118	6405.23
119	5699.38
120	5192.68
121	4997.85
122	4864.35
123	4749.69
124	4536.02
125	3928.98
126	3680.09
127	3439.44
128	3237.21
129	3109.11
130	2934.94
131	2789.58
132	2549.38
133	2406.2
134	2384.41
135	2369.26
136	2356.56
137	2326.03
138	2362.13
139	2360.96
140	2384.78
141	2402.2
142	2230.07
143	2164.05
144	2160.83
145	2178.55
146	2244.91
147	2296.96
148	2399.24
149	2536.85
150	2951.68
151	3292.86
152	3891.81
153	4328.23
154	4653.66
155	4874.63
156	5381.34
157	5853.13
158	6002.97
159	6299.43
160	6404.14
161	6562.67
162	6562.67
163	6616.51
164	6616.51
165	6777.08
166	6940.28
167	7048.47
168	7103.76
169	7474.76
170	8645.92
171	9504.19
172	10444.4
173	13700.2
174	13700.2
175	13700.2
176	13700.2
177	15421.7
