Generation	Geometric_mean
1	247.481
2	247.481
3	247.481
4	247.481
5	21872.6
6	21872.6
7	21872.6
8	21872.6
9	25634.6
10	25900.9
11	26023.2
12	25955.5
13	26240
14	26153.7
15	25703.3
16	25668.4
17	25767.1
18	25826.6
19	25944.9
20	25654.6
21	24744.1
22	23660.3
23	23568.7
24	24042.1
25	23596.2
26	22596.5
27	21949.6
28	21474
29	21551
30	21636.2
31	21514.4
32	21036.6
33	20317.8
34	19547.1
35	19276.6
36	19054.6
37	18560
38	17035.6
39	14653.8
40	13161.4
41	11465.7
42	9303.75
43	7789.09
44	6613.95
45	5592.27
46	5181.85
47	4845.4
48	4478.61
49	4472.92
50	4512.18
51	4431.01
52	4400.16
53	4350.62
54	4315.75
55	4274.93
56	4150.33
57	4098.59
58	4059.55
59	3967.03
60	3955.66
61	3964.26
62	3970.76
63	3936.43
64	4020.15
65	4160.44
66	4166.18
67	4305.91
68	4420
69	4520.43
70	4633.8
71	4784.9
72	4746.5
73	4569.67
74	4534.76
75	4448.3
76	4466.69
77	4771.14
78	4936.31
79	5110.64
80	5119.04
81	5238.38
82	5355.29
83	5499.91
84	5766.98
85	6082.92
86	6421.2
87	6841.67
88	7273.94
89	7275.48
90	7205.55
91	7277.49
92	7600.75
93	7954.91
94	8656.65
95	9411.29
96	9384.85
97	9491.78
98	9554.37
99	10276.1
100	10440.5
101	10365.3
102	10228.5
103	10046.4
104	9808.42
105	9713.69
106	9688.32
107	9822.9
108	10068.4
109	10241.3
110	10419.1
111	10421.9
112	10209.1
113	10136.4
114	10084.6
115	10117.5
116	10333.2
117	10307.9
118	10526.2
119	10875.7
120	11114.5
121	11280.6
122	11451.9
123	11481.2
124	11354.2
125	11517.7
126	11854.4
127	11978.9
128	12187.1
129	12311.9
130	12272.9
131	12141.1
132	11988.6
133	12032.3
134	12065.4
135	12125.2
136	12041.8
137	11958.3
138	11898.8
139	11674.7
140	11418.6
141	11133.5
142	10994.1
143	10994
144	10831
145	10693.4
146	10529.3
147	10324.1
148	10087.4
149	9806.03
150	9614.96
151	9420.27
152	9282.25
153	9230.01
154	8981.49
155	8824.18
156	8784.84
157	8757.6
158	8653.74
159	8498.51
160	8235.75
161	8028.5
162	7994.62
163	7953.32
164	7922.74
165	7922.74
166	7922.74
167	7922.74
168	7922.74
169	7922.74
170	7922.74
171	7922.74
172	7922.74
173	7922.74
174	7922.74
175	7922.74
176	7922.74
177	7922.74
178	7922.74
179	7922.74
180	7922.74
181	7922.74
182	7922.74
183	7922.74
184	7922.74
185	7922.74
186	7922.74
187	7922.74
188	7922.74
189	7922.74
190	7922.74
191	7922.74
192	7922.74
193	7922.74
194	7922.74
195	7922.74
196	7922.74
197	7677.59
