Generation	Geometric_mean
1	3097.51
2	3097.51
3	3097.51
4	3097.51
5	2401.62
6	2210.74
7	1804.94
8	1402.56
9	502.868
10	304.732
11	194.132
12	169.071
13	210.065
14	420.229
15	2490.11
16	9893.04
17	173896
18	415828
19	625522
20	617345
21	574961
22	564730
23	550683
24	546891
25	555620
26	562596
27	566871
28	578383
29	601288
30	624884
31	630785
32	616647
33	622356
34	616068
35	607128
36	601063
37	611633
38	625360
39	621825
40	624388
41	630872
42	610847
43	604640
44	603844
45	608783
46	628769
47	646986
48	660227
49	667933
50	660900
51	657971
52	653099
53	656109
54	653568
55	654225
56	663804
57	663414
58	667543
59	671046
60	669956
61	666195
62	650311
63	638400
64	641781
65	639110
66	646982
67	661423
68	680693
69	690183
70	694235
71	708259
72	707450
73	722707
74	733226
75	736685
76	726819
77	737914
78	735313
79	742017
80	745186
81	748261
82	758274
83	746703
84	730328
85	723318
86	713723
87	726299
88	741436
89	736113
90	739137
91	740546
92	727907
93	722400
94	736541
95	736847
96	743282
97	743685
98	746144
99	751933
100	752502
101	743176
102	741563
103	752624
104	769471
105	775811
106	770162
107	766742
108	755883
109	749833
110	732904
111	745035
112	756690
113	779143
114	791497
115	792609
116	793130
117	782837
118	771688
119	776009
120	780617
121	776749
122	790715
123	765061
124	762649
125	749663
126	749516
127	750024
128	731532
129	697279
130	657839
131	639384
132	624770
133	613924
134	587545
135	568361
136	567994
137	568747
138	562468
139	554620
140	546734
141	529031
142	523220
143	514849
144	516475
145	514283
146	513421
147	513515
148	510897
149	505481
150	501514
151	496167
152	492822
153	480581
154	456024
155	427247
156	413485
157	405370
158	398107
159	377766
160	375893
161	372396
162	368254
163	363290
164	361156
165	356177
166	352297
167	335997
168	324443
169	321181
170	321181
171	321181
172	321181
173	321181
174	321181
175	321181
176	321181
177	321181
178	321181
179	321181
180	321181
181	321181
182	321181
183	283573
184	283573
185	283573
186	283573
187	6785.52
188	6785.52
189	6785.52
190	6785.52
191	5736.87
