Generation	Geometric_mean
1	171.234
2	171.234
3	171.234
4	171.234
5	4.09247e+06
6	4.09247e+06
7	4.09247e+06
8	4.09247e+06
9	4.10506e+06
10	4.17808e+06
11	4.19387e+06
12	4.19417e+06
13	4.29686e+06
14	4.33943e+06
15	4.36143e+06
16	4.34331e+06
17	4.40793e+06
18	4.46227e+06
19	4.48491e+06
20	4.48904e+06
21	4.44472e+06
22	4.43523e+06
23	4.42772e+06
24	4.39725e+06
25	4.43034e+06
26	4.4067e+06
27	4.38518e+06
28	4.39763e+06
29	4.40509e+06
30	4.4378e+06
31	4.43702e+06
32	4.41879e+06
33	4.40022e+06
34	4.39946e+06
35	4.40454e+06
36	4.39761e+06
37	4.34231e+06
38	4.28146e+06
39	4.28727e+06
40	4.2876e+06
41	4.27263e+06
42	4.30758e+06
43	4.28216e+06
44	4.29033e+06
45	4.30411e+06
46	4.29226e+06
47	4.31845e+06
48	4.25949e+06
49	4.20225e+06
50	4.2238e+06
51	4.21008e+06
52	4.24751e+06
53	4.3075e+06
54	4.34619e+06
55	4.37696e+06
56	4.32897e+06
57	4.33604e+06
58	4.35481e+06
59	4.37018e+06
60	4.41157e+06
61	4.42058e+06
62	4.38911e+06
63	4.40106e+06
64	4.40833e+06
65	4.3528e+06
66	4.3551e+06
67	4.32618e+06
68	4.31692e+06
69	4.33058e+06
70	4.30082e+06
71	4.31184e+06
72	4.32504e+06
73	4.29633e+06
74	4.28502e+06
75	4.2603e+06
76	4.26731e+06
77	4.26071e+06
78	4.28009e+06
79	4.30058e+06
80	4.28946e+06
81	4.25196e+06
82	4.21937e+06
83	4.21906e+06
84	4.20098e+06
85	4.16448e+06
86	4.143e+06
87	4.14451e+06
88	4.13556e+06
89	4.1016e+06
90	4.04647e+06
91	4.01274e+06
92	3.91145e+06
93	3.89181e+06
94	3.91903e+06
95	3.94958e+06
96	4.05559e+06
97	4.0836e+06
98	4.08331e+06
99	4.07414e+06
100	4.07788e+06
101	4.06169e+06
102	4.04611e+06
103	4.06055e+06
104	4.00801e+06
105	3.98611e+06
106	3.97125e+06
107	3.98785e+06
108	3.98396e+06
109	3.91182e+06
110	3.84881e+06
111	3.80064e+06
112	3.77748e+06
113	3.77086e+06
114	3.77847e+06
115	3.77754e+06
116	3.7882e+06
117	3.78729e+06
118	3.75467e+06
119	3.79546e+06
120	3.77448e+06
121	3.78549e+06
122	3.76744e+06
123	3.74645e+06
124	3.59407e+06
125	3.50349e+06
126	3.42348e+06
127	3.24827e+06
128	3.22899e+06
129	3.17844e+06
130	3.14884e+06
131	3.19017e+06
132	3.164e+06
133	3.17028e+06
134	3.09385e+06
135	3.02997e+06
136	2.92883e+06
137	2.90983e+06
138	2.84635e+06
139	2.68507e+06
140	2.6099e+06
141	2.43079e+06
142	2.28445e+06
143	2.17267e+06
144	2.03762e+06
145	1.90911e+06
146	1.79484e+06
147	1.71791e+06
148	1.65928e+06
149	1.57869e+06
150	1.51503e+06
151	1.46824e+06
152	1.45178e+06
153	1.4223e+06
154	1.40775e+06
155	1.38763e+06
156	1.34984e+06
157	1.33354e+06
158	1.32212e+06
159	1.30055e+06
160	1.29775e+06
161	1.28567e+06
162	1.28144e+06
163	1.28144e+06
164	1.28144e+06
165	1.26464e+06
166	1.25474e+06
167	1.2396e+06
168	1.2396e+06
169	1.22955e+06
170	1.20413e+06
171	1.17983e+06
172	1.17983e+06
173	1.14634e+06
174	604334
175	25978.1
176	25978.1
177	25978.1
178	25978.1
179	531.119
180	531.119
181	531.119
182	531.119
183	442.985
