Generation	Geometric_mean
1	231.923
2	231.923
3	231.923
4	231.923
5	124378
6	124378
7	124378
8	124378
9	134262
10	134506
11	135202
12	135211
13	136778
14	137885
15	139275
16	141890
17	137316
18	138591
19	137657
20	135692
21	134238
22	135014
23	136040
24	137468
25	138572
26	135540
27	134411
28	132798
29	133941
30	133104
31	134974
32	136066
33	132775
34	131875
35	131523
36	130724
37	128440
38	126580
39	125705
40	123393
41	122017
42	117099
43	112293
44	105853
45	104235
46	96900.1
47	76192.1
48	49850.6
49	29878.8
50	17292.5
51	13847.5
52	10160.8
53	8404.09
54	7534.91
55	7165.2
56	7128.42
57	6427.4
58	6422.67
59	6369.38
60	6142.59
61	5885.84
62	5542.84
63	5451.55
64	5456.49
65	5480.51
66	5641.88
67	5755.56
68	5764.83
69	5698.01
70	5606.96
71	5470.81
72	5428.84
73	5266.13
74	5096.48
75	5003.37
76	4940.99
77	5018.32
78	4942.05
79	4704.1
80	4474.96
81	4378.58
82	4320.91
83	4079.07
84	4000.6
85	3927.45
86	3803.6
87	3642.39
88	3411.8
89	3345.33
90	3349.46
91	3439.19
92	3560.63
93	3509.05
94	3478.05
95	3378.77
96	3236.31
97	3137.48
98	2967.88
99	2870.19
100	2801.32
101	2748.33
102	2795.32
103	2856.75
104	2843.29
105	2808.3
106	2729.02
107	2684.28
108	2663.37
109	2615.78
110	2500.44
111	2358.1
112	2270.09
113	2238.66
114	2183.49
115	2193.09
116	2121.22
117	2110.79
118	2116.42
119	2134.69
120	2138.39
121	2125.91
122	2117
123	2058.39
124	2009.95
125	2036.18
126	2020.35
127	2020.34
128	1986.6
129	1933.84
130	1858.63
131	1846.24
132	1880.31
133	1970.02
134	2025.25
135	2086.38
136	2112.69
137	2131.7
138	2175.72
139	2212.08
140	2274.06
141	2294.62
142	2404.12
143	2465.38
144	2527.7
145	2583.05
146	2620.47
147	2674.4
148	2769.76
149	2842.24
150	2921.55
151	3054.35
152	3195.53
153	3344.52
154	3707.7
155	3981.48
156	4424.14
157	5030.83
158	5569.61
159	5978.26
160	6294.67
161	6800.33
162	7080.99
163	7360.97
164	7540.25
165	7553.88
166	7577.46
167	7577.46
168	7577.46
169	7577.46
170	7577.46
171	7577.46
172	7577.46
173	7577.46
174	7577.46
175	7577.46
176	7577.46
177	7577.46
178	7577.46
179	7577.46
180	7577.46
181	7577.46
182	7577.46
183	7577.46
184	7577.46
185	7577.46
186	7577.46
187	7577.46
188	7577.46
189	7577.46
190	7577.46
191	7577.46
192	7577.46
193	7577.46
194	7577.46
195	7577.46
196	7577.46
197	8042.35
