Generation	Geometric_mean
1	630.876
2	630.876
3	630.876
4	630.876
5	641.677
6	641.515
7	644.136
8	645.363
9	626.876
10	628.844
11	617.14
12	589.989
13	635.178
14	710.163
15	946.573
16	2062.71
17	14404
18	51752
19	67508.1
20	66465.1
21	67180.1
22	67653.4
23	68900
24	68851
25	68650.7
26	71625.1
27	73567.7
28	74416.9
29	75450.1
30	73417.6
31	71830.1
32	71504.3
33	72335.2
34	76046.8
35	81944
36	89693.9
37	92752.7
38	96139.6
39	98570.5
40	98199.7
41	99109.3
42	105793
43	107253
44	110897
45	113044
46	114898
47	114201
48	114402
49	113018
50	112581
51	112413
52	113093
53	112743
54	112066
55	111947
56	110436
57	111977
58	113027
59	115022
60	118147
61	118104
62	117891
63	116448
64	114298
65	113161
66	115299
67	116712
68	119771
69	120161
70	122239
71	120998
72	124342
73	125914
74	128473
75	130162
76	131805
77	130279
78	127716
79	125087
80	121426
81	119610
82	120066
83	119701
84	119180
85	117375
86	118632
87	121119
88	122801
89	124057
90	125203
91	125916
92	125677
93	125551
94	126732
95	130736
96	130585
97	129387
98	129278
99	128360
100	130403
101	130662
102	131433
103	131520
104	129825
105	130556
106	130428
107	131571
108	128891
109	126141
110	122452
111	121757
112	118551
113	116712
114	117195
115	117104
116	116061
117	116696
118	117584
119	118633
120	118209
121	113832
122	112684
123	111963
124	111125
125	111874
126	113696
127	114699
128	115457
129	114161
130	112958
131	111974
132	112061
133	111958
134	110761
135	109849
136	107623
137	103701
138	103447
139	102440
140	101006
141	100556
142	100974
143	101380
144	100909
145	100972
146	100430
147	99292.8
148	98846.7
149	98022.8
150	97328.5
151	96823.2
152	96246.3
153	95463.8
154	95529.6
155	94546.8
156	93679.9
157	92729.3
158	91970.3
159	91970.3
160	91970.3
161	91970.3
162	91970.3
163	91970.3
164	91970.3
165	91970.3
166	91970.3
167	91970.3
168	91970.3
169	91970.3
170	91970.3
171	90305.1
172	87056.5
173	83813.3
174	79907.2
175	59656
176	37883.8
177	20801.9
178	10509.5
179	6360.29
180	4204.71
181	3067.24
182	2638.66
183	2408.3
184	2276.89
185	2276.89
186	2276.89
187	2276.89
188	2276.89
189	2276.89
190	2276.89
191	2276.89
192	2276.89
193	2276.89
194	2276.89
195	2276.89
196	2276.89
197	2559.55
