Generation	Geometric_mean
1	650.996
2	650.996
3	650.996
4	650.996
5	639.378
6	631.241
7	630.532
8	630.779
9	739.189
10	768.105
11	774.956
12	825.828
13	2386.47
14	3328.99
15	3755.63
16	3832.83
17	4979.64
18	6018.37
19	6147.54
20	6504.34
21	7375.95
22	7679.07
23	8037.84
24	8323.95
25	8685.6
26	9449.51
27	10139
28	11314.7
29	11528.9
30	11502.9
31	11251.4
32	11333.6
33	11096.8
34	11067.6
35	11438.2
36	11021.6
37	11684
38	11692.4
39	11792.7
40	12036.7
41	12286
42	12639.8
43	12622.7
44	12774.5
45	12751.2
46	12694
47	12534.7
48	12458.5
49	12544.6
50	12503.7
51	13156.1
52	13345.2
53	13054.6
54	13196.5
55	13215
56	13084.9
57	13025.1
58	12980.7
59	12325.2
60	12084.2
61	11966.5
62	11803
63	12006.7
64	11419.5
65	11210.1
66	11103
67	10896.5
68	10664.7
69	10340.7
70	9991.89
71	9788.49
72	9609.7
73	9337.88
74	9040.32
75	8855.73
76	8709.6
77	8359.99
78	7990.36
79	7776.27
80	7734.1
81	7649.06
82	7427.8
83	7426.84
84	7174.56
85	7005.75
86	6961.98
87	6815.64
88	6502.31
89	6167.04
90	6050.02
91	5981.06
92	6056.22
93	6324.84
94	6400.83
95	6480.24
96	6581.3
97	6522.78
98	6508.64
99	6483.99
100	6351.25
101	6209.66
102	6114.44
103	6118.82
104	6044.43
105	6031.64
106	6015.98
107	5915.27
108	5879.39
109	5726.93
110	5610.66
111	5484.18
112	5463.14
113	5592.82
114	5577.28
115	5671.69
116	5749.09
117	5805.84
118	6065.7
119	6094.83
120	6101.4
121	6087.03
122	6155.56
123	6145.2
124	6103.16
125	6111.72
126	6224.76
127	6473.69
128	6537.74
129	6622.75
130	6716.97
131	6683.6
132	7199.09
133	7190.88
134	7403.57
135	7679.25
136	7427.83
137	7979.88
138	7899.38
139	8056.8
140	8147.14
141	8221.13
142	8489.94
143	9208.67
144	9958.04
145	10918
146	13089.6
147	14941.4
148	16445.2
149	17546.1
150	19783.5
151	24220.4
152	35710.6
153	50432.9
154	62979.8
155	74137.3
156	88388.5
157	102450
158	111232
159	120975
160	128009
161	137540
162	145945
163	153015
164	154201
165	156628
166	156628
167	156628
168	156628
169	156628
170	156628
171	156628
172	156628
173	156628
174	156628
175	156628
176	156628
177	156628
178	156628
179	156628
180	156628
181	156628
182	156628
183	156628
184	156628
185	156628
186	156628
187	156628
188	156628
189	156628
190	156628
191	156628
192	156628
193	156628
194	156628
195	156628
196	156628
197	167458
