Generation	Geometric_mean
1	169.746
2	169.746
3	169.746
4	169.746
5	583021
6	583021
7	583021
8	583021
9	700460
10	720833
11	722618
12	721566
13	738342
14	764236
15	779570
16	770393
17	770480
18	754872
19	742310
20	733126
21	753460
22	781972
23	782994
24	777961
25	781662
26	785498
27	767477
28	731878
29	720997
30	730435
31	742365
32	772385
33	775201
34	761341
35	746558
36	730998
37	704332
38	684592
39	667474
40	659987
41	659475
42	648658
43	638440
44	630193
45	619108
46	608380
47	589765
48	578259
49	566673
50	546704
51	539902
52	528420
53	519570
54	502346
55	506360
56	494153
57	469973
58	454167
59	444270
60	417112
61	414345
62	415071
63	392800
64	382358
65	353905
66	335543
67	327481
68	320757
69	320283
70	303640
71	284417
72	276289
73	248897
74	147752
75	84299.3
76	30542.3
77	11697.8
78	4836.38
79	2617.48
80	1020.89
81	422.772
82	265.497
83	228.539
84	203.348
85	285.737
86	573.594
87	4946.47
88	76345.8
89	141552
90	597084
91	1.08123e+06
92	1.25199e+06
93	1.73535e+06
94	2.23415e+06
95	2.42968e+06
96	2.43346e+06
97	3.36305e+06
98	3.61367e+06
99	3.67673e+06
100	3.71957e+06
101	3.73791e+06
102	3.69504e+06
103	3.67367e+06
104	3.65179e+06
105	3.64091e+06
106	3.61626e+06
107	3.60423e+06
108	3.58165e+06
109	3.52328e+06
110	3.46659e+06
111	3.44368e+06
112	3.4614e+06
113	3.48954e+06
114	3.5219e+06
115	3.55791e+06
116	3.65894e+06
117	3.73405e+06
118	3.77013e+06
119	3.83988e+06
120	3.81571e+06
121	3.80824e+06
122	3.84229e+06
123	3.86675e+06
124	3.82651e+06
125	3.77651e+06
126	3.77761e+06
127	3.81989e+06
128	3.77234e+06
129	3.75278e+06
130	3.78588e+06
131	3.81829e+06
132	3.85572e+06
133	3.90174e+06
134	4.04058e+06
135	4.15397e+06
136	4.22368e+06
137	4.30651e+06
138	4.36592e+06
139	4.41573e+06
140	4.45055e+06
141	4.48477e+06
142	4.52271e+06
143	4.53537e+06
144	4.53537e+06
145	4.53937e+06
146	4.53937e+06
147	4.53937e+06
148	4.53937e+06
149	4.53937e+06
150	4.53937e+06
151	4.53937e+06
152	4.53937e+06
153	4.53937e+06
154	4.53937e+06
155	4.53937e+06
156	4.53937e+06
157	4.53937e+06
158	4.53937e+06
159	4.53937e+06
160	4.53937e+06
161	4.53937e+06
162	4.53937e+06
163	4.53937e+06
164	4.53937e+06
165	4.53937e+06
166	4.53937e+06
167	4.53937e+06
168	4.53937e+06
169	4.53937e+06
170	4.53937e+06
171	4.53937e+06
172	4.53937e+06
173	4.53937e+06
174	4.53937e+06
175	4.53937e+06
176	4.53937e+06
177	4.58929e+06
