Generation	Geometric_mean
1	263.708
2	263.708
3	263.708
4	263.708
5	58827.3
6	58827.3
7	58827.3
8	58827.3
9	62696.9
10	61743.1
11	61570
12	61795.1
13	62591.1
14	61583.2
15	62519.6
16	62258.9
17	64435.2
18	65640.2
19	66101.6
20	65152.5
21	64874.9
22	64289.4
23	63100.4
24	63132
25	63623.8
26	64219
27	62492.8
28	61805.8
29	61702.1
30	62485.1
31	62877.2
32	64249.6
33	64838.4
34	65823.9
35	66154.3
36	66220.9
37	65153.3
38	63705
39	62404
40	59691
41	59716.6
42	59304.3
43	58420
44	58627.8
45	56329.3
46	55577.4
47	55555.2
48	54615.7
49	53323.7
50	51452.5
51	49381.7
52	44127.9
53	41601.2
54	36611.7
55	23767.6
56	8279.56
57	4385.07
58	2149.81
59	1506.34
60	1306.05
61	1245.63
62	1176.33
63	1079.28
64	1012.07
65	985.486
66	950.076
67	936.885
68	927.274
69	915.921
70	955.576
71	963.011
72	961.886
73	991.748
74	995.825
75	1019.35
76	1070.19
77	1091.79
78	1132.49
79	1166.63
80	1540.58
81	2157.52
82	6146.44
83	10874.8
84	52765.7
85	119960
86	369644
87	1.02922e+06
88	1.58602e+06
89	2.69224e+06
90	3.18326e+06
91	3.22028e+06
92	3.13874e+06
93	3.21604e+06
94	3.27617e+06
95	3.30081e+06
96	3.30389e+06
97	3.32566e+06
98	3.33454e+06
99	3.32517e+06
100	3.28157e+06
101	3.20186e+06
102	3.1488e+06
103	3.06467e+06
104	3.06095e+06
105	3.08659e+06
106	3.08786e+06
107	3.13326e+06
108	3.14624e+06
109	3.1283e+06
110	3.15415e+06
111	3.24328e+06
112	3.36449e+06
113	3.42695e+06
114	3.45299e+06
115	3.44868e+06
116	3.38175e+06
117	3.35781e+06
118	3.32952e+06
119	3.31944e+06
120	3.32684e+06
121	3.31805e+06
122	3.31834e+06
123	3.30836e+06
124	3.33221e+06
125	3.41386e+06
126	3.46038e+06
127	3.45974e+06
128	3.46868e+06
129	3.43091e+06
130	3.36387e+06
131	3.34597e+06
132	3.31716e+06
133	3.2974e+06
134	3.27523e+06
135	3.28728e+06
136	3.28483e+06
137	3.2911e+06
138	3.30298e+06
139	3.31221e+06
140	3.31986e+06
141	3.37176e+06
142	3.40142e+06
143	3.40239e+06
144	3.34681e+06
145	3.33799e+06
146	3.339e+06
147	3.35358e+06
148	3.40196e+06
149	3.45056e+06
150	3.48689e+06
151	3.52527e+06
152	3.59359e+06
153	3.64835e+06
154	3.68662e+06
155	3.73388e+06
156	3.76525e+06
157	3.77273e+06
158	3.77273e+06
159	3.7711e+06
160	3.7711e+06
161	3.7711e+06
162	3.7711e+06
163	3.7711e+06
164	3.7711e+06
165	3.7711e+06
166	3.7711e+06
167	3.7711e+06
168	3.7711e+06
169	3.7711e+06
170	3.7711e+06
171	3.7711e+06
172	3.7711e+06
173	3.7711e+06
174	3.7711e+06
175	3.7711e+06
176	3.7711e+06
177	3.7711e+06
178	3.7711e+06
179	3.7711e+06
180	3.7711e+06
181	3.7711e+06
182	3.7711e+06
183	3.7711e+06
184	3.7711e+06
185	3.7711e+06
186	3.7711e+06
187	3.7711e+06
188	3.7711e+06
189	3.7711e+06
190	3.7711e+06
191	3.7711e+06
192	3.7711e+06
193	3.7711e+06
194	3.7711e+06
195	3.7711e+06
196	3.83433e+06
