Generation	Geometric_mean
1	482016
2	482016
3	482016
4	482016
5	456772
6	432665
7	415297
8	412445
9	386898
10	346919
11	263901
12	171038
13	45083.1
14	25388
15	6192.5
16	3802.4
17	969.14
18	541.485
19	147.663
20	152.989
21	152.989
22	4023.36
23	9882.9
24	16708.1
25	16708.1
26	28606.5
27	710909
28	707169
29	707816
30	773207
31	805069
32	820371
33	833100
34	841593
35	851787
36	896767
37	893905
38	913384
39	925602
40	925085
41	936354
42	930077
43	970349
44	1.00615e+06
45	1.01491e+06
46	1.01904e+06
47	1.05383e+06
48	1.06562e+06
49	1.09012e+06
50	1.0851e+06
51	1.08695e+06
52	1.09193e+06
53	1.13708e+06
54	1.13382e+06
55	1.15684e+06
56	1.16783e+06
57	1.21171e+06
58	1.25877e+06
59	1.26616e+06
60	1.2703e+06
61	1.28083e+06
62	1.26808e+06
63	1.24714e+06
64	1.24696e+06
65	1.24778e+06
66	1.25053e+06
67	1.24032e+06
68	1.25795e+06
69	1.26446e+06
70	1.25993e+06
71	1.2685e+06
72	1.27482e+06
73	1.28053e+06
74	1.28873e+06
75	1.28936e+06
76	1.27156e+06
77	1.23354e+06
78	1.25307e+06
79	1.27688e+06
80	1.27438e+06
81	1.32246e+06
82	1.33737e+06
83	1.32315e+06
84	1.30618e+06
85	1.31387e+06
86	1.30249e+06
87	1.3094e+06
88	1.29837e+06
89	1.30188e+06
90	1.29259e+06
91	1.28785e+06
92	1.28942e+06
93	1.29283e+06
94	1.3158e+06
95	1.32141e+06
96	1.3127e+06
97	1.31117e+06
98	1.28491e+06
99	1.26017e+06
100	1.26238e+06
101	1.24545e+06
102	1.24006e+06
103	1.24297e+06
104	1.24878e+06
105	1.21209e+06
106	1.17269e+06
107	1.16165e+06
108	1.13691e+06
109	1.14379e+06
110	1.14494e+06
111	1.12633e+06
112	1.12659e+06
113	1.11635e+06
114	1.11842e+06
115	1.13733e+06
116	1.16027e+06
117	1.19016e+06
118	1.17146e+06
119	1.17768e+06
120	1.18346e+06
121	1.1675e+06
122	1.17674e+06
123	1.17458e+06
124	1.15317e+06
125	1.14472e+06
126	1.1404e+06
127	1.12481e+06
128	1.13206e+06
129	1.13348e+06
130	1.11507e+06
131	1.09183e+06
132	1.09291e+06
133	1.05194e+06
134	1.01873e+06
135	988297
136	962545
137	955121
138	930716
139	900715
140	894963
141	888125
142	879738
143	840266
144	836023
145	829358
146	825888
147	822167
148	820892
149	815606
150	809875
151	798987
152	786812
153	771652
154	749487
155	720054
156	710608
157	693361
158	671613
159	622041
160	611163
161	595473
162	584684
163	577927
164	577927
165	572666
166	554398
167	536366
168	520535
169	502572
170	485237
171	465015
172	449493
173	426638
174	410820
175	174003
176	174003
177	174003
178	174003
179	12587
180	12587
181	12587
182	12587
183	11014.3
