Generation	Geometric_mean
1	319.831
2	319.831
3	319.831
4	319.831
5	24023.8
6	24023.8
7	24023.8
8	24023.8
9	27482.2
10	28009.8
11	28062.1
12	28074.2
13	29014.7
14	29190.2
15	28870.5
16	28801.5
17	28876.2
18	28757
19	28574.7
20	28406.6
21	28314.2
22	28054.8
23	28114.7
24	28219.5
25	28422.2
26	28588.6
27	28511.8
28	28032.6
29	27583.4
30	27175
31	26547.7
32	25881.5
33	25206.2
34	24965.9
35	24761.4
36	24133.9
37	22854.3
38	18921.4
39	17922.7
40	6734.94
41	2478.73
42	1054.33
43	734.54
44	672.677
45	567.662
46	544.318
47	535.085
48	534.43
49	556.119
50	567.051
51	580.547
52	573.495
53	622.644
54	1347.92
55	3807.49
56	68527.3
57	1.05702e+06
58	2.40178e+06
59	2.75482e+06
60	2.83831e+06
61	3.38894e+06
62	3.46969e+06
63	3.49287e+06
64	3.52632e+06
65	3.43567e+06
66	3.4256e+06
67	3.39579e+06
68	3.35696e+06
69	3.31293e+06
70	3.33193e+06
71	3.34028e+06
72	3.32525e+06
73	3.36647e+06
74	3.38322e+06
75	3.36526e+06
76	3.34796e+06
77	3.40624e+06
78	3.43667e+06
79	3.48132e+06
80	3.52858e+06
81	3.51349e+06
82	3.52873e+06
83	3.49007e+06
84	3.46634e+06
85	3.4693e+06
86	3.4588e+06
87	3.46586e+06
88	3.46111e+06
89	3.50444e+06
90	3.53914e+06
91	3.55871e+06
92	3.54058e+06
93	3.52389e+06
94	3.45288e+06
95	3.41893e+06
96	3.41346e+06
97	3.42714e+06
98	3.42519e+06
99	3.39253e+06
100	3.3715e+06
101	3.37443e+06
102	3.37598e+06
103	3.38651e+06
104	3.42941e+06
105	3.45335e+06
106	3.50122e+06
107	3.54971e+06
108	3.56842e+06
109	3.57341e+06
110	3.58849e+06
111	3.63462e+06
112	3.63047e+06
113	3.62884e+06
114	3.61996e+06
115	3.63463e+06
116	3.63196e+06
117	3.62325e+06
118	3.61989e+06
119	3.65532e+06
120	3.69376e+06
121	3.70652e+06
122	3.76067e+06
123	3.75411e+06
124	3.73018e+06
125	3.68531e+06
126	3.67775e+06
127	3.65447e+06
128	3.64049e+06
129	3.63573e+06
130	3.64877e+06
131	3.65312e+06
132	3.68871e+06
133	3.71876e+06
134	3.75567e+06
135	3.82399e+06
136	3.85239e+06
137	3.87337e+06
138	3.87463e+06
139	3.92413e+06
140	3.94869e+06
141	3.96669e+06
142	3.98663e+06
143	3.99498e+06
144	3.99863e+06
145	4.03426e+06
146	4.04575e+06
147	4.04011e+06
148	4.04626e+06
149	4.05984e+06
150	4.09557e+06
151	4.13349e+06
152	4.17637e+06
153	4.22091e+06
154	4.27118e+06
155	4.299e+06
156	4.32228e+06
157	4.32927e+06
158	4.32949e+06
159	4.32949e+06
160	4.32949e+06
161	4.32949e+06
162	4.32949e+06
163	4.32949e+06
164	4.32949e+06
165	4.32949e+06
166	4.32949e+06
167	4.32949e+06
168	4.32949e+06
169	4.32949e+06
170	4.32949e+06
171	4.32949e+06
172	4.32949e+06
173	4.32949e+06
174	4.32949e+06
175	4.32949e+06
176	4.32949e+06
177	4.32949e+06
178	4.32949e+06
179	4.32949e+06
180	4.32949e+06
181	4.32949e+06
182	4.32949e+06
183	4.32949e+06
184	4.32949e+06
185	4.32949e+06
186	4.32949e+06
187	4.32949e+06
188	4.32949e+06
189	4.32949e+06
190	4.32949e+06
191	4.32949e+06
192	4.32949e+06
193	4.32949e+06
194	4.32949e+06
195	4.32949e+06
196	4.32949e+06
197	4.32891e+06
