Generation	Geometric_mean
1	256.217
2	256.217
3	256.217
4	256.217
5	6945.83
6	8946.88
7	10053.6
8	10053.6
9	20088
10	23122
11	23334.2
12	23383.4
13	22799.6
14	22897.6
15	22701.3
16	22641.7
17	23059.6
18	23288.3
19	23914.4
20	24146.6
21	24537.3
22	24951.9
23	25321.5
24	26105.2
25	26303.9
26	25766.5
27	25152.5
28	25173.5
29	25161
30	25385.3
31	25469.8
32	25410.8
33	24822.4
34	23674.1
35	22906.2
36	21497.1
37	21411.7
38	21517.7
39	20648.7
40	20075.5
41	19747
42	19173.5
43	18350.3
44	16810.6
45	15253.7
46	14164.9
47	13156.9
48	12073.6
49	10985.2
50	10377.5
51	9420.56
52	8769.9
53	8056.94
54	7858.49
55	7602.35
56	7268.25
57	7082.73
58	6610.69
59	6358.31
60	6213.83
61	6201.17
62	6051.84
63	6140.94
64	6101.49
65	6109.83
66	6006.39
67	5911.7
68	5783.52
69	5723.78
70	5771.5
71	5857.53
72	5916.55
73	5923.17
74	5953.21
75	5863.75
76	5892.84
77	5864.15
78	5808.27
79	5725.95
80	5755.82
81	5806.21
82	5819.92
83	5894.42
84	5934.86
85	6067.96
86	6141.03
87	6136.22
88	6191.11
89	6158.66
90	6126.61
91	6088.67
92	6041.91
93	6015.06
94	5984.76
95	5977.61
96	6185.72
97	6340.97
98	6420.37
99	6600.21
100	6636.22
101	6646.16
102	6635.53
103	6535.24
104	6422.3
105	6361.48
106	6381.76
107	6366.73
108	6346.75
109	6272.36
110	6291.47
111	6370.6
112	6410.68
113	6457.28
114	6432.89
115	6390.81
116	6270.51
117	6140.87
118	5974.24
119	5928.28
120	5810.8
121	5703.31
122	5696.6
123	5719.72
124	5699.93
125	5628.08
126	5659.04
127	5689.81
128	5758.17
129	5840.55
130	5777.93
131	5735.13
132	5678.89
133	5731.06
134	5650.24
135	5635.56
136	5605.96
137	5561.09
138	5523.13
139	5522.57
140	5530.66
141	5540.18
142	5571.31
143	5638.11
144	5651.63
145	5695.83
146	5674.99
147	5720.34
148	5723.89
149	5726.17
150	5752.65
151	5783.43
152	5863.42
153	5885.23
154	5994.49
155	6013.93
156	6027.9
157	6051.16
158	6057.12
159	6075.05
160	6095.96
161	6112.8
162	6125.4
163	6132.82
164	6140.02
165	6153.79
166	6153.79
167	6153.79
168	6153.79
169	6153.79
170	6153.79
171	6153.79
172	6153.79
173	6153.79
174	6153.79
175	6153.79
176	6153.79
177	6153.79
178	6153.79
179	6153.79
180	6153.79
181	6153.79
182	6153.79
183	6153.79
184	6153.79
185	6153.79
186	6153.79
187	6153.79
188	6153.79
189	6153.79
190	6153.79
191	6153.79
192	6153.79
193	6153.79
194	6153.79
195	6153.79
196	6334.87
