Generation	Geometric_mean
1	2463.15
2	2463.15
3	2463.15
4	2463.15
5	2157.99
6	1990.89
7	1838.88
8	1807.13
9	1260.63
10	827.699
11	680.485
12	600.875
13	514.893
14	468.405
15	498.09
16	501.866
17	542.977
18	592.131
19	594.86
20	1007.26
21	2469.91
22	24322.2
23	66806
24	87026.1
25	183475
26	285676
27	291285
28	289288
29	282967
30	269001
31	266503
32	268266
33	268555
34	274462
35	278923
36	278522
37	279156
38	278756
39	281349
40	284350
41	286806
42	283297
43	284945
44	286243
45	291055
46	294311
47	295971
48	294408
49	297074
50	298109
51	301862
52	301772
53	301227
54	293810
55	294470
56	300270
57	314141
58	317747
59	319853
60	316059
61	318384
62	321911
63	318338
64	323558
65	330105
66	327329
67	336925
68	334660
69	332511
70	333822
71	339268
72	349182
73	351159
74	347951
75	347741
76	346880
77	340285
78	331664
79	327081
80	334194
81	336913
82	334465
83	338731
84	340850
85	345686
86	345681
87	345680
88	347868
89	344917
90	343872
91	344242
92	337745
93	335926
94	342799
95	346795
96	350837
97	350561
98	348825
99	343977
100	333683
101	326348
102	326531
103	326220
104	323703
105	322559
106	325250
107	329452
108	333018
109	333785
110	335465
111	335179
112	324236
113	316099
114	306788
115	305333
116	304133
117	307866
118	308104
119	302635
120	293332
121	290281
122	287206
123	287697
124	287522
125	284230
126	276646
127	269359
128	268041
129	261387
130	258607
131	254728
132	248441
133	241692
134	235246
135	227492
136	219378
137	212938
138	207742
139	200615
140	189576
141	189230
142	189124
143	188340
144	189868
145	189382
146	188689
147	186949
148	186691
149	185514
150	183609
151	180795
152	177121
153	174439
154	168569
155	163975
156	159600
157	159264
158	159081
159	159081
160	157893
161	157533
162	157152
163	157093
164	156325
165	155892
166	155234
167	153153
168	150151
169	145972
170	144728
171	143513
172	143040
173	143040
174	143040
175	143040
176	143040
177	143040
178	143040
179	143040
180	143040
181	143040
182	142492
183	142492
184	138679
185	137636
186	137636
187	137636
188	137636
189	137636
190	137636
191	137636
192	137636
193	3182.75
194	3182.75
195	3182.75
196	3182.75
197	2682.62
