Generation	Geometric_mean
1	263.51
2	263.51
3	263.51
4	263.51
5	38779.3
6	38779.3
7	38779.3
8	38779.3
9	42054
10	43326.2
11	43641
12	43880.3
13	42392.4
14	41985.3
15	41867.3
16	41743.8
17	42437.1
18	42502.4
19	41947
20	40508.5
21	40470.2
22	40598.9
23	40572.1
24	40737.6
25	40680.2
26	40795.7
27	40458.9
28	40812.2
29	41247.8
30	40807.9
31	41458.3
32	41014
33	40284.2
34	39499.9
35	39284.1
36	38596
37	38799
38	38506.3
39	37443
40	36977.7
41	36322.8
42	34356.2
43	33447.8
44	33201.7
45	32670.2
46	32425.7
47	31837.2
48	31660.5
49	28337.6
50	22099.7
51	17406.4
52	13779.8
53	6008.24
54	3653.52
55	2134.8
56	1697.47
57	1408.71
58	1300.22
59	1247.28
60	1199.74
61	1151.06
62	1079.24
63	1022.49
64	995.811
65	971.125
66	973.761
67	981.55
68	992.947
69	994.659
70	982.946
71	994.154
72	1007.3
73	1023.04
74	1079.42
75	1057.45
76	1122.78
77	1190.1
78	1228.67
79	1277.4
80	1321.55
81	1344.3
82	1675.05
83	2149.72
84	4800.58
85	10273.1
86	49498.3
87	174775
88	391051
89	668495
90	800177
91	1.13925e+06
92	1.21375e+06
93	1.20797e+06
94	1.3277e+06
95	1.41446e+06
96	1.40196e+06
97	1.38484e+06
98	1.37665e+06
99	1.36481e+06
100	1.37836e+06
101	1.39458e+06
102	1.40823e+06
103	1.40913e+06
104	1.42107e+06
105	1.41834e+06
106	1.42875e+06
107	1.44816e+06
108	1.45003e+06
109	1.45408e+06
110	1.49713e+06
111	1.49919e+06
112	1.508e+06
113	1.51331e+06
114	1.51462e+06
115	1.51068e+06
116	1.51228e+06
117	1.4869e+06
118	1.49604e+06
119	1.52064e+06
120	1.52695e+06
121	1.50554e+06
122	1.4697e+06
123	1.45913e+06
124	1.43836e+06
125	1.42776e+06
126	1.43504e+06
127	1.4248e+06
128	1.42678e+06
129	1.42541e+06
130	1.42885e+06
131	1.41887e+06
132	1.44601e+06
133	1.46105e+06
134	1.48142e+06
135	1.47534e+06
136	1.48806e+06
137	1.47453e+06
138	1.46219e+06
139	1.46649e+06
140	1.49143e+06
141	1.51847e+06
142	1.53481e+06
143	1.56061e+06
144	1.59147e+06
145	1.60039e+06
146	1.60851e+06
147	1.61673e+06
148	1.62129e+06
149	1.63261e+06
150	1.6324e+06
151	1.63729e+06
152	1.6386e+06
153	1.63434e+06
154	1.62685e+06
155	1.62577e+06
156	1.6263e+06
157	1.62222e+06
158	1.62047e+06
159	1.61845e+06
160	1.61786e+06
161	1.61801e+06
162	1.61801e+06
163	1.61801e+06
164	1.61801e+06
165	1.61801e+06
166	1.61801e+06
167	1.61801e+06
168	1.61801e+06
169	1.61801e+06
170	1.61801e+06
171	1.61801e+06
172	1.61801e+06
173	1.61801e+06
174	1.61801e+06
175	1.61801e+06
176	1.61801e+06
177	1.61801e+06
178	1.61801e+06
179	1.61801e+06
180	1.61801e+06
181	1.61801e+06
182	1.61801e+06
183	1.61801e+06
184	1.61801e+06
185	1.61801e+06
186	1.61801e+06
187	1.61801e+06
188	1.61801e+06
189	1.61801e+06
190	1.61801e+06
191	1.61801e+06
192	1.61801e+06
193	1.61801e+06
194	1.61801e+06
195	1.61801e+06
196	1.61801e+06
197	1.62173e+06
