Generation	Geometric_mean
1	82.5848
2	82.5848
3	82.5848
4	82.5848
5	20864.6
6	20864.6
7	20864.6
8	20864.6
9	22575.9
10	22943.9
11	23152.8
12	23129.9
13	22083.7
14	21972.9
15	21964.2
16	21995.2
17	22728.3
18	22881.9
19	23426.5
20	23837.7
21	23382
22	23338.1
23	22979.4
24	22981.4
25	23272.2
26	23563
27	23948.8
28	24249.6
29	24472.4
30	24926
31	25192.6
32	25213.3
33	24747.7
34	24049.5
35	23405.1
36	22383
37	22127.4
38	22517.1
39	22940
40	23061.4
41	22936.1
42	22270.3
43	21200.2
44	20714.2
45	20686.7
46	20420.9
47	19627.4
48	18954.5
49	18391.1
50	18085.9
51	17599.6
52	16903.5
53	16182.1
54	15712.5
55	15353.8
56	15351.7
57	15035.7
58	14921.8
59	14553.9
60	14118.1
61	14137.6
62	13989.6
63	13801.8
64	13172.5
65	13078.9
66	12488.9
67	12283.1
68	11834.2
69	11599.4
70	11377.1
71	11131.6
72	11071.5
73	10980.5
74	10054.2
75	9597.42
76	8257.49
77	6608.91
78	1943.31
79	734.365
80	507.488
81	325.657
82	256.846
83	202.004
84	181.328
85	169.687
86	148.244
87	142.883
88	139.44
89	136.875
90	136.508
91	132.398
92	130.069
93	127.241
94	124.633
95	123.699
96	125.956
97	127.187
98	128.987
99	137.576
100	142.669
101	152.514
102	168.168
103	180.666
104	244.467
105	306.657
106	933.319
107	2888.86
108	4877.18
109	13420.9
110	16788.9
111	21852.9
112	26323.1
113	31877.5
114	37609
115	41424.5
116	49706.5
117	51806.2
118	55001.1
119	60356.9
120	62492.2
121	72056.3
122	74169.6
123	76794.5
124	79032.7
125	81738.4
126	87070.2
127	88671.1
128	95803.9
129	98852.6
130	104335
131	105469
132	105939
133	104859
134	106945
135	108650
136	110669
137	112792
138	116857
139	122067
140	124155
141	125758
142	126132
143	126953
144	128344
145	131059
146	132778
147	140189
148	143045
149	145648
150	148501
151	151698
152	154969
153	156546
154	157270
155	158744
156	158836
157	159574
158	159745
159	161122
160	162374
161	166281
162	168877
163	171575
164	171575
165	171575
166	172900
167	172900
168	172900
169	172900
170	172900
171	172900
172	172900
173	172900
174	172900
175	172900
176	172900
177	172900
178	172900
179	172900
180	172900
181	172900
182	172900
183	172900
184	172900
185	172900
186	172900
187	172900
188	172900
189	172900
190	172900
191	172900
192	172900
193	172900
194	172900
195	172900
196	170479
