Generation	Geometric_mean
1	230.538
2	230.538
3	230.538
4	230.538
5	368536
6	368536
7	368536
8	368536
9	375611
10	384177
11	383243
12	385769
13	399397
14	407255
15	412046
16	421404
17	437228
18	443023
19	441224
20	444797
21	449491
22	448876
23	445184
24	434883
25	427618
26	419461
27	412048
28	407399
29	409713
30	409716
31	404921
32	396692
33	397493
34	395468
35	393540
36	379055
37	362817
38	351382
39	345739
40	330790
41	324877
42	328079
43	328634
44	331395
45	323512
46	317965
47	307104
48	293853
49	281799
50	275980
51	269172
52	263013
53	244746
54	233870
55	203815
56	186327
57	169073
58	169755
59	170575
60	163094
61	154971
62	137144
63	133717
64	129156
65	124317
66	119503
67	119381
68	115949
69	111887
70	106055
71	102705
72	100824
73	101081
74	100003
75	101108
76	99770.9
77	91994.8
78	84788
79	78895.7
80	77369.8
81	76737.1
82	73142.4
83	67140.8
84	63566.2
85	61603.4
86	60331.1
87	60110.9
88	59906.7
89	58778.5
90	55496.8
91	48768.9
92	45907.1
93	43409.6
94	39012.9
95	37335.8
96	34755.9
97	32601.2
98	30397.1
99	26858.9
100	22857.7
101	18392.2
102	14661.4
103	13209.3
104	11759.3
105	9781.92
106	8822.2
107	7330.63
108	5811.85
109	4967.97
110	4019.48
111	3580.41
112	3035.4
113	2272.1
114	2032.1
115	1497.89
116	1288.33
117	1103.04
118	1012.79
119	967.215
120	944.753
121	941.554
122	929.889
123	898.428
124	886.819
125	840.997
126	840.33
127	848.648
128	861.399
129	863.605
130	849.325
131	818.557
132	846.372
133	844.637
134	845.369
135	1009.66
136	994.763
137	1016.95
138	1185.89
139	1907.02
140	2456.59
141	3447.04
142	5847.15
143	10886.8
144	12875.3
145	14045.6
146	17423.4
147	20659.5
148	28693.7
149	31887.9
150	34288.6
151	44810.2
152	56430.8
153	70180.8
154	90271.1
155	113356
156	126870
157	133751
158	140587
159	144120
160	144879
161	145240
162	145240
163	145608
164	145608
165	145608
166	145608
167	145608
168	145608
169	145608
170	145608
171	145608
172	145608
173	145608
174	145608
175	145608
176	145608
177	145608
178	145608
179	145608
180	145608
181	145608
182	145608
183	145608
184	145608
185	145608
186	145608
187	145608
188	145608
189	145608
190	145608
191	145608
192	145608
193	145608
194	145608
195	145608
196	145608
197	153783
