Generation	Geometric_mean
1	997.256
2	997.256
3	997.256
4	997.256
5	922.888
6	913
7	905.32
8	903.593
9	857.502
10	838.78
11	817.026
12	808.584
13	816.499
14	826.062
15	813.204
16	785.155
17	803.845
18	803.334
19	821.861
20	823.314
21	864.872
22	910.03
23	1437.27
24	4287.99
25	18480.8
26	69288.4
27	86001.8
28	124892
29	124162
30	122539
31	125299
32	128659
33	129510
34	130318
35	129800
36	131290
37	136038
38	138944
39	142623
40	140990
41	140409
42	143613
43	144450
44	143180
45	142375
46	140669
47	140756
48	140449
49	139708
50	141937
51	142437
52	142744
53	141589
54	141842
55	140976
56	145250
57	145517
58	144721
59	143883
60	144178
61	147124
62	152047
63	155913
64	158696
65	159566
66	160972
67	161529
68	162114
69	165106
70	163590
71	163698
72	160430
73	157199
74	153479
75	149104
76	146099
77	143356
78	144173
79	147213
80	149196
81	150184
82	147380
83	147248
84	147747
85	147751
86	145720
87	144587
88	146837
89	148851
90	149308
91	152507
92	154366
93	153806
94	154134
95	149725
96	148079
97	148467
98	146835
99	146914
100	146238
101	145060
102	143800
103	145140
104	144570
105	144034
106	141137
107	136716
108	129925
109	127634
110	124012
111	122064
112	122698
113	123148
114	123887
115	124198
116	122145
117	122291
118	122108
119	123768
120	123566
121	123746
122	122531
123	119006
124	118586
125	117948
126	116361
127	115459
128	115556
129	113929
130	112877
131	111459
132	109906
133	108406
134	106574
135	103631
136	99704.6
137	99046.9
138	98011.4
139	97277.3
140	97047.4
141	97727.6
142	97778.2
143	100070
144	101360
145	100018
146	97250.7
147	94960.6
148	91958.4
149	89790.4
150	89281
151	88860.4
152	87820.7
153	87480.2
154	87328.3
155	86682.3
156	85643.3
157	84244
158	83401.3
159	83310.8
160	83329.3
161	83329.3
162	83329.3
163	83329.3
164	83329.3
165	83329.3
166	83329.3
167	83329.3
168	83329.3
169	83329.3
170	83329.3
171	83329.3
172	83329.3
173	83329.3
174	83329.3
175	83329.3
176	83329.3
177	83329.3
178	83329.3
179	83329.3
180	83329.3
181	83329.3
182	83329.3
183	83329.3
184	83329.3
185	83329.3
186	83329.3
187	83329.3
188	83329.3
189	83329.3
190	83329.3
191	83329.3
192	56220
193	1875.46
194	1875.46
195	1875.46
196	1875.46
197	1597.26
