Generation	Geometric_mean
1	224.295
2	224.295
3	224.295
4	224.295
5	213115
6	213115
7	213115
8	213115
9	226547
10	229694
11	230082
12	230385
13	233739
14	238583
15	236060
16	235425
17	242537
18	249452
19	257705
20	262571
21	268856
22	274200
23	282346
24	283251
25	280056
26	280606
27	278451
28	275565
29	269132
30	265971
31	265715
32	263012
33	265269
34	269354
35	269318
36	263407
37	258102
38	252246
39	243193
40	230381
41	220398
42	217280
43	211355
44	213683
45	216390
46	216416
47	217996
48	219397
49	223068
50	228640
51	228268
52	220724
53	216125
54	216327
55	216826
56	217278
57	213415
58	207373
59	195144
60	182168
61	166778
62	155547
63	149593
64	139455
65	133415
66	124426
67	118278
68	112357
69	104898
70	102171
71	97749.1
72	91502.3
73	86824.2
74	85657.8
75	78212.4
76	73128.5
77	68491.8
78	64829.2
79	61026.9
80	56411.4
81	53010.9
82	50582
83	48234.7
84	45561.2
85	35079.8
86	25685.7
87	20828.7
88	10048.7
89	6276.77
90	3575.67
91	2284.39
92	1621.12
93	1153.1
94	1057.37
95	998.281
96	946.505
97	868.851
98	850.837
99	844.91
100	808.797
101	817.109
102	814.663
103	787.211
104	772.431
105	761.439
106	750.974
107	748.734
108	742.985
109	749.987
110	757.767
111	778.48
112	792.666
113	801.63
114	842.764
115	876.426
116	966.887
117	1047.98
118	1129.5
119	1196.15
120	1269.24
121	2270.19
122	4654.12
123	9896.68
124	20216.7
125	32057.4
126	54787.3
127	68085.9
128	76391.6
129	93965.1
130	108259
131	113903
132	129368
133	157558
134	180395
135	197074
136	224557
137	235488
138	241032
139	243216
140	245321
141	250356
142	257756
143	265164
144	267724
145	275624
146	289346
147	298529
148	305709
149	312623
150	320025
151	326176
152	331007
153	335053
154	336763
155	337086
156	338542
157	338949
158	340137
159	340821
160	341909
161	342193
162	342576
163	342576
164	342576
165	342576
166	342576
167	342576
168	352108
169	356984
170	366872
171	366872
172	366872
173	366872
174	366872
175	366872
176	366872
177	366872
178	366872
179	366872
180	366872
181	366872
182	366872
183	366872
184	366872
185	366872
186	366872
187	366872
188	366872
189	366872
190	366872
191	366872
192	366872
193	366872
194	366872
195	366872
196	366872
197	368121
