Generation	Geometric_mean
1	115.149
2	115.149
3	115.149
4	115.149
5	3.94008e+06
6	3.94008e+06
7	3.94008e+06
8	3.94008e+06
9	3.98545e+06
10	4.04209e+06
11	4.04053e+06
12	4.03977e+06
13	4.1201e+06
14	4.17729e+06
15	4.2153e+06
16	4.21249e+06
17	4.27492e+06
18	4.2931e+06
19	4.31267e+06
20	4.30592e+06
21	4.30939e+06
22	4.28325e+06
23	4.27731e+06
24	4.25858e+06
25	4.25125e+06
26	4.29035e+06
27	4.28446e+06
28	4.29383e+06
29	4.29818e+06
30	4.28406e+06
31	4.28314e+06
32	4.30003e+06
33	4.26329e+06
34	4.23911e+06
35	4.23578e+06
36	4.21884e+06
37	4.2054e+06
38	4.23222e+06
39	4.21579e+06
40	4.22432e+06
41	4.22621e+06
42	4.20711e+06
43	4.17068e+06
44	4.16061e+06
45	4.16371e+06
46	4.17666e+06
47	4.22344e+06
48	4.21602e+06
49	4.21499e+06
50	4.23794e+06
51	4.24766e+06
52	4.25605e+06
53	4.26839e+06
54	4.30775e+06
55	4.34075e+06
56	4.34784e+06
57	4.29052e+06
58	4.20586e+06
59	4.11617e+06
60	4.06506e+06
61	4.08891e+06
62	4.129e+06
63	4.15825e+06
64	4.1771e+06
65	4.15732e+06
66	4.13685e+06
67	4.17434e+06
68	4.21785e+06
69	4.24851e+06
70	4.20231e+06
71	4.14823e+06
72	4.07393e+06
73	4.04287e+06
74	4.0583e+06
75	4.03887e+06
76	4.05607e+06
77	4.10049e+06
78	4.09753e+06
79	4.11633e+06
80	4.10851e+06
81	4.0886e+06
82	4.11466e+06
83	4.08474e+06
84	4.11381e+06
85	4.13098e+06
86	4.12139e+06
87	4.12072e+06
88	4.11303e+06
89	4.14251e+06
90	4.16652e+06
91	4.13792e+06
92	4.09549e+06
93	4.09138e+06
94	4.08893e+06
95	4.06476e+06
96	4.06369e+06
97	4.00642e+06
98	3.969e+06
99	3.95664e+06
100	3.93661e+06
101	3.89572e+06
102	3.85301e+06
103	3.84567e+06
104	3.78338e+06
105	3.76056e+06
106	3.7545e+06
107	3.6917e+06
108	3.66993e+06
109	3.66222e+06
110	3.58346e+06
111	3.47162e+06
112	3.39417e+06
113	3.35907e+06
114	3.30627e+06
115	3.27557e+06
116	3.2095e+06
117	3.17018e+06
118	3.08129e+06
119	2.98183e+06
120	2.92225e+06
121	2.86255e+06
122	2.77072e+06
123	2.74171e+06
124	2.67843e+06
125	2.65102e+06
126	2.63597e+06
127	2.61467e+06
128	2.60708e+06
129	2.55545e+06
130	2.47615e+06
131	2.43571e+06
132	2.36809e+06
133	2.31095e+06
134	2.21605e+06
135	2.19326e+06
136	2.12941e+06
137	2.0486e+06
138	2.00937e+06
139	1.99115e+06
140	1.96906e+06
141	1.95652e+06
142	1.95254e+06
143	1.94085e+06
144	1.93655e+06
145	1.92497e+06
146	1.89011e+06
147	1.8529e+06
148	1.83456e+06
149	1.82434e+06
150	1.81456e+06
151	1.81022e+06
152	1.78591e+06
153	1.77313e+06
154	1.77313e+06
155	1.77313e+06
156	1.76973e+06
157	1.76973e+06
158	1.76973e+06
159	1.76973e+06
160	1.76973e+06
161	1.76973e+06
162	1.76973e+06
163	1.76973e+06
164	1.73706e+06
165	988489
166	40937.1
167	40937.1
168	40937.1
169	40937.1
170	839.693
171	839.693
172	839.693
173	839.693
174	700.472
