Generation	Geometric_mean
1	198.367
2	198.367
3	198.367
4	198.367
5	120153
6	120153
7	120153
8	120153
9	123091
10	129393
11	129509
12	129450
13	135033
14	133329
15	131016
16	129997
17	129904
18	132702
19	133979
20	133640
21	133593
22	133807
23	135749
24	136074
25	137465
26	136234
27	134748
28	132628
29	131439
30	131870
31	132967
32	131792
33	129954
34	131611
35	131127
36	132973
37	132079
38	131325
39	131289
40	130821
41	130884
42	130553
43	129818
44	127485
45	125349
46	123748
47	121576
48	119078
49	119674
50	119739
51	119393
52	117245
53	114164
54	111829
55	110656
56	107990
57	104309
58	101680
59	99887.7
60	95450.5
61	91955.7
62	88675.7
63	87189.5
64	83552.2
65	83140
66	81233.6
67	79374.8
68	79141.1
69	77548.5
70	72226.9
71	67372.5
72	49105
73	32822.6
74	28019.1
75	14273.6
76	8560.05
77	4995.63
78	3248.15
79	2417.34
80	1919.47
81	1749.75
82	1515.93
83	1375.57
84	1307.7
85	1255.13
86	1249.75
87	1236.77
88	1184.71
89	1142.84
90	1146.21
91	1141.52
92	1144.63
93	1176.23
94	1173.77
95	1161.85
96	1165.89
97	1179.21
98	1202.79
99	1257.6
100	1279.8
101	1328.24
102	1357.34
103	1386.35
104	1740.48
105	2806.83
106	3070.94
107	3978.66
108	12148.7
109	27807.6
110	65821.7
111	88171.7
112	147986
113	260787
114	308182
115	388682
116	467676
117	511509
118	522898
119	523987
120	527654
121	600057
122	648520
123	740014
124	937756
125	1.07249e+06
126	1.18247e+06
127	1.30994e+06
128	1.36732e+06
129	1.42983e+06
130	1.4791e+06
131	1.5674e+06
132	1.71872e+06
133	1.87309e+06
134	1.94841e+06
135	1.91831e+06
136	1.89228e+06
137	1.8911e+06
138	1.92429e+06
139	1.94685e+06
140	2.00069e+06
141	2.0552e+06
142	2.07348e+06
143	2.13746e+06
144	2.21741e+06
145	2.27017e+06
146	2.43936e+06
147	2.54401e+06
148	2.62094e+06
149	2.65998e+06
150	2.73285e+06
151	2.75977e+06
152	2.76522e+06
153	2.76654e+06
154	2.77457e+06
155	2.77654e+06
156	2.77916e+06
157	2.78023e+06
158	2.77984e+06
159	2.77984e+06
160	2.78143e+06
161	2.78143e+06
162	2.78143e+06
163	2.78143e+06
164	2.78143e+06
165	2.78143e+06
166	2.78143e+06
167	2.78143e+06
168	2.78143e+06
169	2.78143e+06
170	2.78143e+06
171	2.78143e+06
172	2.78143e+06
173	2.78143e+06
174	2.78143e+06
175	2.78143e+06
176	2.78143e+06
177	2.78143e+06
178	2.78143e+06
179	2.78143e+06
180	2.78143e+06
181	2.78143e+06
182	2.78143e+06
183	2.78143e+06
184	2.78143e+06
185	2.78143e+06
186	2.78143e+06
187	2.78143e+06
188	2.78143e+06
189	2.78143e+06
190	2.78143e+06
191	2.78143e+06
192	2.78143e+06
193	2.78143e+06
194	2.78143e+06
195	2.78143e+06
196	2.74834e+06
