Generation	Geometric_mean
1	240.435
2	240.435
3	240.435
4	240.435
5	89194
6	89194
7	89194
8	89194
9	96847.1
10	99603.4
11	100950
12	100721
13	104797
14	109173
15	109774
16	108664
17	108696
18	109253
19	109144
20	108452
21	111330
22	111440
23	109573
24	109584
25	107304
26	105308
27	104908
28	103634
29	101130
30	99402.3
31	98490.1
32	96465.2
33	94872.7
34	95112.8
35	93743.6
36	92076.6
37	92070.9
38	91648.4
39	89231.4
40	86476.9
41	82251.2
42	79218.8
43	76493.2
44	74430.3
45	71711.2
46	71019
47	69503.1
48	68460
49	67393.1
50	66441.8
51	65983.7
52	66134.1
53	64633.1
54	62247
55	60636
56	61235
57	57868.3
58	54424.4
59	48291.6
60	38314.1
61	35404.8
62	16428.3
63	9844.88
64	5501.23
65	3038.04
66	1745.35
67	1497.14
68	1310.89
69	1205.64
70	1074.23
71	1001.55
72	948.349
73	900.458
74	881.107
75	877.818
76	862.273
77	873.424
78	893.506
79	895.848
80	906.103
81	912.882
82	892.736
83	923.747
84	927.747
85	943.221
86	967.389
87	1060.25
88	1128.17
89	1483.63
90	4778.7
91	11679.4
92	55238.5
93	119122
94	270456
95	941612
96	1.38464e+06
97	1.76145e+06
98	2.0095e+06
99	2.34034e+06
100	2.34097e+06
101	2.42377e+06
102	2.41714e+06
103	2.36841e+06
104	2.36155e+06
105	2.356e+06
106	2.36022e+06
107	2.38839e+06
108	2.41639e+06
109	2.45096e+06
110	2.44011e+06
111	2.41365e+06
112	2.51988e+06
113	2.69203e+06
114	2.6979e+06
115	2.68765e+06
116	2.71057e+06
117	2.69141e+06
118	2.69259e+06
119	2.70271e+06
120	2.73292e+06
121	2.73991e+06
122	2.73899e+06
123	2.74015e+06
124	2.7331e+06
125	2.70647e+06
126	2.70035e+06
127	2.7206e+06
128	2.69172e+06
129	2.65502e+06
130	2.65144e+06
131	2.62299e+06
132	2.64673e+06
133	2.67877e+06
134	2.71243e+06
135	2.76238e+06
136	2.8043e+06
137	2.84324e+06
138	2.85743e+06
139	2.84811e+06
140	2.8128e+06
141	2.80826e+06
142	2.83443e+06
143	2.8419e+06
144	2.84903e+06
145	2.85754e+06
146	2.86112e+06
147	2.90518e+06
148	2.92155e+06
149	2.91548e+06
150	2.91083e+06
151	2.94538e+06
152	2.98014e+06
153	3.0114e+06
154	3.01527e+06
155	3.02158e+06
156	3.02305e+06
157	3.02409e+06
158	3.02829e+06
159	3.03271e+06
160	3.03271e+06
161	3.03271e+06
162	3.03271e+06
163	3.03271e+06
164	3.03271e+06
165	3.03271e+06
166	3.03271e+06
167	3.03271e+06
168	3.03271e+06
169	3.03271e+06
170	3.03271e+06
171	3.03271e+06
172	3.03271e+06
173	3.03271e+06
174	3.03271e+06
175	3.03271e+06
176	3.03271e+06
177	3.03271e+06
178	3.03271e+06
179	3.03271e+06
180	3.03271e+06
181	3.03271e+06
182	3.03271e+06
183	3.03271e+06
184	3.03271e+06
185	3.03271e+06
186	3.03271e+06
187	3.03271e+06
188	3.03271e+06
189	3.03271e+06
190	3.03271e+06
191	3.03271e+06
192	3.03271e+06
193	3.03271e+06
194	3.03271e+06
195	3.03271e+06
196	3.03271e+06
197	3.02973e+06
