0
0
0
0
0
0
-2.26453e-06
-0.00184783
0
0
0
0
0
0
0
0
0
0
0
0
0
0
0
0
0
0
0
0
0
0
-9.49578e-05
0
0
0
0
-2.1903e-06
0
0
0
0
0
0
0
0
0
0
0
0
0
0
0
0
0
0
0
0
0
0
0
0
0
0
0
-0.0143364
0
0
0
0
-0.000665129
0
0
0
0
0
0
0
0
0
0
0
0
0
0
0
0
0
0
0
0
0
0
0
0
0
0
0
0
0
0
0
-0.000104256
0
0
0
0
0
0
0
0
0
0
0
0
0
0
0
0
0
0
0
0
0
0
0
0
0
0
0
0
0
0
0
0
0
0
0
0
0
0
0
0
0
0
0
0
0
0
0
0
0
0
0
-1.80933e-07
0
-8.56951e-07
0
0
0
0
0
0
0
0
0
0
0
0
0
0
0
0
0
0
0
0
0
0
0
0
0
0
0
0
0
0
0
0
0
0
0
0
0
0
0
0
0
0
0
0
0
0
0
0
0
-2.01613e-05
0
0
0
0
0
0
0
0
0
0
0
0
0
0
0
0
0
0
0
0
0
0
0
0
0
-0.00415152
0
0
0
0
0
-4.48409e-05
0
0
0
0
0
0
0
0
0
0
0
0
0
0
0
0
0
0
0
0
0
0
0
0
0
0
0
0
0
0
0
0
0
0
0
0
0
0
0
0
0
0
0
0
-1.28033e-06
0
0
0
0
0
0
0
-0.00311514
0
0
0
0
0
0
0
0
0
0
0
0
0
0
-0.00321805
0
0
0
0
0
0
0
0
0
0
0
0
0
0
0
0
0
0
0
0
0
0
0
0
0
0
-6.92867e-05
0
0
0
0
0
0
0
0
0
0
-0.000154599
0
0
0
0
0
-0.00178197
-3.58336e-06
0
0
0
0
0
0
0
0
0
0
0
0
0
0
0
0
0
0
0
0
0
0
0
0
0
0
0
0
0
0
0
0
0
0
0
0
0
0
0
0
0
0
0
0
0
0
0
0
0
-1.94419e-07
-0.00323042
0
0
0
0
0
0
0
0
0
0
-0.00108363
0
0
0
0
0
0
0
-1.15433e-06
0
0
0
0
0
0
0
0
0
0
0
0
0
0
0
0
0
0
0
0
0
0
-6.97687e-05
0
0
0
0
0
0
0
0
0
0
-0.000133
0
0
0
0
0
0
0
0
0
0
0
0
0
0
0
0
0
0
0
0
0
0
0
0
0
0
-0.000861212
0
0
0
0
0
0
0
0
0
0
0
0
0
0
0
0
0
0
0
0
-0.000529558
0
0
0
0
0
0
0
0
0
0
0
0
0
0
0
0
0
0
0
0
0
0
0
0
0
0
0
0
-0.00188527
-4.46677e-07
0
0
0
-0.000115476
0
0
-5.87384e-05
-3.4514e-09
0
0
0
0
0
0
0
0
0
0
0
0
0
0
0
0
0
0
0
0
0
-0.000475412
0
0
0
0
0
0
0
0
0
0
0
0
0
0
0
0
0
0
0
0
0
0
0
0
0
0
0
0
0
0
0
0
0
0
0
0
0
-0.00159303
0
-0.000442545
0
0
-1.05774e-09
0
0
0
-5.06895e-09
0
0
0
0
0
0
0
0
-3.31956e-12
0
0
0
0
0
0
0
0
0
0
0
0
0
0
0
0
0
0
0
0
0
0
0
0
0
0
0
0
0
0
0
0
-3.14938e-07
-0.00128204
0
0
0
0
0
0
0
0
0
0
-2.57901e-08
0
0
-0.000981789
0
0
0
0
0
0
0
0
0
0
0
0
0
0
0
0
0
0
0
0
0
-5.93568e-08
0
0
0
0
0
0
0
-1.0394e-05
-7.30846e-05
0
0
0
0
0
0
0
0
0
0
0
0
0
0
0
0
0
0
0
0
-0.000723024
0
0
0
0
0
0
0
0
0
0
0
0
0
0
0
0
0
0
0
0
-0.00261125
0
0
0
0
0
0
0
0
0
0
0
0
0
0
0
0
0
0
0
-0.00198519
0
0
0
0
0
0
0
0
0
0
0
0
0
0
0
-0.000255126
0
0
0
0
0
0
0
0
0
0
0
0
0
0
0
0
0
0
0
0
-3.85862e-08
0
0
0
0
0
0
0
-3.54272e-05
0
0
0
0
0
0
0
0
0
0
0
0
0
0
0
0
0
0
0
0
0
0
0
0
0
0
0
0
0
0
0
0
0
0
0
0
0
0
0
0
0
0
0
0
0
0
0
0
0
0
0
0
0
0
0
0
0
0
0
0
0
0
0
0
0
0
0
0
0
0
0
0
0
0
0
0
0
-8.61351e-09
0
0
0
0
0
0
-4.28158e-10
0
0
0
0
0
0
0
0
0
0
0
-4.28916e-09
0
0
0
0
-0.000262483
0
0
0
0
0
0
0
0
0
0
0
0
0
0
0
0
0
0
0
0
0
0
0
0
0
-0.000524209
0
0
0
0
0
0
0
-6.17304e-05
0
0
0
0
0
0
-8.16744e-06
0
0
0
0
0
0
0
0
0
0
0
0
0
0
0
0
0
0
0
0
0
0
0
0
-1.50788e-07
0
0
0
0
-8.9296e-07
0
0
0
0
0
0
0
0
0
0
0
0
0
0
0
0
0
0
0
0
0
0
0
0
0
0
0
0
0
0
0
0
0
0
0
0
0
0
0
0
0
0
0
0
0
0
0
0
0
0
0
0
0
-0.000234626
0
0
0
0
0
0
0
0
0
0
0
0
0
0
-1.59487e-13
-0.000154291
0
0
0
0
0
0
0
0
0
0
0
0
0
0
0
0
-4.74684e-10
0
0
0
0
0
0
0
0
0
0
0
0
0
0
-6.83964e-07
0
0
0
0
0
0
0
0
-0.000108383
0
-5.85052e-05
0
0
0
0
0
0
0
0
0
0
0
0
0
0
0
0
0
0
0
0
0
0
-3.58627e-05
0
0
0
-1.03389e-05
0
0
0
0
0
0
0
0
0
0
0
0
0
0
0
0
0
0
0
0
0
0
0
0
0
0
0
0
0
0
0
0
0
0
0
0
0
0
0
0
0
0
0
0
0
0
0
0
-2.28995e-09
0
0
0
0
0
0
0
0
0
0
0
0
-8.44088e-05
0
0
0
0
-0.00217669
0
0
0
0
0
0
0
0
0
0
-0.000484077
0
-2.03629e-09
0
0
0
0
0
0
0
0
0
0
0
0
0
0
0
0
0
0
-4.47691e-10
0
0
0
0
0
0
0
0
0
0
0
0
0
0
0
0
0
0
0
0
0
0
0
0
0
0
0
0
0
0
0
0
0
0
0
0
0
0
0
0
0
0
0
0
0
0
0
0
-0.00027185
0
0
0
0
0
-8.94252e-05
0
-0.00565058
0
0
0
0
0
0
0
0
0
0
0
0
0
0
0
0
0
0
0
0
0
0
0
0
0
0
0
0
0
0
0
0
0
0
0
0
0
0
0
0
0
0
-3.5108e-05
0
0
0
0
0
0
0
0
0
0
0
0
0
0
0
0
0
0
0
0
0
0
0
0
-0.00690026
0
0
-0.000324267
0
0
0
0
0
0
0
0
0
0
0
0
0
0
0
0
0
0
0
0
0
0
0
0
0
-1.72869e-11
0
-2.0342e-06
-5.93997e-06
0
0
0
-0.000526026
0
0
0
0
0
0
0
0
0
0
0
0
0
0
0
0
0
0
0
0
0
0
0
0
0
0
0
0
0
0
-4.18258e-06
0
-4.59881e-10
0
0
0
0
0
0
0
0
0
0
0
0
0
0
0
0
0
0
0
0
0
0
0
0
0
0
0
0
0
0
0
0
0
0
0
0
0
0
0
0
0
0
0
0
0
0
-1.07089e-07
0
0
0
0
0
0
0
0
0
0
0
0
0
0
0
0
0
0
-2.42345e-06
0
0
0
-1.55128e-07
0
0
0
0
0
0
0
0
0
0
0
0
0
0
0
0
0
0
0
0
0
0
0
-3.41926e-08
0
0
0
0
-0.000411889
0
0
0
0
-1.68065e-14
0
0
0
0
0
0
0
0
0
-0.000143074
0
0
0
0
0
0
0
0
0
0
0
0
0
0
0
0
0
0
0
0
0
0
0
0
0
0
0
0
0
0
0
0
0
0
0
0
0
0
0
0
0
0
0
0
0
0
0
0
0
0
0
0
0
0
0
0
0
0
0
0
0
0
0
0
0
0
0
0
0
0
-5.23723e-05
0
0
0
0
0
0
0
0
0
0
0
0
0
0
0
0
0
0
0
0
0
0
0
0
0
0
0
0
0
0
0
0
0
0
0
0
-3.6511e-05
0
0
0
0
0
0
0
0
0
0
0
0
-0.000278694
0
0
0
0
0
0
0
0
0
0
0
0
0
0
0
0
0
0
0
0
0
0
0
0
0
0
0
0
0
0
0
0
0
-0.00138575
0
-0.000317246
0
0
0
0
0
0
0
0
0
0
0
0
0
0
0
0
0
0
0
0
0
0
0
0
0
0
0
0
-0.000524676
0
0
0
0
0
0
0
0
0
0
0
0
0
0
0
0
0
0
0
0
0
0
0
0
0
0
0
0
-0.001183
0
0
0
0
0
0
0
0
0
0
0
0
0
0
0
0
0
0
0
0
0
-7.2108e-07
0
0
0
0
0
0
0
0
0
0
0
0
0
0
0
0
0
0
0
0
0
0
0
0
0
0
0
0
0
0
0
0
0
0
0
0
0
-2.6014e-06
0
0
0
0
0
0
0
0
0
-3.58982e-06
0
0
0
0
0
0
0
0
0
0
0
0
0
0
0
0
0
0
0
0
0
0
0
0
-0.000115336
0
0
0
0
0
0
0
0
0
0
0
0
0
0
0
0
0
0
0
0
0
0
0
0
0
0
0
0
0
0
0
0
0
0
0
-1.77877e-05
0
0
0
0
0
0
0
0
0
0
0
0
0
0
0
0
0
0
0
0
0
0
0
0
0
0
0
-6.48058e-06
0
0
0
0
0
0
0
-2.90927e-05
0
0
0
0
0
0
0
0
0
-0.000581317
0
0
0
0
0
0
0
0
0
0
0
0
0
0
0
0
-1.03521e-06
0
0
0
0
0
0
0
0
0
0
0
0
0
0
0
0
0
0
0
0
0
0
0
0
0
0
0
0
-1.74455e-09
0
0
0
0
0
0
0
0
0
0
0
0
0
0
0
0
0
0
0
0
0
0
0
0
0
0
0
0
0
0
0
0
0
0
0
0
0
0
0
0
0
0
0
0
0
0
0
0
0
-8.10541e-06
0
0
0
0
0
0
0
0
0
0
0
0
0
0
0
0
0
0
0
0
0
0
0
0
0
0
0
0
0
0
0
0
0
0
0
0
0
0
0
0
0
0
0
0
0
0
0
0
-1.68805e-11
0
0
0
0
0
0
0
0
0
0
0
0
0
0
0
0
0
0
0
0
0
0
-0.000873046
0
0
0
0
0
0
0
0
0
0
0
0
0
0
0
0
0
0
0
0
0
0
0
0
0
0
0
0
-0.000157626
0
0
0
0
0
0
0
0
0
0
0
0
0
0
0
0
0
0
0
0
-1.8315e-05
0
0
0
-7.96829e-06
0
0
0
0
0
0
0
0
0
0
0
0
0
0
0
0
0
0
0
0
0
0
0
0
0
0
0
0
0
0
0
0
0
0
0
0
0
0
0
0
0
0
-1.92394e-05
0
0
0
0
0
0
0
0
0
0
0
0
0
0
0
0
0
0
0
0
0
0
-5.6083e-05
0
0
0
0
0
0
0
0
0
0
0
0
0
0
0
0
0
0
0
0
0
0
0
0
-0.00351636
0
0
0
0
-2.52605e-07
0
0
0
-0.000195174
0
0
0
0
0
-9.78341e-07
0
0
0
0
0
0
0
0
0
0
0
0
0
0
0
0
0
0
0
0
0
0
0
0
0
0
0
0
0
0
0
0
0
0
-2.03168e-06
0
0
0
0
0
0
0
0
-4.91322e-06
-1.49337e-07
0
-0.000287063
0
-1.45471e-05
0
-0.000399707
0
0
0
0
0
0
0
0
0
-0.00136542
0
0
0
0
0
0
0
0
0
0
0
0
-0.000150208
0
0
0
0
0
0
0
0
0
-5.68922e-10
0
0
0
0
0
0
0
0
0
0
0
0
0
0
0
0
0
0
0
0
0
0
0
0
0
-0.00172374
0
-0.000156757
0
0
0
0
0
0
0
0
0
0
0
0
0
0
0
0
0
0
0
0
0
0
0
0
0
0
0
0
0
0
0
0
0
0
-0.000357004
0
0
0
0
0
0
0
-0.000137245
0
0
-4.65571e-05
0
0
0
0
0
-2.7307e-05
0
0
0
0
0
0
0
0
0
0
0
0
0
0
0
0
0
0
0
0
0
0
0
0
0
0
0
0
0
0
0
0
0
0
0
0
-0.00254072
0
0
0
0
0
0
0
0
0
-9.87153e-05
0
0
0
0
0
0
0
0
0
0
0
0
0
0
0
0
0
0
0
0
0
0
0
0
-3.59236e-07
0
-4.66663e-05
0
0
0
0
0
0
0
0
0
-3.19145e-09
0
0
0
0
0
0
0
0
-0.000528681
0
0
0
0
0
0
0
0
-0.000241802
0
0
0
0
0
0
0
0
0
0
0
0
0
0
0
0
0
0
-5.20823e-11
0
0
0
0
0
0
0
0
0
0
0
0
0
0
0
0
0
0
0
0
0
0
0
0
0
0
0
0
0
0
0
0
0
0
0
0
0
0
0
0
0
0
0
0
0
0
0
0
0
0
0
0
0
0
0
0
0
0
0
-1.04484e-05
0
0
0
0
0
0
0
0
0
0
0
0
0
0
0
0
0
0
0
0
0
0
0
0
0
0
0
0
0
0
0
0
0
0
0
0
0
0
0
0
0
0
0
0
0
0
0
0
0
0
0
0
0
0
0
0
0
0
0
0
0
0
0
0
0
0
0
0
0
0
0
0
0
0
0
0
0
0
0
0
0
-3.83179e-09
0
0
0
0
0
0
0
0
0
0
0
0
0
0
0
0
0
0
0
0
0
0
0
0
0
-0.00528819
0
0
0
0
-1.02183e-05
0
0
0
0
0
-2.04883e-09
0
0
0
0
0
0
0
0
0
0
-1.5599e-06
0
0
0
-3.6435e-08
0
0
0
0
0
0
0
0
0
0
0
0
0
0
0
0
0
0
0
0
0
0
0
0
0
0
0
0
0
0
0
0
0
0
0
0
0
0
0
0
0
0
0
0
0
0
0
0
0
0
0
0
0
0
0
0
0
0
0
0
0
0
0
0
0
0
0
0
0
0
0
0
0
0
0
0
0
0
0
0
0
0
0
0
0
0
0
0
0
0
0
0
0
0
0
0
0
0
0
0
0
0
0
0
0
0
0
0
0
0
0
0
0
0
0
0
0
0
0
0
0
0
0
0
0
0
-2.17736e-07
0
0
0
0
-6.06575e-05
0
0
0
0
0
0
0
0
0
0
0
0
0
0
0
0
0
0
0
0
0
0
0
0
0
0
0
0
0
0
0
0
0
0
0
0
0
0
0
0
0
0
0
0
0
0
0
0
0
0
0
0
0
0
0
0
0
0
0
0
0
0
0
0
0
0
0
0
0
0
0
0
0
0
0
0
0
0
0
0
0
0
0
-0.000385809
0
0
0
0
0
0
0
0
0
0
0
0
0
0
0
0
0
0
0
0
0
0
-0.000226297
0
0
0
0
-1.05072e-05
0
0
0
0
0
0
0
0
0
-0.00166436
0
0
0
0
0
0
0
0
0
0
0
0
0
0
0
0
0
0
0
0
0
0
0
0
0
0
0
0
0
0
0
0
0
0
0
0
0
0
0
0
0
0
0
0
0
-2.40999e-09
0
0
0
-1.45933e-05
0
0
0
0
0
0
0
0
0
0
0
0
0
0
0
-0.000134231
0
0
-0.00425624
0
0
0
0
0
0
0
0
0
0
0
0
0
0
0
0
0
0
0
0
0
-1.26396e-06
0
0
0
0
0
0
0
0
0
0
-2.07387e-06
0
0
0
0
0
0
0
0
0
0
0
0
0
0
0
0
0
0
0
0
0
0
0
0
0
0
0
0
0
0
0
0
0
0
0
0
0
0
0
0
0
0
0
-0.000113413
0
0
0
0
0
-0.000213014
0
0
0
0
0
0
0
0
0
0
0
0
0
0
0
0
0
0
0
0
0
0
0
0
0
0
0
-6.77851e-06
0
0
0
0
0
0
0
0
0
0
0
0
0
0
0
0
0
0
0
-1.20771e-06
0
0
0
0
0
0
0
0
0
0
0
0
0
0
-2.87888e-16
0
0
0
0
-1.08056e-11
0
0
0
0
0
0
0
0
0
-0.00510364
0
0
0
0
0
0
0
0
0
0
0
0
0
0
0
0
0
0
0
0
0
0
0
0
0
0
0
0
0
0
0
0
0
0
0
0
0
0
0
0
0
0
0
0
0
0
0
0
0
0
-3.815e-06
0
0
0
0
0
0
0
0
0
0
0
0
0
0
0
0
0
0
0
0
0
0
0
0
0
0
0
0
0
0
0
0
0
0
0
0
-0.000380239
-0.00030544
0
0
-1.47833e-06
0
0
0
0
0
0
0
0
0
0
0
0
0
0
0
0
-0.0043165
0
0
0
0
0
0
0
0
0
0
0
0
0
0
0
0
0
0
0
0
0
0
0
0
0
0
0
0
-4.7197e-08
0
0
0
0
-0.00124779
0
0
0
0
0
0
0
0
0
0
0
0
0
0
0
0
0
0
0
0
0
0
0
0
0
0
0
0
0
0
0
0
0
0
0
0
0
0
0
0
0
0
0
0
0
0
0
0
0
0
0
0
0
0
0
0
0
0
0
0
0
0
0
0
0
0
0
0
0
0
0
0
0
0
0
0
0
0
0
0
0
0
0
-2.52348e-05
0
0
0
0
0
0
0
0
0
0
0
0
0
0
0
0
0
0
0
-0.00728997
0
0
0
0
0
0
0
0
0
0
0
0
0
0
0
0
0
0
0
0
0
0
0
0
0
0
0
0
0
-9.13745e-05
0
0
0
0
0
0
0
0
0
0
0
0
0
0
0
0
0
-0.000505688
0
0
0
0
0
0
0
0
0
0
0
0
0
0
0
0
0
0
0
0
0
0
0
0
0
0
0
0
0
0
0
0
0
0
0
-1.85915e-06
0
0
0
0
0
0
0
0
0
0
0
0
-0.000549022
0
0
0
0
0
0
0
0
0
-0.00173325
0
0
0
0
0
0
0
0
0
-1.41094e-07
0
0
0
0
0
0
0
0
0
0
-1.00311e-07
0
0
0
0
0
0
0
-6.99489e-05
0
0
0
0
0
0
0
0
0
0
0
0
0
0
0
0
0
0
0
0
0
0
0
0
0
0
0
-1.35654e-07
0
0
0
0
0
0
0
0
0
0
-0.000155391
0
0
0
0
0
0
0
0
0
0
0
0
0
0
0
0
0
0
0
0
0
0
0
0
0
0
0
0
0
0
0
0
0
0
0
-9.62472e-09
0
0
0
-0.00029803
0
0
0
0
0
0
0
0
0
0
0
0
0
0
0
0
0
0
0
0
0
0
0
-0.000215127
0
-5.52547e-05
0
0
0
0
0
0
0
0
0
0
0
0
0
0
0
-0.000252378
0
0
0
0
0
0
0
0
0
0
0
0
0
0
0
0
0
0
0
0
0
0
0
0
0
0
0
0
0
0
0
0
0
0
0
0
0
0
0
0
0
0
0
0
0
0
0
0
0
0
0
0
0
0
0
0
0
0
0
0
-0.000143357
0
0
0
0
-1.49444e-10
0
-5.77688e-06
0
0
0
0
0
0
0
0
0
0
0
0
0
0
0
0
0
0
0
0
0
0
0
0
0
0
0
0
0
0
0
0
0
0
0
0
0
0
0
0
0
0
0
0
0
0
0
0
0
0
0
0
0
-0.000394895
0
0
0
0
0
0
0
0
0
0
0
0
0
0
-2.16662e-05
0
0
0
0
-4.83752e-05
0
0
0
0
0
0
0
0
0
0
0
-0.000771963
0
0
0
0
0
0
0
0
0
0
0
-0.00452914
0
0
-0.000281445
0
0
0
0
0
0
0
0
0
-5.30241e-09
0
0
0
0
0
0
0
0
0
0
0
0
0
0
0
-1.86124e-06
0
0
0
0
0
0
0
0
0
0
0
0
0
0
0
0
0
0
0
0
0
-0.000244676
0
0
0
0
0
0
0
0
0
0
-0.00234006
0
0
0
-4.53226e-05
0
0
0
0
0
0
0
0
0
0
0
0
0
0
0
0
0
0
0
0
0
0
0
0
0
0
0
0
0
0
-5.75522e-07
0
0
0
0
0
0
0
0
0
0
0
0
0
0
0
0
0
0
0
0
0
0
0
0
-2.77554e-08
0
0
0
0
0
0
0
0
0
0
0
0
0
0
0
-1.3451e-08
0
0
0
0
0
0
0
0
0
0
0
0
0
0
0
0
0
0
0
0
0
0
0
0
0
0
0
0
0
0
0
0
0
0
0
0
0
0
0
0
0
0
0
0
0
0
0
0
0
0
0
0
0
0
0
0
0
0
0
0
0
0
0
0
0
0
0
0
0
0
0
0
0
0
0
0
0
0
0
-0.000667796
0
0
0
-0.00168674
0
0
0
0
-9.72105e-05
0
0
0
0
0
0
0
0
0
0
0
0
0
0
0
0
0
0
-2.33336e-06
0
0
0
0
0
0
0
0
0
0
0
0
0
0
0
0
0
0
0
0
0
0
0
0
0
0
0
0
0
0
0
0
0
0
0
0
0
0
0
0
0
0
0
0
0
0
0
0
0
-2.84568e-15
0
0
0
0
0
0
0
-0.00800915
0
0
0
0
0
0
0
0
0
0
0
0
0
0
0
0
0
0
0
0
0
0
-4.61655e-11
0
-4.4488e-05
0
0
0
0
0
0
0
0
0
0
0
0
-0.00370446
0
0
0
0
0
-0.00130069
0
0
-0.001333
0
0
0
-0.000360028
0
0
0
0
0
0
0
0
0
0
0
0
0
0
0
-2.06961e-06
0
0
-1.20181e-07
0
0
0
0
-2.26551e-05
0
0
0
0
0
0
0
0
0
0
0
0
0
0
0
-0.00234721
0
0
0
0
0
0
0
0
0
0
0
0
0
0
0
0
0
-8.28958e-13
0
0
0
0
0
-0.00729197
0
0
0
0
0
0
0
0
0
0
0
0
0
0
0
-0.00103064
0
0
0
0
0
0
-4.97171e-05
0
-0.0021243
0
0
0
0
0
-0.000118739
0
0
0
0
0
0
0
0
0
0
0
0
0
0
0
-0.000151062
0
0
0
0
0
0
0
0
0
0
0
-3.66233e-05
0
0
0
0
0
0
0
0
0
0
0
0
-0.00085752
0
0
0
0
0
0
0
0
0
0
0
0
0
0
0
0
0
0
0
0
-0.000642835
0
0
0
0
0
0
0
0
0
0
0
0
0
0
0
0
0
0
0
0
0
0
0
0
0
0
0
0
0
0
0
0
0
0
0
0
0
0
0
0
0
0
0
0
0
0
0
0
0
0
0
0
0
0
0
0
0
0
0
0
0
0
0
0
0
0
0
0
0
0
0
0
0
0
0
0
0
0
0
0
0
0
0
0
0
0
0
0
0
0
0
0
0
0
0
0
0
0
0
0
0
0
0
0
-0.000450093
0
0
0
0
0
0
0
0
0
0
0
0
0
0
0
-0.00147347
0
0
0
0
0
0
0
0
0
0
0
0
0
0
0
-0.000464987
0
0
0
0
0
0
0
-0.000477693
0
0
0
0
0
0
0
0
0
0
0
0
0
0
0
0
0
0
0
-0.000432471
0
-0.000103537
0
0
-0.000358326
0
0
0
0
0
0
0
-0.00167061
0
0
0
0
0
0
0
0
0
0
0
0
0
0
0
0
0
0
0
-7.09553e-08
0
0
0
0
0
0
0
0
0
0
0
0
0
0
0
0
0
0
-0.00131265
0
0
0
0
0
0
0
0
0
0
0
0
0
0
0
0
0
0
0
-1.73136e-11
0
0
0
0
0
0
0
0
0
0
0
0
0
0
0
0
0
0
0
0
0
0
0
0
0
0
0
0
0
0
0
0
0
0
0
0
0
0
0
0
0
0
0
0
0
0
-7.22739e-05
0
0
0
0
0
0
0
-7.20071e-06
0
0
0
0
0
0
0
0
0
0
0
0
0
0
0
0
0
0
0
0
0
0
0
0
0
0
0
0
0
0
0
0
0
0
0
0
0
0
0
0
0
0
0
0
0
0
0
-6.97089e-05
0
0
0
0
0
0
0
0
0
0
0
0
0
0
0
0
0
0
0
0
0
0
0
-5.45294e-08
0
0
0
0
0
0
0
0
0
0
0
0
0
0
0
0
0
0
0
0
0
0
0
0
0
0
0
0
0
0
0
0
0
0
0
0
0
0
0
0
0
0
0
0
0
0
0
0
0
0
0
0
0
0
0
0
0
0
0
0
0
0
0
0
0
0
0
0
0
0
0
0
0
0
0
0
-6.83693e-05
0
0
0
0
0
0
0
0
0
0
0
0
0
0
0
0
0
0
0
0
0
0
0
0
0
0
0
0
0
0
0
0
0
0
0
0
0
0
0
0
0
0
0
0
-0.000257356
0
0
0
0
0
0
0
0
0
0
0
0
0
0
0
0
0
0
0
0
0
0
0
-1.20283e-05
0
0
0
0
0
0
0
-2.98998e-06
0
0
0
0
0
0
0
0
0
0
0
0
0
0
0
0
0
0
0
0
0
0
0
0
0
0
0
0
0
0
0
0
0
0
0
0
0
0
0
0
0
0
0
-0.000184195
0
0
0
0
0
0
0
0
0
0
0
0
0
0
0
0
0
0
0
0
0
-9.73832e-06
0
0
0
0
-2.04892e-05
0
0
0
0
0
0
0
0
0
-8.14179e-06
0
-3.41923e-10
0
0
0
0
0
0
0
0
0
0
0
0
0
0
0
-4.27592e-07
0
0
0
0
0
0
-5.33264e-05
0
0
-0.0020809
0
0
-5.64537e-07
0
0
0
0
0
-0.0016064
0
0
0
-0.000265106
0
0
0
0
0
0
0
0
0
0
0
0
0
0
0
0
0
0
0
0
0
0
0
0
0
0
0
0
0
0
0
0
0
0
0
0
0
0
0
0
0
0
0
0
0
0
0
0
0
0
0
0
0
0
0
0
0
0
0
0
-1.15512e-05
0
0
0
0
0
0
0
0
0
0
0
0
0
0
0
0
0
0
-0.000481115
0
0
0
0
0
-3.1656e-14
0
0
0
0
0
0
0
0
0
0
0
0
0
0
0
0
0
0
0
0
0
0
0
0
0
0
0
0
0
-0.0284237
0
0
0
0
0
0
0
-0.000588696
0
0
0
0
0
0
0
0
0
0
0
0
0
-3.2091e-06
0
0
0
0
0
0
0
0
0
0
0
0
0
0
0
0
0
-2.08012e-07
0
0
0
0
0
0
0
0
0
0
0
-2.37593e-06
0
0
0
-0.00270113
0
0
0
0
0
0
0
0
0
0
0
0
0
0
0
0
0
0
-7.33684e-05
0
0
0
0
0
0
0
0
0
0
0
0
0
0
0
0
0
0
0
0
0
0
0
0
0
-6.79241e-05
0
-0.0159537
0
0
0
0
0
0
0
0
0
0
0
0
0
-0.00178041
0
0
0
0
0
0
0
0
0
0
0
0
0
0
0
0
0
0
0
0
0
0
0
0
0
0
0
0
0
0
-0.00299609
0
0
0
0
0
0
0
0
0
0
0
0
0
0
-0.000300771
0
0
0
0
0
0
0
0
0
0
0
0
0
0
0
0
0
0
0
0
0
0
0
0
0
0
0
0
0
0
0
0
0
0
0
0
0
0
0
0
0
0
0
0
0
0
0
0
0
0
0
0
0
0
0
0
0
0
0
0
0
0
-0.000411151
0
0
0
0
-3.8759e-05
0
0
0
0
-0.0003984
0
0
0
0
0
0
0
0
0
0
0
0
-6.40668e-09
0
0
0
0
0
0
0
0
0
-0.00542862
0
0
0
0
0
0
0
0
0
0
0
-0.000118713
0
0
0
0
0
0
0
0
0
0
0
0
0
0
0
0
0
0
0
0
0
0
0
0
0
0
0
0
0
0
0
0
0
0
0
0
0
0
0
0
0
-0.000434716
0
0
0
-0.000451931
0
0
0
0
0
0
0
0
0
0
0
0
0
0
0
0
0
0
0
0
0
0
0
0
0
0
0
0
0
0
0
0
0
0
0
0
-0.00168964
0
0
0
0
0
0
0
0
0
0
0
0
0
0
0
0
0
0
0
0
0
0
0
0
-0.000663775
0
0
0
0
0
0
0
0
0
0
0
0
0
0
0
0
0
0
0
0
0
-0.000462985
0
0
0
0
0
0
0
0
0
0
0
0
0
-8.12059e-05
0
0
0
0
0
-0.00921291
0
0
0
0
0
0
0
0
0
0
0
0
0
0
0
0
0
0
0
0
0
0
0
0
0
0
0
0
0
0
0
0
0
0
0
0
0
0
0
0
-0.0156725
0
0
0
0
0
0
0
0
-0.0113335
0
0
0
0
0
0
0
0
0
0
0
0
0
0
0
0
0
0
0
0
0
0
0
0
0
0
0
0
0
0
-1.58538e-05
0
0
0
0
0
0
0
0
0
0
0
0
0
0
0
0
0
0
0
0
-0.00132984
0
0
0
0
0
0
0
0
0
0
0
0
0
0
0
0
0
0
0
0
0
0
0
0
-1.21789e-05
0
0
0
0
0
0
0
0
0
0
0
0
0
0
0
0
0
0
0
0
0
0
0
0
0
0
0
0
0
0
0
0
0
0
0
0
0
0
0
0
0
0
0
0
0
0
0
0
0
0
0
0
0
0
0
0
0
0
0
0
0
0
0
0
0
0
0
0
0
0
0
0
0
0
0
0
0
0
0
0
0
0
0
0
0
0
0
0
0
0
0
0
0
0
0
0
0
0
0
0
0
0
0
0
0
0
0
0
0
0
0
0
0
0
0
0
0
0
0
0
0
0
0
0
0
0
0
0
0
0
0
0
0
0
0
0
-6.14839e-11
-0.000314497
0
0
0
0
0
0
0
0
0
0
0
0
0
0
0
0
0
0
0
0
0
0
0
0
0
0
0
0
0
0
0
0
0
0
0
0
0
0
0
0
0
0
0
0
0
0
0
0
0
0
-1.18496e-05
0
0
-4.08118e-05
0
0
0
0
0
0
0
0
0
0
-7.3256e-06
0
0
0
0
0
0
0
0
0
0
-4.35634e-09
0
0
0
0
0
0
0
0
0
0
0
0
0
0
0
0
0
0
0
0
0
0
0
0
0
0
0
0
0
0
0
0
0
0
0
0
0
0
0
-0.000750195
0
0
0
0
0
0
0
0
0
0
0
0
0
0
0
0
0
0
0
0
0
0
0
0
0
0
0
0
0
0
0
0
0
0
0
0
0
0
0
0
0
0
0
0
0
0
0
-0.00173979
0
0
0
0
0
0
0
0
0
0
0
0
0
0
0
0
0
0
0
0
0
0
0
0
0
0
0
0
-9.92585e-07
0
0
-6.54897e-06
0
0
0
0
0
0
0
0
0
0
0
0
0
-0.000135088
0
0
0
0
0
0
0
0
0
0
0
0
0
0
0
0
0
0
0
0
0
0
0
0
0
0
0
0
0
0
0
0
0
0
0
0
0
0
0
0
0
0
0
0
0
0
0
0
0
0
-0.000429676
0
0
0
0
0
0
0
0
0
-3.72657e-07
0
0
0
0
0
0
0
0
0
0
0
0
0
0
0
0
0
0
0
0
0
0
0
0
0
0
0
0
0
0
0
0
0
0
0
0
0
0
0
0
-0.00209306
0
0
0
0
0
0
0
0
0
0
0
-0.00671243
0
0
0
0
-0.00548902
0
0
0
-1.4833e-05
0
0
-4.98348e-05
0
0
0
0
0
0
0
0
0
-5.37646e-05
0
0
0
0
0
0
0
-3.36034e-07
0
0
0
0
0
0
0
0
0
0
0
0
0
0
0
0
0
0
0
0
0
0
0
0
0
0
0
0
0
0
0
0
0
0
0
0
0
0
0
0
0
0
0
0
0
0
0
0
0
0
0
0
0
0
0
0
0
0
0
0
0
0
0
0
0
0
0
0
0
0
-1.1179e-09
0
0
0
0
0
0
0
-0.000376656
0
0
0
0
-3.73545e-06
0
0
0
0
0
0
-1.50758e-05
0
0
0
0
0
0
0
-1.37545e-09
0
0
0
0
0
-0.00167244
-0.000894565
0
0
0
-1.27723e-07
0
0
0
0
0
0
0
0
0
0
0
0
0
0
0
0
0
-1.67079e-06
0
0
0
0
0
0
0
0
0
0
0
0
0
0
0
0
0
0
0
0
0
0
0
0
0
0
0
0
0
0
0
0
0
0
0
0
-6.08865e-07
0
0
0
0
0
0
0
0
0
0
0
0
0
0
0
0
0
0
0
0
0
0
0
0
0
-0.00567846
0
-5.00599e-09
0
0
0
0
0
0
0
0
0
0
0
0
0
0
0
0
0
0
0
0
0
0
0
0
0
0
0
0
0
0
-3.86033e-08
0
0
0
-0.000426311
0
0
0
0
0
0
0
0
-0.0047749
0
0
-7.46371e-05
0
0
0
0
0
0
0
0
0
0
0
0
0
0
0
0
0
0
0
0
0
0
0
0
0
0
0
0
0
0
0
0
0
0
0
0
0
0
0
0
0
0
0
0
0
0
0
0
0
0
0
0
0
0
0
0
0
0
-1.95562e-06
0
0
0
0
0
0
0
0
0
0
0
0
0
-0.000338594
0
0
0
0
0
0
0
0
0
0
0
0
0
0
0
0
0
0
-0.00170346
0
0
0
0
0
0
0
0
0
0
0
0
0
0
0
0
0
0
-0.00082694
0
0
0
-4.31792e-09
-7.27589e-07
0
0
0
0
0
0
0
0
0
0
0
0
0
0
0
0
0
0
-3.95109e-07
0
0
0
0
0
0
0
0
0
0
0
0
0
0
0
0
0
0
0
0
0
0
0
0
-0.000527233
0
0
0
0
0
0
-0.00482245
0
0
0
0
0
0
0
0
0
0
0
0
0
0
0
0
0
0
0
0
-3.76412e-06
0
0
-0.000588165
0
0
0
0
0
0
0
0
0
0
0
0
0
0
0
0
0
0
0
0
0
0
0
0
0
0
0
0
0
0
0
0
0
0
0
0
0
0
0
0
0
0
0
0
0
0
0
0
0
0
0
0
-0.000540766
0
0
0
0
0
0
0
0
0
0
0
0
0
-0.00267297
0
0
0
0
0
0
0
0
0
-0.00092996
0
0
0
0
0
0
0
0
0
-3.2748e-07
0
0
0
0
0
0
0
0
0
0
0
0
0
0
0
0
0
0
0
0
-1.10178e-05
0
0
-1.58963e-07
0
0
0
0
0
0
-0.000107851
0
0
0
0
-6.50023e-05
0
0
0
0
0
0
0
0
0
0
0
0
0
0
0
0
0
-2.65978e-05
0
0
0
0
0
0
0
0
0
0
0
0
0
0
0
0
0
0
0
0
-1.17484e-08
0
0
0
0
0
0
0
0
0
0
0
0
0
0
0
0
0
0
0
0
0
0
0
0
0
0
0
0
0
0
0
0
0
0
-3.79477e-05
0
0
0
0
0
0
-0.00219183
0
-1.31135e-07
0
0
0
0
0
0
0
0
0
0
0
0
0
0
0
0
0
0
0
0
0
0
0
0
0
0
0
0
0
0
0
0
0
0
0
-1.28981e-05
0
0
0
0
0
0
0
0
0
0
0
0
0
0
0
0
0
0
0
0
0
0
0
0
0
0
0
0
0
0
0
0
0
0
0
0
0
0
0
0
0
0
0
0
0
0
0
0
0
0
0
0
0
0
0
0
0
0
0
0
0
0
0
0
0
0
0
0
0
0
0
0
0
0
0
0
0
0
0
0
0
0
-1.3864e-05
0
0
0
0
0
0
0
0
0
0
0
0
0
0
0
-0.000628705
0
0
0
0
0
0
0
0
0
0
0
-7.91152e-06
0
0
0
0
0
0
0
0
0
0
0
0
0
0
0
0
0
0
0
0
0
0
0
0
0
0
0
0
0
0
0
0
0
0
0
0
0
0
-1.13766e-05
0
0
0
0
0
0
0
0
0
0
0
0
0
0
0
0
0
0
0
0
0
0
0
0
0
0
0
0
0
0
0
0
0
-0.00326935
0
0
0
0
0
0
0
0
-0.0028312
0
0
0
0
0
-0.000149887
0
0
0
0
0
0
0
0
0
