73565	73664
74885	74964
75616	75727
76115	76212
76430	76513
76755	77194
126375	126843
127936	128008
128037	128187
128238	128552
136382	136516
138988	139278
139863	140043
141081	141319
141890	142570
142740	142925
143242	143832
144318	144626
146648	146799
148220	148870
149536	149882
150383	150549
154205	154426
154500	154769
154927	155118
155126	155242
241739	241859
242639	242718
242877	242939
243501	243556
244184	244310
247709	247828
248463	248572
249228	249330
250819	250941
259794	259842
259956	260083
260181	260255
260350	260445
260676	260804
262683	262784
331541	331640
336605	336699
339101	339199
340344	340441
342137	342200
343033	343349
344856	344926
347379	347464
347544	347618
356091	356340
356525	356649
357233	357339
357422	357617
357690	357860
359571	359794
361083	361148
361779	361842
362523	362594
362716	362790
363267	363368
363519	363959
365698	365829
370658	370801
371979	372083
378409	378438
379466	379711
410405	410559
412591	412717
413639	413779
421809	421967
422629	422823
426316	426417
429736	429893
432030	432154
433922	434240
505326	505436
506692	506913
507072	507109
510852	511000
511584	511668
512231	512297
514379	514518
515515	515721
541383	541641
541729	541816
542996	543077
543940	544074
544527	544625
545112	545210
545324	545425
545485	545628
546366	546476
546786	546876
547338	547537
548247	548454
548573	548857
551521	551981
554336	554417
554807	554941
555085	555183
556586	556696
556875	556965
557102	557301
557567	557651
557722	557888
558939	558992
559182	559316
559398	559499
559585	559686
559766	559867
559965	560075
560246	560336
560641	560840
561025	561109
561939	562199
582689	582747
582786	582844
586050	586213
640643	640694
641033	641224
641854	641907
642122	642292
642476	642505
642811	642839
642992	643084
682971	683191
686944	686986
687029	687104
689648	689812
694793	694915
697606	697891
699104	699195
709486	709692
710264	710363
710835	710969
712641	712839
713079	713210
713549	713648
714218	714389
714963	715107
715282	715336
715410	715561
715854	716412
783545	783595
784229	784418
787639	787805
787905	787965
788255	788454
789039	790275
1007905	1007997
1011975	1012010
1014490	1014657
1015382	1015444
1015840	1015936
1016044	1016120
1017464	1017721
1017940	1018110
1018863	1019000
1020331	1020681
1027666	1028115
1998169	1999413
2869082	2869934
2872006	2872163
2872654	2872719
2878727	2878883
2879651	2879712
2879808	2879972
2881303	2881359
2882547	2882735
3209560	3209913
3212020	3212526
3217786	3218046
3219479	3220004
3222913	3223043
3263880	3264023
3265121	3265237
3266106	3266272
3268187	3268281
3268801	3268857
3270596	3270737
3271685	3271836
3272461	3272534
3272863	3272961
3273282	3273354
3273500	3273597
3276325	3276343
3279300	3279307
3313693	3313818
3314103	3314199
3314445	3314511
3314644	3314718
3315028	3315084
3316774	3316898
3318625	3318754
3319904	3320050
3320178	3320282
3321288	3321417
3322046	3322108
3322266	3322330
3323800	3323967
3827388	3827500
3828575	3828658
3829702	3829818
3836175	3836285
3895964	3896223
3897770	3897844
3902922	3902957
3903679	3903803
3905336	3905440
3905753	3905915
3906436	3906516
3907241	3907369
3908035	3908151
3909434	3909602
3911312	3911437
3912420	3912601
3913890	3914075
3915043	3915182
3915399	3915571
3916663	3916797
3918583	3918696
3919743	3919941
3920368	3920540
3921430	3921541
3922400	3922744
3936004	3936038
3936952	3937076
3937425	3937629
3938061	3938204
3938582	3938646
3939265	3939420
3940442	3940538
3941716	3941753
3942313	3942452
4020216	4020243
4031044	4032860
4037793	4037875
4049468	4049533
4051740	4051995
4055933	4056039
4056782	4056896
4096670	4096691
4096717	4097253
4100159	4100304
4105693	4105818
4111678	4111962
5485170	5485242
5498838	5498867
5506166	5506335
5514320	5514368
5522960	5523094
5527598	5527632
5528915	5529014
5537929	5538020
5538530	5538688
5540845	5540908
5550740	5550874
5569112	5569231
5575721	5575893
5576079	5576176
5578068	5578081
5579621	5579764
5584526	5584697
5585993	5593875
5784690	5784785
5785589	5785789
5787265	5787591
5815898	5816111
5825889	5826141
5826998	5829756
5830381	5830725
5901427	5901582
5902024	5902235
5905415	5905684
5908301	5908472
5909995	5910193
5911047	5911359
5912383	5912467
5913066	5913205
5913986	5914136
5915044	5915150
5915336	5915584
5915965	5916047
5917612	5917781
5918299	5918384
5918832	5918930
5924179	5924244
5927975	5928040
5929501	5929579
5931203	5931334
5931474	5931583
5932222	5932375
5933302	5933462
5934439	5934636
5934852	5935043
5935185	5935261
5935561	5936597
5952802	5952872
5954682	5954736
5955520	5955552
5957953	5958048
5959631	5959737
5965881	5965929
5967515	5967590
5970478	5970600
5973847	5973875
5978845	5978973
5980707	5980844
5981927	5982024
5982631	5982711
5984025	5984073
5984375	5984498
5984674	5984829
5985013	5985098
6315816	6315999
6317695	6317897
6320054	6320200
6321251	6321327
6323374	6323508
6324579	6324660
6325901	6326016
6326685	6326834
6327803	6327896
6328552	6328710
6329396	6329526
6330267	6330346
6330495	6331482
6334173	6334179
6334955	6335275
6336050	6336154
6336738	6336872
6337094	6337268
6337971	6338136
6338655	6338822
6340152	6340268
6341307	6341506
6342417	6342517
6343522	6343623
6343722	6343839
6344183	6344411
6345225	6345384
6346031	6346149
6347028	6347141
6347854	6347999
6348184	6348226
6348605	6349421
6349444	6349574
6349606	6350256
6350293	6350684
6467654	6467760
6469171	6469248
6472162	6472266
6473517	6473630
6475409	6475555
6477239	6477307
6477997	6478137
6478568	6478639
6480794	6480949
6483352	6483428
6489028	6489073
7072431	7072473
7076358	7076496
7083078	7083219
7089352	7089432
7089525	7089584
7092226	7092319
7092446	7092536
7093641	7093745
7094333	7094494
7094909	7095064
7096274	7096376
7097902	7098114
7098514	7098687
7099541	7099611
7100900	7101560
7103276	7103285
7103580	7103725
7104684	7105355
7107258	7107404
7108989	7109118
7110489	7110573
7113419	7113443
7128850	7128982
7130796	7130958
7132927	7135019
7263619	7263657
7275359	7275460
7281571	7281595
7290287	7290482
7291515	7291662
7294214	7294300
7296608	7296713
7297977	7298129
7299402	7299490
7302721	7302901
7303642	7303770
7304711	7304801
7305727	7305829
7306620	7306757
7307494	7307727
7309405	7309578
7311012	7311201
7314517	7314613
7316325	7316426
7319149	7319275
7320028	7320206
7320880	7321045
7323619	7324317
7324339	7324688
7324763	7326144
8065126	8065212
8066820	8066953
8093313	8093427
8093866	8093935
8096208	8096376
8106647	8106869
8109886	8109974
8111790	8111831
8113052	8113113
8115227	8115291
8117497	8117636
8127305	8130683
8130709	8133111
8607273	8607413
8608551	8608665
8608757	8608826
8609881	8610025
8615573	8615792
8620847	8620938
8623668	8623709
8629200	8629357
8633427	8633494
8639237	8639379
8640906	8641311
8641537	8641687
8644573	8644672
8864265	8864358
8870618	8870737
8871228	8871370
8873099	8873213
8873549	8873618
8874960	8875137
8879632	8879854
8882512	8882603
8883765	8883806
8887015	8887181
8893366	8893433
8894893	8895032
8895817	8896269
8990068	8990218
8990437	8990704
8996132	8997386
9008680	9010068
9013150	9013217
9036030	9036102
9039006	9039098
9041017	9041095
9073769	9073800
9130748	9131965
9138485	9143552
9143929	9145937
9170860	9172252
9172763	9173068
9178153	9178289
9186340	9186421
9198858	9198983
9208231	9208273
9225895	9225962
9228499	9228710
9230825	9230893
9233800	9233930
9238968	9239061
9245087	9245158
9247794	9247974
9249178	9249372
9261607	9261801
9279886	9279903
9299935	9300008
9403835	9403981
9406348	9406362
9781004	9781085
9783225	9783274
9784839	9784928
9788508	9788576
9790113	9790187
9791476	9791550
9798601	9798672
9799748	9799819
9803586	9803647
9805179	9805255
9807213	9807273
9808968	9809065
9811032	9811116
9811299	9811361
9812360	9812463
9813713	9813799
9814147	9814214
9815501	9815539
9816762	9816833
9817274	9817426
9817528	9817580
9820521	9820576
9820733	9820862
9822184	9822296
9825247	9825329
9833010	9835060
9835120	9837694
9901424	9901589
9906201	9906313
9906918	9907032
9911149	9911276
9913143	9913263
9918254	9918372
9926901	9927075
9928498	9928625
9930021	9930123
9931928	9932067
9934075	9934113
9934585	9934681
9937366	9937440
9938031	9938177
9938862	9938968
9940831	9940976
9942984	9947059
10285522	10285630
10289729	10289799
10291530	10291586
10299788	10299832
10300565	10300622
10308266	10308307
10309592	10309617
10312150	10312264
10329131	10329525
10350483	10350776
10353153	10353215
10354556	10354675
10358436	10358526
10362276	10362395
10364222	10364364
10366353	10366467
10368601	10368670
10371322	10371466
10376180	10376239
10386148	10386236
10388168	10388207
10389469	10389626
10392915	10392933
10397775	10398188
10422157	10422208
10423700	10423874
10436460	10436544
10436903	10436942
10439713	10439786
10443583	10443680
10444017	10444032
10447149	10447229
10455341	10455452
10455801	10455918
10459503	10459627
10461383	10461445
10465670	10465776
10469120	10469142
10474637	10474721
10475030	10475098
10475413	10475548
10496055	10496192
10499137	10499170
10501354	10501379
10505386	10505428
10509551	10509692
10513765	10513922
10517743	10517871
10522476	10522605
10522797	10522950
10523640	10524989
11896261	11896332
11899162	11899218
11899905	11899974
11900393	11900449
11900580	11900668
11901090	11901159
11902147	11902196
11903488	11903592
11904532	11904591
11905226	11905269
11906828	11906916
11911331	11911408
11913529	11913606
11914077	11914169
11915446	11915663
11915952	11916021
11916651	11916733
11917345	11917398
11921127	11921252
11921688	11921743
11922166	11922197
11923720	11923781
11925296	11925391
11929643	11929713
11930240	11930334
11931478	11931597
11933036	11933097
11934992	11935096
11935247	11935340
11935994	11937488
11983132	11983885
11986608	11989539
12009921	12010028
12013252	12013344
12017683	12017821
12021878	12021919
12027264	12027359
12029538	12029672
12038810	12038922
12079520	12079583
12082706	12082785
12082834	12083548
12087010	12087165
12088412	12088803
12104158	12104308
12106143	12106288
12107709	12107843
12109114	12109290
12110273	12110344
12111516	12111746
12115363	12115440
12152760	12152900
12153175	12153261
12153724	12153853
12154209	12154407
12155083	12155162
12155731	12155843
12156411	12156554
12157468	12157628
12158852	12158937
12159010	12159098
12159323	12159398
12159494	12159550
12173760	12173842
12177628	12177663
12178670	12178751
12179537	12179636
12179955	12180086
12180727	12180799
12180944	12181039
12181302	12181466
12181978	12182065
12182705	12182907
12183449	12183545
12183656	12183925
12250621	12250734
12253101	12253393
12258892	12258941
12260221	12260409
12261564	12261598
12941908	12942005
12948914	12948970
12955802	12955818
12958339	12958420
12965006	12965117
12965515	12965744
12967368	12967448
12967622	12967680
12971806	12971978
12972984	12973022
12974626	12974838
12976204	12976334
12977392	12977509
12977657	12977766
12978600	12978641
12978657	12978861
12979773	12979871
12980614	12980778
12981767	12982075
12983707	12983961
12984130	12984274
12984987	12985240
12985395	12985451
12986302	12986865
12989717	12990018
12991740	12991828
12992192	12992283
12993110	12995382
13146314	13146338
13148466	13148844
13150682	13150766
13150877	13150978
13151669	13151813
13156046	13156157
13159168	13159296
13159519	13159644
13159942	13160003
13160355	13160515
13161369	13161495
13162222	13162323
13164078	13164207
13165253	13165344
13166027	13166761
13168534	13168731
13168897	13169138
13169305	13169478
13169559	13169708
13170878	13171034
13172831	13172941
13173123	13173348
13173942	13174079
13174824	13175023
13176255	13176457
13177123	13177303
13177387	13177505
13178082	13178320
13305180	13305317
13324277	13324479
13328848	13329016
13331321	13331406
13332384	13332478
13332583	13332687
13336547	13336695
13338008	13338197
13338501	13338663
13340129	13340197
13340445	13340484
13341090	13341316
13342814	13342985
13344560	13344804
13347343	13347481
13350524	13350555
13351587	13351635
13354305	13354827
13354848	13355480
13574158	13574217
13579511	13581526
13585627	13585692
13585798	13586023
13589866	13589969
13592168	13592314
13593907	13593997
13597092	13597222
13597868	13597973
13599838	13599995
13604746	13605006
13605238	13605332
13605545	13605686
13606977	13607053
13607272	13607342
13607563	13607813
13630496	13630599
13630734	13630790
13633157	13633218
13654963	13655010
13656403	13656491
13659538	13659567
13666907	13667002
13686963	13687015
13688087	13688170
13696581	13696687
13697957	13698110
13699302	13699403
13699974	13700048
13700803	13700868
13701000	13701138
13702572	13705372
13714799	13714887
13715725	13715917
13717003	13717237
13718027	13718159
13718938	13719049
13719194	13719282
13719630	13719786
13720356	13720500
13722762	13723091
13726332	13726473
13729854	13729871
13863452	13863567
13863621	13863732
13868785	13868826
13869192	13869444
13873426	13875034
13904652	13904787
13905059	13905180
13908523	13908640
13910046	13910168
13913251	13913491
13919000	13919331
13922150	13922250
13924377	13924527
13928767	13928902
13931453	13931564
13938772	13938872
13940234	13941191
13947921	13947988
13948014	13948153
13952027	13952217
13952708	13952872
13955497	13955649
13955761	13955843
13956789	13956936
13959248	13959361
13960113	13960190
13960383	13960478
13961890	13961996
13963334	13963403
13963717	13963809
13963911	13964006
13964894	13965124
13966556	13966610
13966924	13967069
13968216	13968299
13969150	13969263
13969933	13970039
13970340	13970648
13971399	13971523
13972028	13972215
13973086	13973098
13975036	13975203
13975548	13975648
13975897	13975980
13976774	13976847
13977370	13977811
13978159	13978458
14025625	14025700
14026404	14026483
14030049	14030117
14031917	14031986
14032375	14032469
14032814	14032957
14033123	14033224
14034323	14034513
14035881	14036051
14036431	14036620
14036994	14037131
14038364	14038453
14038556	14039027
14039068	14039582
14152181	14152334
14155074	14155182
14156651	14156697
14157681	14157751
14158316	14158356
14159116	14159217
14160665	14160760
14161515	14161570
14162525	14162623
14163769	14163866
14167500	14167662
14168522	14168601
14171815	14171823
14469667	14470455
14471816	14471996
14476311	14476432
14479189	14479357
14482434	14482528
14483951	14484096
14497748	14497893
14504343	14504446
14566186	14566407
14567693	14567875
14570699	14570848
14571495	14571629
14574750	14574917
14576335	14576450
14580421	14580616
14581412	14581601
14582205	14582268
14582963	14583166
14588760	14588844
14589009	14589126
14589464	14589652
14590577	14590776
14591174	14591281
14591788	14591856
14591966	14592177
14592836	14592989
14593349	14593549
14593872	14593973
14595706	14595871
14600213	14600273
14600487	14600541
14601909	14602126
14606298	14606408
14606938	14607066
14610642	14610778
14613130	14613310
14613663	14613827
14614499	14614616
14617533	14617703
14620531	14620730
14622484	14622569
14623674	14623686
14624262	14624403
14624514	14624627
14624738	14624815
14630671	14630761
14631267	14631312
14642055	14642223
14642832	14642928
14643998	14644062
14652755	14652880
14659617	14659730
14659841	14659957
14660039	14660123
14664562	14664679
14667549	14667717
14668261	14668377
14670955	14671103
14675065	14675158
14677657	14677713
14679370	14679500
14680307	14680395
14681437	14681486
14687207	14687365
14687880	14687996
14717226	14717252
14719404	14719501
14730543	14730583
14737589	14737635
14738589	14738692
14741567	14741606
14742374	14742450
14747743	14747806
14750475	14750578
14752248	14752352
14755531	14755572
14761659	14761734
14764318	14764371
14767441	14767502
14771290	14771336
14771985	14772166
14774426	14774553
14777975	14778077
14780715	14780772
14783475	14783548
14786994	14788942
14882779	14883372
14883825	14883947
14884237	14884413
14885232	14887220
14887241	14887344
14895222	14895300
14896023	14896080
14896157	14896760
14897627	14897777
14898916	14899293
14899486	14899558
14900035	14900283
14901388	14901586
14903172	14903312
14904233	14904661
14905755	14905922
14908049	14908155
14908714	14908836
14909929	14910083
14911046	14911099
14911620	14911686
14912472	14912572
14913607	14913751
14913956	14914038
14915196	14915952
15174774	15174910
15175949	15176048
15180282	15180405
15181628	15181748
15189215	15189276
15191163	15191295
15191775	15191800
15193569	15193660
15195205	15195296
15196189	15196237
15197059	15197130
15198395	15198438
15198537	15198646
15199843	15199997
15203666	15203813
15204278	15204371
15205437	15205521
15207214	15207282
15207840	15210759
15210784	15211729
17707774	17707851
17707924	17708202
17933586	17933627
17933909	17933991
17935154	17935264
17937554	17937645
17938657	17938833
17939992	17940090
17941676	17941753
17942514	17942609
17943450	17943590
17945125	17945899
19131291	19131369
19133114	19133298
19136320	19136476
19136882	19136994
19137791	19137981
19140001	19140141
19141013	19141239
19141371	19141566
19144000	19144194
19145430	19145544
19146855	19147032
19147662	19147732
19148110	19148201
19148954	19149000
19149549	19149652
19150734	19150764
19151877	19152055
19152560	19152706
19153504	19153625
19154434	19154533
19154932	19155096
19156536	19156709
19157470	19157619
19159243	19159350
19160025	19160162
19160917	19161008
19161687	19161711
19162056	19162211
19189775	19189899
19190329	19190381
19196145	19197596
19199466	19201274
19237618	19237765
19250529	19250591
19252699	19252777
19255077	19255185
19255406	19255572
19256422	19256562
19259040	19259150
19260524	19260663
19261939	19262111
19263720	19263831
19266374	19269637
19274393	19274596
19275527	19275707
19278692	19278822
19279183	19279463
19279820	19279970
19281253	19281438
19282486	19282642
19283288	19283469
19284321	19284346
19284673	19284700
19299904	19299952
19844757	19844981
19847588	19847683
19850911	19851054
19853434	19855189
19864446	19864461
20693440	20693473
20697126	20697259
20701033	20701105
20702429	20702520
20706281	20706391
20708233	20708280
20709448	20709562
20716486	20716616
20725335	20725625
20729679	20729834
20736161	20736321
20738618	20738703
20739853	20739897
20740339	20740495
20741773	20741978
20743257	20743392
20746351	20746445
20747900	20747985
20750120	20750225
20751219	20752069
20752095	20753073
21145429	21145581
21149687	21149739
21152765	21152798
21165941	21166261
21169976	21170110
21171376	21171462
21172021	21172117
21177018	21177041
21181883	21182051
21185301	21185343
21185723	21185876
21188924	21189444
21190547	21190655
21192096	21192956
21192977	21194869
21242913	21243029
21243753	21243818
21244388	21244489
21246682	21248377
21249476	21249738
21250590	21250721
21250829	21251004
21251239	21251394
21253756	21253966
21257516	21257691
21261368	21261538
21262942	21263118
21264481	21264729
21265153	21265338
21267573	21268643
21310053	21310294
21310885	21310938
21316658	21316901
21321640	21321849
21348629	21348756
21350554	21350682
21351426	21351562
21355369	21355556
21356327	21356393
21356876	21357036
21358632	21358751
21359925	21360023
21360113	21360214
21365959	21366063
21367603	21367712
21368361	21368522
21370737	21370874
21370975	21374579
21374610	21375644
21739411	21740196
21740378	21740661
21740666	21740870
21769463	21770150
21771224	21771400
21772033	21772117
21772859	21772926
21773038	21773184
21774167	21774245
21774327	21774454
21774619	21774767
21775964	21776086
21776236	21776347
21776883	21776942
21777036	21777103
21780810	21780931
21782946	21783075
21783935	21784045
21785317	21785425
21785796	21785936
21787892	21788059
21790234	21790329
21791948	21792063
21792241	21792329
21792650	21792826
21793285	21795811
22106427	22106478
22107238	22107322
22114693	22114816
22116959	22117118
22122087	22122191
22123315	22123344
22123723	22123846
22126504	22126562
22128075	22128125
22128607	22128691
22130641	22130767
22131770	22133397
22359836	22360022
22368769	22368860
22372292	22372374
22378416	22378482
22386601	22386675
22390931	22391038
22393881	22394024
22399229	22400777
23259182	23259294
23259492	23259585
23260030	23260292
23261006	23261087
23466038	23466145
23483240	23483464
23488209	23489859
23496240	23496443
23501817	23501916
23504366	23504516
23505569	23505823
23508938	23509055
23511424	23511690
23513034	23513129
23513561	23513640
23514745	23514831
23514915	23515014
23516792	23516944
23517220	23517407
23519790	23519968
23523385	23523590
23523819	23524004
23525777	23525837
23526720	23526852
23528887	23528988
23530653	23530722
23530760	23530899
23649628	23649721
23654464	23654586
23655192	23655238
23668872	23668909
23670034	23670145
23670387	23670521
23672924	23673036
23675925	23676000
23676359	23676415
23681341	23681453
23686533	23686638
23687055	23687168
23688982	23689134
23697678	23698014
23700957	23701234
23704071	23704335
23711327	23711553
24261850	24261997
24283062	24283111
24291894	24291924
24297109	24297170
24304091	24304135
24305304	24305395
24310552	24310585
24314355	24314597
24324357	24324476
24334502	24334616
24339139	24339214
24347090	24347237
24348151	24348531
25363345	25363589
25371481	25371539
25371646	25371782
25373997	25376462
25772577	25772718
25780735	25780908
25784302	25784416
25787683	25790962
25796068	25797335
25805723	25805865
25808103	25808377
25812590	25813055
25841750	25841852
27248719	27248840
27251907	27252003
27252665	27254085
27323400	27324473
27325398	27325547
27326760	27326911
27327649	27327743
27331147	27331318
27335972	27336029
27338182	27338376
27369517	27369543
27394555	27394633
27405982	27405996
27408184	27408205
27417723	27417909
27418476	27418555
27421669	27421764
27429959	27430021
27434587	27434665
27454864	27454963
27459308	27459413
27462261	27462457
27463403	27463525
27463901	27464071
27464509	27464565
27466558	27466669
27468594	27468778
27470224	27470355
27478100	27478243
27479257	27479368
27479685	27479851
27479943	27480090
27480648	27480772
27482041	27482070
27483446	27483547
27486373	27486570
27486683	27486753
27487613	27487838
27488124	27488239
27491719	27491923
27492083	27492169
27493232	27493408
27494493	27494528
27501801	27501866
27502386	27502511
27503553	27503705
27507180	27507311
27510414	27510492
27519890	27523415
27642604	27642687
27643082	27643133
27645706	27645750
27670894	27670908
27671590	27671688
27678135	27678211
27679746	27679766
27690936	27691035
27699197	27699326
27701751	27701923
27703833	27703928
27704772	27704978
27706218	27706314
27706471	27706652
27707791	27707915
27709930	27710047
27711661	27711811
27712301	27712428
27713737	27713912
27714432	27714512
27930273	27930293
27936590	27936648
27944678	27944747
27962361	27962502
27970827	27970915
27972142	27972198
27979949	27980110
27983694	27983745
27991749	27991846
27993079	27993153
27997535	27997543
28001495	28001748
28003298	28003400
28006267	28006365
28020966	28020983
28023145	28023192
28024447	28024545
28026465	28026527
28030034	28030135
28033600	28033716
28039521	28041862
28324152	28324244
28327687	28327738
28328822	28328913
28332050	28332091
28332425	28332604
28333049	28333104
28348962	28349212
28352759	28352838
28355805	28355924
28358415	28358555
28831334	28831365
28832164	28832280
28833323	28833468
28833789	28833986
28834719	28834879
28835549	28835613
28835863	28835977
28837984	28838093
28840952	28841135
28841937	28841999
28842667	28842825
28854318	28854356
28860415	28860474
28879456	28879625
28892509	28892561
28894954	28895117
28900116	28900210
28903248	28903380
28908549	28908582
28911434	28911711
28912514	28912550
28938530	28938648
28952336	28952435
28967227	28967247
28967899	28968036
28969841	28969858
28989920	28990017
28996483	28996526
28998262	28998317
29008143	29008180
29011150	29011198
29011905	29011991
29014562	29014614
29020893	29021009
29021793	29021952
29034931	29035017
29037569	29037625
29047757	29047886
29056227	29056855
29077863	29077892
29087159	29087248
29100602	29100662
29111345	29111400
29268502	29268669
29270333	29270527
29346586	29346598
29350450	29350477
29361109	29361128
29368125	29368139
29368702	29368778
29377882	29378010
29385902	29385967
29387534	29387812
29388190	29388303
29390165	29390280
29390704	29390838
29392141	29392246
29393467	29393527
29396855	29397000
29398408	29398485
29399941	29400166
29401044	29401213
29401761	29401858
29402515	29402645
29403451	29403656
29407757	29407860
29408412	29408517
29409448	29412423
29412446	29413624
29504021	29504044
29505818	29505849
29519489	29519520
29538741	29538751
29545075	29545208
29545980	29546198
29549090	29549157
29553925	29553991
29554076	29554326
29555377	29555473
29555554	29555763
29556122	29556289
29557339	29557414
29559579	29559713
29560171	29560370
29560752	29561188
29561270	29563585
29570647	29570795
29576286	29576424
29576523	29576608
29580088	29580211
29580302	29580393
29581965	29583605
30190680	30190778
30190882	30190963
30191239	30191376
30193723	30193806
30194750	30194949
30308535	30308560
30327024	30327037
30385710	30385724
30399563	30399568
30450125	30450205
30481745	30481864
30791000	30791012
30812731	30812874
30814423	30815235
30817594	30817865
31588182	31588309
31591304	31591434
31594083	31594209
31598604	31598749
31601278	31601339
31611435	31611518
31617845	31617989
31626664	31626837
31627162	31627320
31627902	31628126
31629488	31629571
31629662	31629756
31629929	31630114
31630951	31631066
31631196	31631471
31631770	31631840
31632201	31632313
31634006	31634155
31634540	31634643
31635196	31635281
31635586	31637467
31658390	31658434
31661217	31661280
31665214	31665341
31666135	31666266
31667700	31667829
31668388	31668437
31671052	31671177
31671929	31672123
31672840	31672964
31673348	31673487
31676116	31676237
31678758	31678983
31680066	31680147
31680830	31681011
31682280	31682392
31683481	31683585
31683832	31683912
31683996	31684069
31684148	31684238
31685427	31685528
31687709	31687819
31688490	31688665
31691907	31692069
31692585	31692878
31693592	31693790
31695139	31695767
31698687	31698830
31699643	31699771
31701710	31701900
31708581	31708656
31709934	31710057
31710819	31711026
31712304	31712386
31714251	31716247
32044016	32044052
32044161	32044331
32045326	32045428
32050327	32050641
32052289	32052459
32053504	32053921
32150420	32150520
32150678	32150701
32154733	32154929
32155214	32155409
32157825	32157987
32159282	32159296
32166156	32166218
32176244	32176426
32176812	32176940
32185125	32185346
32186133	32186234
32187889	32188086
32188206	32188290
32192088	32192115
32194598	32194752
32195209	32195242
32198286	32198374
32198528	32198605
32200121	32200255
32210117	32210222
32213471	32213695
32214751	32214830
32222555	32222735
32223298	32223432
32223559	32223904
32225619	32225996
32265304	32265439
32265448	32265535
32265579	32265681
32271097	32271179
32272235	32272291
32273757	32273826
32274994	32275194
32275788	32275972
32276320	32276488
32277749	32277985
32278282	32278320
32280857	32280919
32281889	32282013
32282888	32283032
32283185	32283304
32283486	32283580
32284339	32284408
32284706	32284944
32285424	32285709
32286921	32287110
32288305	32288421
32288507	32288622
32289129	32289176
32290114	32290185
32290732	32290788
32291401	32291488
32292654	32292805
32296023	32296202
32298209	32298443
32298536	32298593
32299585	32299678
32301381	32301521
32302357	32302486
32303040	32303221
32304035	32304195
32306045	32306155
32307884	32308063
32309379	32309575
32310755	32310813
32311923	32312014
32312454	32312555
32314508	32314586
32315439	32315560
32315686	32315762
32316105	32316144
32318425	32318487
32318617	32318713
32319738	32319844
32320154	32320182
32321254	32321275
32322156	32322288
32323966	32324073
32378706	32378734
32381556	32381607
32422624	32422644
32424004	32424111
32425607	32425874
32426921	32427036
32427406	32430282
32480459	32480531
32485172	32485233
32485627	32485692
32488711	32488836
32489730	32489915
32493227	32493395
32494794	32494962
32498328	32498433
32503622	32503734
32503905	32504044
32505624	32505830
32506040	32506096
32507407	32510023
32714153	32714522
32720843	32720926
32723894	32723991
32728973	32729133
32734849	32734915
33057604	33057640
33063347	33063388
33069316	33069435
33083167	33083274
33088527	33088901
33091160	33091368
33092660	33093523
33094533	33094704
33095468	33095609
33097100	33097230
33098272	33098356
33099244	33099303
33099857	33100061
33100686	33100820
33101028	33101465
33101954	33103112
33459587	33459592
33461321	33461334
33462818	33462961
33469710	33469864
33471588	33471711
33472121	33472377
33472460	33472565
33473068	33473213
33474252	33474544
33475101	33475242
33475868	33477361
33478139	33478234
33479856	33480025
33480117	33480281
33480506	33480613
33481673	33485694
33486828	33486926
33486959	33487640
33896227	33896312
33897136	33897223
33897672	33897740
33900491	33900547
33901627	33901767
33903492	33903635
33905409	33905524
33906967	33909400
33909422	33911959
33915389	33915474
33916486	33916575
33917304	33917416
33918268	33918403
33918944	33919047
33919547	33919674
33920025	33920073
33921295	33921366
33921847	33921935
33922695	33922773
33923733	33923849
33924723	33924813
33926052	33926128
33926621	33926680
33927025	33927170
33927283	33927331
33928433	33928502
33928944	33929062
33930683	33930721
33931144	33931294
33932281	33932387
33933322	33933424
33933602	33933762
33933954	33934079
33934737	33934850
33935129	33935296
33936011	33936355
33937330	33937896
33939292	33939450
33940361	33940443
33940849	33941035
33959697	33959880
33960821	33960939
33961930	33962004
33962364	33962497
33962662	33962711
33963944	33964011
33964161	33964254
33966807	33966967
33967964	33968119
33969491	33969568
33971078	33971647
34053208	34053417
34054557	34054660
34055411	34055556
34056202	34056375
34057436	34057940
34060239	34060354
34060693	34060846
34061442	34061633
34069091	34074422
34083571	34083643
34084416	34084510
34085221	34085334
34085920	34086012
34086090	34086153
34088124	34088813
34109668	34109782
34131910	34131930
34139686	34139785
34142143	34142227
34144040	34144226
34147263	34147421
34148220	34148383
34150699	34151645
34155256	34155301
34160597	34160758
34160870	34160944
34161378	34161443
34161537	34161648
34162468	34162544
34163249	34163361
34163902	34164104
34164302	34164402
34164480	34164607
34165040	34165143
34166684	34166764
34167306	34167434
34167520	34167623
34168621	34168720
34169423	34169533
34170209	34170282
34172979	34173155
34178386	34178481
34178656	34178833
34181301	34181418
34181922	34182040
34182499	34182698
34183365	34183487
34184408	34184552
34186987	34187085
34187171	34188843
34233269	34233543
34233748	34234009
34240831	34240926
34243388	34243465
34243822	34244025
34249361	34249489
34251682	34251794
34255167	34255266
34255371	34255440
34258435	34258801
34267839	34267929
34270904	34270971
34271066	34271324
34272106	34272197
34274071	34274218
34277369	34277501
34278013	34278089
34278597	34278707
34279287	34279377
34282200	34282400
34283373	34283481
34283938	34284047
34286987	34287150
34287746	34287806
34288532	34288617
34289431	34289506
34289796	34289952
34294331	34294405
34296603	34296690
34296957	34297031
34298006	34298114
34300172	34300246
34300340	34300417
34420739	34420795
34425435	34425488
34435670	34435704
34439149	34439197
34444218	34444340
34445668	34445715
34455176	34455242
34458544	34458691
34459297	34459479
34461907	34461986
34463134	34463259
34465781	34465905
34467280	34467400
34467512	34467668
34469447	34469508
34469605	34469654
34470468	34470568
34471151	34471295
34478141	34479291
34895216	34895313
34895867	34895909
34909707	34909723
34929919	34929990
34942670	34942829
34943411	34943481
34946165	34946236
34957156	34957371
34959715	34959786
34962165	34962233
34964629	34964700
34965511	34965582
34965689	34965757
34965883	34965954
34968888	34968953
34969150	34969221
34970035	34970106
34971989	34972114
34976827	34976972
34978648	34978734
34980386	34982454
34982483	34984408
35061458	35061647
35064342	35064455
35065883	35066020
35066329	35066583
35067647	35067856
35070636	35070757
35081963	35081992
35089289	35089351
35089522	35089629
35091285	35091348
35092121	35092175
35092613	35092701
35093603	35096045
35118311	35118409
35118649	35118723
35119455	35119593
35121367	35121577
35125556	35125655
35126633	35126830
35128296	35128424
35129916	35130019
35130293	35130387
35131796	35131912
35134698	35134798
35135494	35135593
35135981	35136026
35140160	35140208
35140904	35140990
35141675	35143079
35153163	35153204
35155441	35155593
35157795	35158187
35159101	35159256
35165874	35165962
35167162	35167358
35169123	35169258
35173785	35173911
35193963	35194058
35202160	35202293
35202385	35202514
35242870	35242875
35255654	35255681
35259375	35259502
36364646	36365123
36367256	36367501
36367937	36368049
36368773	36368855
36370611	36370637
36370722	36370909
36372535	36372675
36372851	36373244
36377683	36377928
36379942	36380051
36381781	36381863
36382997	36383023
36383107	36383250
36385067	36385113
36761167	36761340
36768260	36768358
36768423	36768442
36769745	36769832
36779510	36779569
36780162	36780209
36782419	36782522
36791196	36791318
36794597	36794674
36796018	36796162
36802107	36802171
36803445	36803607
36808199	36808324
36809577	36809719
36811975	36812052
36818512	36818593
36820588	36820650
36821790	36821883
36825131	36825214
36825616	36825773
36826604	36826698
36828698	36831834
37438967	37439022
37453140	37453278
37456467	37456743
37458813	37459518
37461060	37461548
37467829	37467870
37470192	37470352
37472157	37472345
37474774	37474826
37479451	37479474
37481772	37481849
37490012	37490095
37491745	37491856
37493138	37493259
37495076	37495248
37497570	37497723
37500602	37500776
37504531	37504628
37505264	37505359
37505609	37505777
37506510	37506745
37508696	37508850
37509742	37509813
37510241	37510437
37511051	37511169
37513760	37513963
37516122	37516241
37721272	37721283
37751419	37751433
37762976	37762995
37842316	37842350
37917473	37917664
37934470	37934479
37945845	37945917
37953175	37953282
37965669	37965791
37968980	37969147
37972413	37972580
37991223	37991340
38033885	38034018
38038216	38038422
38326258	38326359
38327055	38327124
38328743	38328790
38328918	38329058
38335415	38335454
38336535	38336583
38382863	38382997
38383451	38383597
38385260	38385379
38387658	38387774
38390499	38390655
38391183	38391209
38394350	38394628
38395256	38395336
38397613	38398244
38399520	38400410
38401094	38401231
38402146	38402283
38402929	38402952
38403092	38403184
38403809	38403998
38406222	38406436
38407517	38407658
38408027	38408212
38408703	38408915
38409767	38409871
38410182	38410289
38410648	38410749
38412008	38412112
38412201	38412241
38413187	38413250
38414170	38414348
38414692	38414796
38415599	38415718
38417304	38417349
38421515	38421594
38423712	38423912
38430070	38430346
38433017	38433154
38433757	38433892
38434953	38435207
38436181	38436398
38439640	38439826
38439963	38440247
38440554	38440838
38441397	38441666
38442796	38443008
38444527	38444657
38444835	38444964
38446350	38446500
38446972	38447078
38447548	38447645
38450329	38450491
38452105	38452365
38454077	38454237
38455196	38455307
38456118	38456224
38458264	38458333
38460370	38460569
38461957	38462206
38463339	38463467
38464196	38464342
38466081	38466247
38468578	38468791
38470449	38470601
38470714	38470893
38471684	38471791
38474191	38474472
38475214	38475387
38476062	38476163
38478415	38478535
38482220	38482380
38483986	38484131
38490964	38491117
38491603	38491893
38492139	38492414
38493196	38493347
38494604	38494745
38496330	38496599
38506290	38506622
38512991	38513112
38516764	38516950
38519199	38519443
38520058	38520124
38520702	38520860
38522070	38522292
38522697	38522770
38528152	38528251
38529036	38529164
38530407	38530451
38537438	38537519
38541822	38541912
38543308	38543384
38545807	38545941
38546058	38546183
38548373	38548521
38550349	38550484
38553630	38553753
38554040	38554507
38690471	38690618
38696718	38696854
38701937	38702125
38706724	38706858
38707147	38707287
38709522	38709602
38709686	38709781
38716481	38716632
38720822	38720925
38720999	38721093
38736912	38737100
38740008	38740066
38748786	38748908
38753428	38753527
38753608	38753783
38754057	38754347
38754376	38754769
38754793	38756449
38756537	38758173
39222945	39223020
39226225	39226389
39231016	39231116
39236953	39237585
39239847	39239991
39249781	39249875
39252261	39252290
39253383	39253456
39255565	39255658
39257097	39257198
39262432	39262607
39264979	39265033
39265506	39265859
39266130	39266204
39266829	39266900
39271388	39271524
39273755	39273881
39275883	39276005
39276462	39276526
39277253	39277353
39277430	39277535
39277841	39277916
39278047	39278093
39278565	39278595
39279731	39279823
40246146	40246336
40246830	40246998
40248209	40248320
40249276	40249346
40250535	40250637
40251436	40251599
40253476	40253550
40253728	40254930
40255711	40255863
40257037	40257187
40261019	40261212
40262118	40262245
40268360	40268433
40268727	40268820
40271506	40271682
40278607	40279080
40281046	40281184
40283603	40283722
40284740	40284784
40362759	40362944
40365223	40365495
40369090	40369218
40374308	40374331
40486978	40487040
40494864	40494916
40518483	40518504
40547568	40547604
40603015	40603066
40619847	40619858
40636898	40636934
40656059	40656202
40660285	40660346
40666514	40666738
40668199	40668553
40709130	40709171
40709206	40709250
40727828	40727897
40731234	40731392
40761430	40761530
40776713	40776814
40778424	40778517
40804826	40804902
40810119	40810245
40865291	40865349
40868036	40868150
40870064	40870077
40924660	40924717
40930966	40930985
40932531	40932590
40940763	40940782
40945910	40945937
40952929	40952985
40961277	40961357
40983371	40983381
40986650	40986662
40989169	40989206
41002473	41002661
41017439	41017490
41026261	41026283
41036859	41036905
41041880	41042055
41043666	41043771
41059824	41059849
41080918	41081050
41096154	41096437
41110206	41110277
41111868	41111976
41124988	41125023
41142120	41142128
41151798	41151824
41153868	41153932
41159285	41159355
41165474	41165501
41167701	41167829
41186575	41186612
41189222	41189363
41197835	41197906
41222730	41222780
41238074	41238093
41252666	41252752
41263566	41263608
41266368	41266538
41269542	41269684
41270484	41270562
41271051	41271099
41276539	41276594
41295326	41295493
41304520	41304620
41306478	41306544
41307901	41308018
41308633	41308728
41309117	41309233
41309598	41309792
41310892	41311061
41311611	41311786
41358784	41358832
41367389	41367511
41368498	41368686
41369727	41369945
41373668	41373767
41374479	41374594
41376224	41376396
41377240	41377492
41380300	41380448
41382296	41382416
41383020	41383131
41383849	41383952
41385136	41385305
41386096	41386322
41387816	41390475
41390501	41391170
41391197	41391313
41391339	41391922
43008430	43009102
43015862	43015984
43017237	43017277
43018823	43018918
43019939	43020088
43022092	43022187
43024413	43024508
43025801	43025905
43027568	43027745
43029146	43029261
43030015	43030108
43030575	43030654
43031917	43032076
43035760	43035857
43037363	43038033
43239174	43239232
43250721	43250775
43251738	43251848
43257713	43257757
43260265	43260352
43261383	43261576
43265387	43265454
43285422	43285428
43297775	43297869
43298722	43298873
43300653	43300716
43301626	43301710
43302977	43303140
43304786	43304792
43307481	43307633
43438216	43438300
43446336	43446519
43469889	43470154
43471766	43471886
43476421	43476522
43481915	43481963
43490508	43490560
43491698	43492280
43492372	43492461
43502317	43502439
43504373	43504507
43506564	43506664
43511849	43511963
43512951	43513095
43516437	43516506
43517860	43517935
43518056	43518109
43522487	43522626
43523655	43523834
43525096	43525183
43526094	43526300
43526414	43526605
43530012	43530111
43531121	43531222
43531571	43531674
43535437	43535478
43535929	43536053
43536600	43536798
43538166	43538312
43545628	43545805
43547040	43547143
43551345	43551399
43552417	43552448
43552537	43552644
43554547	43554710
43555150	43555297
43557117	43557257
43557350	43557424
43559055	43562284
43898249	43898322
43905567	43905729
43911409	43911543
43913438	43913500
43916758	43916790
43918893	43919005
43921402	43921674
43927040	43927208
43931306	43931392
43934205	43934536
43935152	43935345
43939453	43939553
43940670	43940877
43944776	43945350
43948355	43948425
43973513	43973543
43984692	43984729
43990353	43990476
43992842	43992927
43996249	43996356
44002077	44002238
44003907	44003929
44006265	44006299
44007307	44007422
44008557	44009980
44161704	44161768
44162748	44163025
44165660	44165885
44166853	44166977
44167819	44167912
44168295	44168455
44168831	44169163
44259118	44259127
44260352	44260560
44268887	44269678
44274741	44274863
44277454	44277552
44402459	44402563
44406060	44406206
44408226	44408397
44410478	44410536
44412440	44412553
44412651	44412749
44413285	44413483
44414172	44414246
44415117	44415229
44415344	44415509
44416168	44416253
44418187	44418321
44419331	44419478
44420677	44420780
44422222	44422350
44423775	44423922
44424720	44424797
44424879	44425000
44428245	44428418
44430760	44430852
44433224	44433409
44434388	44434530
44436608	44436755
44437731	44437886
44439570	44439692
44441711	44441845
44442286	44442382
44445133	44445222
44445862	44445988
44446703	44446796
44447731	44447870
44450072	44450120
44450137	44450182
44451938	44452080
44452758	44452985
44453192	44453415
44453516	44453651
44455227	44455338
44455886	44456044
44456587	44456784
44457647	44457734
44458161	44458367
44459925	44459991
44461786	44461968
44464453	44464539
44465518	44465640
44466518	44466571
44467851	44468067
44468398	44468492
44469894	44470063
44475147	44475249
44476562	44476700
44477613	44477770
44477967	44478152
44479369	44479495
44479799	44479951
44480994	44481099
44483613	44483700
44483743	44483859
44484468	44484579
44485091	44485222
44487308	44487505
44488757	44488911
44492009	44492191
44493400	44493497
44494291	44494477
44495833	44495910
44496407	44496568
44505583	44505736
44507585	44507679
44509077	44509193
44510389	44510529
44516067	44516296
44517265	44517466
44518374	44518560
44521134	44521265
44521444	44521485
44521928	44522151
44522875	44523007
44523297	44523453
44525814	44525880
44526535	44528809
44622278	44622442
44645398	44645469
44660861	44660904
44664487	44664751
44664813	44664931
44672768	44672852
45098068	45098221
45099836	45099991
45101520	45101620
45106479	45106574
45108450	45108541
45109805	45111690
45121243	45121366
45121522	45121643
45123846	45124025
45124143	45124324
45125019	45125191
45125644	45125754
45125865	45126011
45136596	45136642
45139748	45139822
45139843	45140890
45141169	45141358
45142599	45142796
45143802	45143985
45146918	45147030
45147548	45147679
45148109	45148347
45149285	45149452
45150246	45150377
45152234	45152347
45152907	45153085
45154485	45154611
45156534	45156659
45157246	45157377
45158026	45158151
45159199	45159360
45159629	45159757
45160508	45160633
45161534	45161653
45162297	45162422
45162772	45162897
45164324	45164443
45164777	45164902
45165655	45165780
45166196	45166342
45169300	45169425
45170397	45170419
45171021	45171068
45171554	45171638
45173026	45173279
45173734	45173890
45665362	45665478
45667146	45667214
45668546	45668669
45669442	45669577
45669668	45669724
45670386	45670484
45670640	45670718
45671407	45671578
45672148	45672286
45673075	45673506
45691712	45691914
45695847	45696004
45699871	45700015
45700652	45700801
45701414	45701635
45702500	45702616
45703948	45704073
45705524	45705700
45709065	45709187
45710461	45710586
45711014	45711146
45712914	45713125
45713642	45713742
45714285	45714351
45714475	45714561
45715659	45715778
45716372	45717019
45733430	45733932
45740562	45740814
45742842	45742960
45746321	45746435
45746901	45746988
45748991	45749077
45750006	45750145
45751636	45751738
45752971	45753087
45754379	45754489
45755610	45755737
45756368	45758105
45774103	45774260
45779431	45779570
45787555	45787917
45793251	45793403
45797267	45797400
45797919	45798017
45798580	45798679
45799476	45799622
45808353	45808466
45809513	45810365
45811987	45812069
45813389	45813527
45813761	45813909
45814672	45814700
45816140	45816186
45817154	45817322
45817715	45817833
45818542	45818683
45821240	45821303
45821972	45822110
45822954	45823061
45823778	45825144
45834412	45834454
45838495	45838696
45857651	45857746
45866129	45866250
45912181	45912364
45937416	45937526
45942870	45943006
45947718	45947876
45948996	45949013
45963122	45963148
45973165	45973265
45976351	45976395
45980964	45981095
45990589	45990635
45993013	45993068
45993593	45993714
46000008	46000142
46000872	46000968
46001483	46001543
46009215	46009297
46014606	46014746
46016758	46016922
46020865	46020901
46023287	46023398
46024416	46024473
46027180	46027277
46029635	46029777
46030764	46030916
46032163	46032310
46034712	46034831
46037557	46037662
46040139	46043817
46086293	46086373
46087484	46087550
46087743	46087875
46088333	46088521
46089500	46089581
46090671	46090808
46091193	46091348
46092968	46093114
46093610	46093744
46095168	46095245
46095859	46096037
46097990	46098145
46098674	46098762
46104356	46104461
46105639	46105789
46106182	46106244
46106555	46106713
46107646	46107722
46108603	46108682
46109345	46109588
46110134	46110343
46112071	46112161
46113889	46113974
46114534	46114659
46115171	46115337
46115853	46116061
46119537	46119680
46121423	46121502
46122393	46122619
46123524	46123668
46124098	46124185
46125228	46125371
46125982	46126032
46126127	46126279
46126801	46126956
46127332	46127472
46128243	46128380
46129615	46129754
46130254	46130333
46131116	46131411
46131893	46132032
46132485	46132641
46133422	46133520
46134120	46134287
46134961	46135127
46136021	46136162
46136459	46136533
46137302	46137472
46137977	46138105
46138587	46138697
46139936	46140015
46140758	46140827
46141592	46141774
46142595	46142726
46143873	46144005
46145046	46145245
46145599	46145670
46145879	46146145
46146830	46146956
46147770	46147915
46148244	46148570
46218770	46218814
46240268	46240359
46250830	46251073
46258428	46258625
46261370	46261456
46261987	46262091
46262784	46262909
46267457	46267590
46271590	46271745
46274315	46274372
46274834	46275083
46276963	46277460
46292242	46292454
46292718	46292759
46293255	46293556
46311066	46311165
46311317	46311439
46312046	46312167
46319195	46319344
46320632	46320789
46323860	46324019
46325339	46325520
46327738	46327871
46331846	46332042
46332906	46333014
46333969	46334064
46335179	46335462
46354580	46354759
46355702	46355901
46356785	46356827
46358976	46359100
46360877	46361054
46361322	46361480
46363514	46363713
46364169	46364319
46365775	46365869
46366178	46366346
46368605	46368709
46369471	46369668
46370547	46371192
46433978	46434167
46434730	46434813
46435672	46435748
46437264	46437327
46438251	46438920
46439614	46439734
46439945	46440045
46442644	46442733
46446059	46446223
46449128	46449253
46456612	46456809
46482932	46483133
46483620	46483655
46485401	46485470
46486719	46487507
46489976	46490506
46491033	46491750
46492606	46492678
46497577	46498255
46503229	46503347
46504160	46504191
46504808	46504901
46505295	46505491
46506325	46506458
46507210	46507409
46508197	46508391
46508877	46508978
46509867	46510181
46510795	46510977
46511682	46512781
46574946	46574970
46578198	46578250
46578770	46579258
46660814	46660843
46661011	46661104
46662546	46662734
46663407	46663478
46663965	46664083
46664591	46664662
46664782	46664898
46665044	46665190
46665498	46665635
46667041	46667111
46667641	46667770
46667861	46669032
46686533	46686695
46689134	46690089
46691068	46691111
46691811	46693151
46736362	46736383
46737675	46738067
46739004	46739102
46741393	46741581
46743416	46743546
46744244	46744391
46744735	46744876
46745502	46745645
46748876	46748957
46749185	46749340
46749936	46750053
46751178	46751404
46751801	46753716
46803541	46803645
46803750	46803890
46804488	46806168
47285833	47285840
47290708	47291756
47297930	47298075
47299231	47299368
47300481	47300546
47301062	47301135
47301618	47301706
47303035	47303643
47305181	47305248
47306675	47308117
47504217	47504249
47507723	47507815
47513519	47513620
47522329	47522466
47523700	47523812
47524839	47525005
47525036	47525337
47528703	47528773
47529483	47529612
47530949	47531067
47531701	47531814
47532990	47533133
47537857	47537899
47538613	47538925
47540416	47540426
47544094	47544340
47545066	47545155
47554527	47554543
47562262	47562380
47568193	47568263
47569944	47570038
47579095	47579193
47580040	47580150
47580811	47580954
47581987	47582163
47584165	47584256
47585120	47585149
47586052	47586246
47588247	47589166
47610730	47611163
47612481	47612624
47613420	47613509
47614007	47614187
47614816	47614899
47615460	47615537
47616562	47617239
47621799	47622292
47624638	47625025
47627377	47627454
47629309	47629404
47631215	47631397
47632243	47632320
47632913	47633042
47634239	47634305
47634639	47637933
47638941	47639067
47639338	47639461
47640072	47640169
47640562	47640760
47641221	47641528
47689991	47690297
47690312	47690383
47692433	47692771
47693789	47693853
47696366	47696410
47701560	47701646
47701833	47701901
47867472	47867814
47867834	47867967
47870053	47870182
47870915	47871067
47871679	47871839
47871973	47872146
47873957	47874098
47874641	47874828
47875722	47875863
47875992	47877004
47877794	47877952
47878127	47878242
47879434	47879642
47891911	47892066
47892209	47892386
47892666	47892760
47893434	47893595
47894057	47894254
47894466	47894609
47894869	47895051
47939603	47939658
47941474	47941572
47943716	47943800
47944547	47947452
47957317	47957593
47958004	47958165
47959755	47960065
47982504	47982829
47989868	47989992
47990097	47990236
48065801	48065815
48066191	48066311
48066880	48067818
48085403	48085419
48094419	48094488
48095132	48095241
48097264	48097357
48104711	48104786
48104861	48104937
48105105	48105196
48107357	48107456
48108239	48108314
48111050	48111165
48111921	48114864
48131404	48131500
48133084	48133170
48134148	48134211
48134825	48135069
48135514	48135602
48160959	48160964
48161212	48161239
48162657	48162823
48165833	48165922
48173414	48173524
48175622	48175768
48176220	48177245
48281713	48281824
48283079	48283206
48284138	48284197
48284859	48285038
48285871	48286005
48287220	48287378
48287552	48287665
48289146	48289245
48289972	48290056
48290449	48290584
48291051	48291164
48291474	48291576
48293254	48293342
48295155	48295276
48300439	48300631
48320515	48320843
48320935	48322596
48323283	48323449
48323788	48324960
48325022	48325441
48487002	48487203
48491305	48491362
48492583	48492652
48492757	48492827
48493345	48493411
48493978	48494062
48496501	48496611
48497859	48497961
48501538	48501654
48502363	48502426
48503565	48503659
48507796	48507913
48509037	48509101
48510338	48510577
48521996	48522057
48523043	48523109
48525521	48525672
48526703	48526819
48527533	48527678
48529550	48529645
48533238	48533320
48533784	48534394
48643091	48643106
48646364	48646419
48647984	48648059
48648716	48648877
48650304	48650479
48650937	48651092
48651595	48651845
48652189	48652360
48652501	48653595
48654710	48654892
48656692	48656868
48657249	48657309
48657740	48658239
49331432	49331624
49332109	49332277
49333135	49333270
49334462	49334648
49335019	49335179
49335471	49335572
49336026	49336121
49336557	49336676
49337307	49337416
49377850	49378144
49381327	49381410
49381904	49382109
49383851	49383992
49384400	49384536
49408164	49408226
49410528	49410571
49414576	49414641
49415166	49415232
49415833	49416172
49418138	49418286
49460305	49460533
49460674	49460918
49461225	49461404
49461793	49462017
49470843	49471064
49471771	49471854
49472741	49473905
49478548	49479026
49480485	49480660
49480746	49480824
49481306	49481398
49481586	49481701
49481995	49482175
49482291	49482436
49483069	49483154
49483191	49483321
49483403	49483637
49519033	49519863
49525092	49525220
49525331	49525525
49526742	49529165
49551582	49551730
49553787	49553874
49554509	49554538
49556769	49556915
49557218	49557300
49557902	49557954
49558831	49558872
49560071	49560143
49560779	49560870
49561380	49561658
49562474	49562534
49563068	49563184
49563627	49564331
49567308	49567420
49570867	49571017
49572929	49573028
49573166	49573299
49573900	49573965
49574268	49574409
49575989	49576149
49576238	49576410
49576732	49576842
49577298	49577359
49577838	49577897
49582095	49582334
49582993	49583438
49585260	49585265
49633396	49633484
49639792	49639902
49640067	49640215
49640903	49641131
49647392	49647562
49649047	49649195
49649708	49649900
49650005	49650144
49650529	49650557
49651133	49651557
49658809	49658850
49667050	49667310
49669579	49669744
49673016	49673106
49673633	49673708
49676882	49676973
49677261	49677430
49679396	49679590
49681521	49684817
49689768	49690113
49690625	49690840
49692078	49692258
49693408	49693595
49694785	49694881
49695848	49696030
49696220	49696328
49696925	49697077
49698578	49698668
49699413	49699576
49700065	49700215
49700388	49700524
49701128	49701282
49702028	49702195
49703280	49703353
49703854	49704526
49705829	49706147
49707108	49707183
49707463	49707549
49708648	49708709
49709017	49709088
49709690	49709806
49710196	49710342
49710799	49710951
49711390	49711531
49712293	49712518
49713432	49713503
49713822	49714002
49715818	49715858
49716684	49716759
49722240	49722516
49723008	49723151
49723690	49724553
49726613	49727477
49763004	49763133
49764680	49765136
49770596	49770861
49771259	49773727
49820507	49820555
49824794	49824887
49825317	49825388
49825794	49825841
49825956	49826080
49826901	49827008
49827667	49827893
49827917	49828082
49828140	49829427
49886601	49887734
49888721	49888851
49889731	49889822
49889921	49890003
49890715	49890827
49891457	49891603
49892010	49892093
49892426	49892488
49892996	49893067
49893557	49893788
49893876	49894594
49894628	49896058
49993469	49993764
49994090	49994227
49994550	49994875
49996691	49996873
49997224	49997379
49997499	49997624
49997768	49997962
49998062	49998199
49998914	49999029
49999273	49999313
49999983	50000103
50000553	50000733
50001545	50001668
50002020	50002260
50002537	50002606
50002944	50003043
50003363	50003521
50005441	50005562
50006203	50006318
50006544	50007420
50012372	50012710
50017309	50017357
50017876	50018219
50178372	50178442
50179621	50179738
50181181	50181243
50181826	50181978
50200238	50200363
50200407	50200532
50203473	50203532
50204385	50204622
50206216	50209516
50222528	50222609
50222936	50223110
50224511	50224625
50225616	50225727
50226264	50226412
50226838	50227015
50228779	50228875
50230688	50230772
50232109	50232945
50240118	50240716
50240889	50241031
50241211	50241278
50242506	50242690
50245402	50245443
50246276	50246480
50246811	50246947
50247158	50247270
50247755	50247864
50248941	50249086
50250005	50250103
50252013	50252126
50252407	50252523
50253265	50253433
50253837	50254108
50254787	50254923
50255625	50256730
50273801	50274044
50281702	50282000
50353137	50353160
50356867	50356969
50359063	50359195
50359698	50359807
50365005	50366595
50376832	50376930
50377379	50377415
50380135	50380214
50381276	50381335
50381988	50382047
50382987	50383104
50383419	50383528
50383730	50383828
50447872	50447953
50451635	50451775
50452196	50452728
50467159	50467294
50467503	50467548
50467925	50468061
50468156	50468241
50468719	50468791
50468928	50469043
50469252	50469384
50469958	50470105
50470334	50470464
50470872	50470957
50471184	50471313
50471789	50471931
50472713	50472993
50473994	50474151
50474887	50475000
50475025	50475575
50477009	50477260
50477727	50477996
50478702	50478868
50479514	50479679
50480183	50480424
50481261	50481431
50482202	50483266
50484912	50485006
50486026	50486149
50490897	50491010
50541182	50541238
50545490	50545517
50546241	50546347
50551330	50551422
50552124	50552187
50552731	50552829
50553697	50553840
50556722	50556817
50557882	50558000
50559101	50559253
50560442	50560615
50561382	50561555
50562116	50562230
50564591	50564784
50565120	50565241
50565616	50565685
50566655	50566815
50567555	50567594
50568648	50568779
50569414	50569620
50570113	50570250
50570754	50570877
50571655	50571826
50572423	50572635
50573080	50573224
50573706	50573912
50574875	50574979
50576223	50576375
50576731	50576979
50577474	50577686
50578357	50578569
50578925	50579086
50579765	50579893
50580237	50580325
50580533	50580656
50581730	50581938
50582352	50582460
50582782	50582954
50583112	50583209
50583252	50583258
50583410	50583516
50583597	50583731
50583783	50583910
50801654	50801784
50802368	50802509
50802600	50802716
50803089	50803420
50804360	50804471
50805158	50805277
50805865	50805981
50806684	50806821
50806910	50806987
50807065	50807130
50807381	50807650
50807858	50808103
50808389	50808525
50808914	50808992
50809088	50809243
50809779	50809877
50811013	50811279
50819148	50819296
50820100	50820329
50820802	50820871
50821444	50821579
50821659	50821741
50821821	50821915
50823398	50823569
50823845	50823973
50824075	50826262
50843447	50843474
50844191	50844339
50844715	50844875
50845915	50846123
50846615	50846699
50847761	50847864
50848437	50848625
50849737	50849922
50850349	50850452
50851416	50851575
50852556	50852756
50853927	50853997
50855221	50855358
50856697	50856882
50857289	50857574
50880107	50880150
50902705	50902735
50912604	50912713
50914867	50914992
50918019	50918091
50918208	50918327
50919128	50919270
50919400	50919515
50920853	50921078
50923109	50923201
50924899	50924975
50926589	50926745
50928852	50928959
50930293	50930388
50932461	50932595
50944956	50945106
50949945	50949952
51179962	51180046
51180992	51181128
51182176	51183438
51217921	51218064
51219140	51219193
51219306	51219371
51219540	51219585
51221819	51221886
51224096	51224178
51225153	51225195
51225705	51225808
51226556	51226676
51228183	51228306
51228405	51228532
51229123	51229283
51231488	51231614
51232926	51233051
51234364	51234471
51235718	51235864
51235970	51236049
51236925	51237030
51237738	51237854
51238866	51239034
51239169	51239323
51240838	51240912
51241721	51241825
51243168	51243302
51244022	51244130
51244823	51244889
51245597	51245683
51246190	51246337
51246498	51246594
51247066	51247262
51248255	51248354
51249824	51249899
51250620	51250812
51250833	51252919
51314753	51314788
51315734	51315813
51318000	51319400
51577282	51577462
51578719	51578851
51579088	51579208
51579937	51580157
51581035	51581171
51582192	51582379
51583738	51583919
51584639	51584811
51585297	51585902
51585927	51587647
51591223	51591279
51591362	51591426
51591791	51591866
51594938	51595038
51596799	51596890
51597531	51597648
51598673	51598781
51605606	51605728
51607241	51607357
51607849	51607983
51613591	51613752
51617060	51617260
51618277	51618439
51620391	51620544
51621805	51621879
51622649	51622747
51626250	51626376
51719473	51719733
51720577	51720654
51722433	51722596
51724583	51724683
51726492	51726550
51728006	51728150
51731424	51731518
51732978	51733095
51737703	51737822
51739028	51739189
51745356	51745518
51748190	51748328
51756853	51758399
51772875	51773483
51775914	51776008
51780520	51780673
51780983	51781129
51783357	51783362
51785674	51785843
51792744	51792855
51842352	51842368
51856319	51856386
51863345	51863416
51866160	51866291
51866750	51866768
51868910	51869018
51872341	51872483
51873835	51874019
51875345	51875433
51875999	51876139
51876235	51876546
51879017	51879168
51879266	51879468
51880216	51880317
51881365	51881457
51882652	51882723
51882829	51882932
51884917	51885584
52114701	52114762
52116450	52116607
52117089	52117174
52118702	52118802
52124108	52124204
52125699	52125712
52126802	52126877
52128222	52128312
52128666	52128787
52129227	52129332
52130049	52130164
52220789	52220802
52221624	52221885
52222850	52223077
52224388	52224529
52224993	52225076
52226167	52226259
52227213	52227323
52228059	52228096
52228448	52228838
52236113	52236213
52236422	52236757
52342610	52342722
52345021	52345042
52347535	52347601
52348058	52348090
52351810	52351892
52357851	52357962
52358651	52358772
52359405	52363736
53610814	53610912
53612784	53612828
53616497	53616589
53617057	53617146
53618827	53618907
54276840	54276854
54281339	54281359
54315044	54315257
54321781	54322096
54562793	54562860
54571208	54571254
54577902	54578032
54579434	54579514
54579619	54579745
54581277	54581371
54582772	54582910
54586188	54587845
54829050	54829097
54834871	54834947
54842585	54842672
54846206	54846233
54848918	54849046
54868702	54868836
54909080	54909103
54915638	54915700
54926690	54926779
54927152	54927252
54931108	54931144
54942205	54942321
54962467	54962589
54981666	54981782
54983766	54983888
54987233	54987352
54988422	54988514
54990484	54990600
54992255	54992413
54993419	54993622
54995063	54995218
54998465	54998632
54999466	54999627
55001029	55001226
55002690	55002842
55003318	55003397
55004435	55004565
55005044	55005200
55016498	55016653
55023334	55023509
55026663	55026861
55028048	55028207
55028799	55028929
55031485	55031561
55035609	55035725
55035853	55036047
55037587	55037698
55038475	55038626
55038701	55038782
55039220	55039288
55040760	55040898
55042701	55043208
55054936	55055121
55055397	55055819
55077857	55077992
55079190	55079398
55080586	55080766
55081834	55081968
55082137	55082245
55085175	55085318
55087124	55087210
55088329	55088492
55090028	55090153
55098862	55098898
55100809	55100823
55127812	55127820
55135084	55135104
55138930	55139086
55139800	55140035
55140714	55140869
55141930	55142105
55144539	55144659
55146727	55146851
55147529	55147642
55148601	55148785
55153764	55155591
55177579	55177900
55179634	55179697
55181473	55181556
55182988	55183051
55190342	55190464
55191666	55191757
55195525	55196061
55208326	55208415
55210204	55210252
55210527	55210580
55216296	55216439
55217386	55217634
55217883	55218064
55219799	55219882
55220114	55220322
55220531	55220571
55221346	55221442
55221887	55222067
55282580	55282659
55284642	55284675
55284725	55284807
55285615	55285799
55286847	55286973
55289215	55289309
55290309	55290495
55292627	55293650
55326063	55326122
55336378	55336540
55339321	55339462
55339826	55339947
55340850	55341016
55341695	55341937
55345961	55346155
55347956	55348120
55349653	55349808
55351689	55351823
55353025	55353187
55353819	55353859
55354876	55355018
55358354	55358462
55359567	55359677
55363786	55363862
55369283	55369384
55370740	55370824
55371304	55371384
55372335	55372472
55373052	55373177
55373797	55373893
55374829	55375076
55375994	55376142
55376920	55376989
55377798	55377955
55380012	55380104
55382772	55382874
55385265	55385366
55388149	55388269
55389247	55389377
55389961	55390039
55392377	55392485
55392716	55392819
55393542	55393675
55393942	55394004
55395623	55395742
55396582	55396715
55396829	55396883
55397061	55397262
55398669	55398730
55399388	55399642
55406437	55406865
55407103	55407549
55411058	55413835
55465217	55465378
55465653	55465799
55467215	55467346
55470144	55470261
55470748	55470921
55472709	55472870
55474123	55474240
55475085	55475208
55475895	55476058
55484211	55484223
55485906	55486948
55495285	55495466
55497995	55498186
55498644	55498829
55507253	55507397
55511464	55511581
55511987	55512107
55514721	55514827
55516750	55516809
55517454	55517532
55518058	55518171
55520509	55520635
55521923	55522018
55523807	55523970
55525117	55525197
55526797	55527337
55537327	55537398
55542023	55542632
55543413	55543523
55544160	55544340
55544538	55544614
55544694	55544772
55545781	55545939
55547079	55547196
55548645	55548722
55549293	55549322
55551161	55551220
55551301	55551365
55551452	55551551
55553479	55553592
55553882	55553983
55556597	55556757
55558197	55558317
55558760	55558922
55563812	55563959
55564762	55564843
55568316	55568362
55568446	55568510
55568609	55568725
55570171	55570253
55570378	55570450
55571157	55571211
55571296	55571323
55571855	55571995
55572385	55572519
55573264	55573411
55574961	55575028
55575137	55575201
55575440	55575541
55575680	55575784
55576172	55576728
55610675	55610776
55611121	55611477
55631420	55631552
55634668	55634740
55636937	55637043
55637834	55637972
55638773	55638856
55638972	55639057
55641337	55641436
55642437	55644427
55726078	55726100
55726127	55726501
55731594	55731680
55732867	55732980
55733522	55733653
55738160	55738252
55738734	55738826
55740609	55740723
55741936	55741968
55743270	55743331
55744093	55744177
55745291	55745445
55746374	55746504
55747834	55747887
55748510	55748570
55749636	55749665
55751419	55751590
55755239	55755380
55755662	55755790
55756364	55756514
55757736	55757847
55757965	55758053
55759830	55759952
55760743	55760868
55761678	55761866
55762393	55762572
55763795	55766025
55933221	55933373
55935170	55935320
55936968	55937088
55937596	55937767
55938070	55938247
55939515	55939601
55940026	55940106
55940802	55940954
55942040	55942137
55942680	55942842
55943314	55944673
55944695	55945475
55962060	55962291
55963215	55963289
55964002	55964204
55964366	55964446
55965589	55965679
55966648	55966776
55968415	55968499
55970202	55970291
55970730	55970819
55971788	55971966
55972719	55972889
55973264	55973418
55974353	55974583
55975506	55975645
55976317	55976452
55977260	55977984
56362200	56362273
56368043	56368353
56397170	56397215
56403034	56403194
56410395	56410450
56680629	56680739
56686185	56686363
56688041	56688200
56694199	56694309
56700426	56700542
56757477	56757526
56759612	56759654
56760272	56760386
56778303	56778404
56782619	56782696
56783966	56784064
56784689	56784829
56785182	56785333
56785758	56785861
56786487	56787367
56787388	56787654
56815267	56815416
56822227	56822399
56829024	56829088
56829373	56829441
56830303	56830359
56843525	56843537
56853055	56853159
56858398	56858523
56859386	56859580
56859834	56859979
56861071	56861252
56862886	56862985
56863065	56863186
56864411	56864517
56867475	56867672
56869215	56869343
56870400	56870468
56871943	56872145
56878084	56878204
56879172	56879613
56894083	56894422
56895332	56895435
56897411	56897587
56910830	56911058
56913246	56913349
56913921	56914358
57295204	57295371
57299713	57299829
57304246	57304323
57306634	57306756
57308474	57308583
57309060	57309225
57309997	57310079
57313409	57313451
57512490	57512600
57513451	57513634
57515668	57515904
57517883	57517947
57548387	57548490
57548884	57548998
57550290	57550464
57551093	57551204
57552179	57552285
57553084	57553210
57553749	57553869
57554143	57554228
57555316	57555440
57556613	57556672
57560427	57560493
57562102	57562196
57563577	57563705
57565152	57565266
57566057	57566194
57566857	57567023
57567389	57567537
57570506	57570683
57570931	57571111
57571331	57571482
57635034	57635288
57635944	57636090
57637652	57637780
57638451	57638546
57640357	57640623
57641441	57641539
57641684	57641737
57642321	57642464
58020483	58020498
58031825	58031904
58033106	58033222
58034580	58034672
58035589	58035621
58038568	58038602
58039669	58039738
58040523	58040563
58042646	58042703
58045015	58045159
58046246	58046343
58048540	58048610
58052473	58052488
58054795	58054928
58056683	58056718
58057129	58057150
58058971	58059069
58069944	58070488
58070524	58071319
58076109	58076480
58079174	58079373
58079917	58079965
58081536	58081708
58082353	58082474
58083758	58083904
58084685	58084786
58085102	58085187
58086075	58086245
58086331	58086477
58090779	58090919
58091573	58091660
58092157	58092245
58093284	58093321
58144806	58144824
58150733	58150899
58152467	58152554
58154300	58154481
58155158	58155304
58157003	58157061
58158190	58158258
58165187	58165286
58166190	58166316
58167001	58167226
58168044	58172854
58172879	58173023
58173044	58174476
58213012	58213109
58219178	58219283
58234488	58234645
58235637	58235707
58256286	58256394
58265975	58266070
58268574	58268648
58271060	58271116
58271763	58271828
58277503	58277574
58277879	58277995
58285051	58285224
58287094	58287176
58288891	58288951
58292032	58292145
58292672	58292809
58293954	58294032
58297979	58298034
58298896	58298958
58299190	58299263
58300515	58300626
58303598	58303786
58426374	58426380
58432643	58432670
58458213	58458322
58459803	58459976
58461008	58461169
58470729	58470837
58475855	58475926
58476204	58476225
58486251	58486382
58920767	58920781
58942034	58942147
58943084	58943167
58947681	58947763
58968475	58968547
58972671	58972725
58989481	58989591
59009765	59009820
59045726	59045818
59056383	59056404
59060081	59060181
59060483	59060824
59064728	59065732
59071379	59071507
59074476	59074612
59074815	59074996
59075703	59075757
59077361	59077400
59078114	59078191
59079827	59080005
59081142	59081261
59084005	59084106
59085196	59085297
59086470	59086567
59087655	59087785
59088133	59088294
59089759	59089896
59090538	59092025
59303823	59303928
59314914	59315271
59321434	59322002
59329562	59329593
59332938	59333058
59333393	59333564
59335068	59335162
59337519	59337567
59391445	59391574
59463293	59463358
59466021	59466129
59469008	59469120
59471562	59472250
59477223	59477361
59479933	59480140
59484305	59484482
59491128	59491245
59492805	59492966
59493376	59493549
59495777	59495982
59496090	59496180
59496356	59496460
59496682	59496806
59499437	59499563
59499679	59499992
59500534	59500625
59500983	59501080
59501131	59501310
59980413	59980526
59983824	59983956
59986586	59986730
59987085	59987302
59988678	59988734
59990347	59990458
59991031	59991095
59998641	59998682
60022215	60022263
60029207	60029336
60029832	60029907
60031302	60031396
60039638	60039720
60045951	60045956
60049878	60049901
60050235	60050333
60054437	60054535
60056823	60056926
60059884	60059949
60062815	60062875
60064520	60064629
60068763	60068789
60069738	60070493
60077682	60077748
60080131	60080331
60081421	60081608
60084826	60085359
60086703	60086934
60089014	60089164
60097613	60097706
60101065	60101196
60102157	60102309
60102772	60102850
60104061	60104142
60108609	60108737
60111221	60111353
60112998	60113116
60114163	60114350
60115577	60115659
60115805	60115931
60116667	60116841
60117707	60120880
60120936	60121712
60149328	60149391
60149778	60149925
60151399	60151498
60152443	60152569
60153921	60154071
60154946	60155104
60157950	60158032
60158475	60158512
60159246	60159434
60175917	60176235
60176996	60177258
60178943	60179005
60182072	60182158
60184072	60184310
60185687	60185769
60187637	60187798
60188304	60188347
60189678	60190523
60195659	60195790
60195978	60196065
60196512	60196567
60197155	60197256
60198835	60198945
60199577	60199729
60202679	60202862
60204401	60204586
60205864	60205964
60206699	60206765
60208221	60209141
60222186	60222246
60222464	60222522
60224220	60224301
60226418	60226574
60228239	60228397
60229356	60229512
60230811	60230900
60231277	60231371
60231934	60232018
60233906	60234040
60234891	60234990
60236643	60236719
60237999	60238115
60240252	60240341
60240988	60241153
60241708	60241868
60242317	60242442
60243098	60243164
60243803	60243928
60244392	60244489
60245515	60245610
60247036	60247226
60253588	60253793
60255210	60255446
60256124	60256240
60256930	60257027
61179350	61179476
61181179	61181291
61182207	61182315
61186387	61187935
61236762	61236792
61239652	61239693
61245622	61245657
61246311	61246346
61248626	61248730
61249261	61249409
61249768	61249885
61250795	61250846
61252391	61252447
61255958	61256124
61258747	61258879
61260472	61260596
61261303	61261408
61261711	61261877
61262498	61262660
61263440	61263546
61264754	61264887
61266009	61266165
61266699	61266803
61267458	61267646
61268597	61268731
61273124	61273291
61273775	61273863
61275575	61275770
61276353	61276492
61278746	61278905
61280363	61280499
61281404	61281590
61287333	61288056
61293617	61293641
61294620	61294711
61301152	61301299
61302150	61302291
61305568	61305652
61307226	61307357
61307751	61307909
61308770	61308895
61309385	61309495
61317702	61317707
61374486	61374540
61380792	61380859
61382032	61382174
61383959	61384136
61385156	61385214
61386492	61386584
61387899	61389217
61456047	61456079
61462534	61462647
61463629	61463736
61466978	61467058
61469970	61470193
61477430	61477613
61481804	61481982
61483221	61483293
61491971	61492112
61492752	61493030
61531858	61531871
61987087	61987181
61987266	61987295
61990829	61990927
61991858	61991973
61996531	61996616
61997446	61997515
61999266	61999361
62000091	62000210
62001657	62001853
62002603	62002736
62007390	62007523
62008951	62009033
62009657	62009806
62010709	62010852
62011661	62011723
62011816	62011935
62012572	62012625
62013447	62013527
62014453	62014602
62019502	62019588
62020077	62020188
62021459	62021639
62022630	62022723
62022896	62023054
62023449	62023544
62024051	62024146
62025155	62025202
62027871	62028007
62028372	62028486
62029411	62029488
62029621	62029713
62029828	62029935
62032917	62033048
62034102	62034227
62034818	62034874
62036043	62036138
62037271	62037466
62038193	62038288
62039636	62039674
62042862	62042987
62044410	62044483
62045861	62045932
62047875	62047994
62048407	62048454
62050163	62050246
62050333	62050479
62051284	62051409
62051726	62051785
62052196	62052372
62052457	62052546
62054118	62054264
62055387	62055443
62056423	62056546
62057497	62057646
62059385	62059489
62059826	62059933
62060863	62061060
62064009	62064142
62064844	62065009
62065242	62065393
62066330	62066443
62067189	62067347
62067498	62067680
62067715	62067821
62067838	62067937
62068087	62068194
62068844	62068976
62069060	62069286
62069532	62069633
62069977	62070096
62071247	62071375
62453034	62453159
62458727	62459149
62462781	62463273
62540254	62540269
62543214	62543243
62547870	62548253
62549557	62549691
62550650	62551249
62569458	62569528
62584597	62584982
62595142	62595168
62599370	62599460
62612541	62612667
62615771	62615849
62617665	62617761
62622846	62623106
63214944	63215174
63216319	63216457
63228482	63228645
63230341	63230385
63230530	63230590
63232820	63232943
63236685	63237160
63237907	63237935
63309656	63309794
63311628	63312598
63383512	63383707
63384505	63384636
63393225	63393621
63394170	63394338
63409023	63409239
63410707	63410996
63412109	63412335
63414480	63414664
63416785	63417060
63421539	63421645
63423167	63423378
63423558	63423748
63427895	63428142
63429376	63429481
63430814	63431050
63432719	63432829
63434623	63434853
63435616	63435752
63436926	63437027
63659280	63659412
63661993	63662242
63662355	63662462
63666393	63666494
63669583	63669706
63670914	63671079
63672789	63672909
63673477	63673573
63673986	63674064
63678902	63679032
63680194	63680345
63680921	63681297
64488024	64488184
64489737	64489925
64490436	64490548
64491289	64491492
64491894	64492132
64492573	64492831
64493735	64493875
64495633	64495715
64496213	64496420
64496587	64496772
64498349	64498528
64499477	64499623
64500204	64500341
64500830	64500946
64502625	64502731
64503439	64503580
64504311	64504456
64505551	64505704
64507072	64507170
64508052	64508208
64508898	64509052
64510429	64510580
64510968	64511037
64512939	64513049
64513286	64513392
64513692	64513808
64514266	64514473
64549729	64549740
64556017	64556081
64561452	64561494
64569401	64569455
64573141	64573289
64581129	64581233
64582509	64582586
64587383	64587484
64587912	64588052
64590094	64590288
64592901	64593063
64595659	64595814
64597426	64597905
64597932	64602266
64749263	64749356
64758993	64759029
64768072	64768164
64778334	64778684
64780395	64780517
64785402	64785453
64791372	64791448
64794343	64794397
64798880	64798902
64800217	64800375
64801047	64801122
64802226	64802329
64804549	64805679
64861695	64861765
64862225	64862311
64863696	64863853
64864952	64865000
64865530	64865637
64867152	64867349
64867911	64868063
64868165	64868211
64868991	64869070
64869841	64869885
64870014	64870081
64870481	64870519
64870991	64871114
64871644	64871778
64872249	64872361
64872617	64872689
64873045	64873148
64873702	64873851
64875712	64875780
64875951	64876051
64876459	64876543
64877118	64877193
64877327	64877481
64877598	64878865
64937712	64937750
64954286	64954378
64961041	64961052
64970105	64970169
64978011	64978091
64996460	64996742
65003094	65004172
65008316	65008477
65018413	65018535
65019158	65019324
65021421	65021560
65022366	65022491
65023585	65023684
65025757	65025918
65026679	65026771
65027216	65027259
65029477	65029758
65030193	65030509
65030574	65030709
65231073	65231288
65232448	65232522
65235781	65235838
65236454	65236548
65237457	65237605
65237941	65238181
65239053	65239178
65239265	65239417
65240782	65242646
65281492	65281527
65286014	65286100
65286147	65286235
65286744	65286835
65289183	65289286
65289988	65290095
65296876	65297010
65297204	65297299
65297801	65297891
65298769	65298869
65299243	65299310
65299833	65299911
65300302	65300368
65302092	65302226
65302624	65302733
65303219	65303319
65303944	65304020
65304626	65304807
65305453	65305778
65306029	65306068
65306847	65307174
65307983	65308136
65308789	65308861
65309302	65309455
65310160	65310286
65311054	65311162
65387781	65387993
65410061	65410068
65411865	65411943
65414371	65414447
65417338	65417389
65418676	65418848
65423104	65423324
65424955	65424963
65425340	65425497
65428916	65429012
65430073	65430089
65441213	65441301
65442324	65442543
65442754	65443072
65444178	65444362
65447391	65447648
65449410	65450630
65453049	65453120
65453750	65453899
65454941	65455414
65456430	65456711
65457397	65457488
65458039	65458201
65458509	65458625
65460850	65461023
65461788	65461839
65462002	65462142
65462519	65463945
65469706	65469792
65470437	65470506
65471976	65472055
65472571	65473214
65474137	65474339
65475342	65475536
65482195	65482382
65482626	65484650
65484874	65485382
65849171	65849264
65849295	65849587
65855070	65855362
65862666	65864401
65894411	65894578
65906865	65906984
65908725	65908896
65909290	65909476
65910514	65910701
65911889	65912082
65913718	65914737
65914760	65916428
65966383	65966971
65968483	65968934
66560824	66560838
66561846	66561870
66562673	66562819
66564549	66564673
66566084	66566210
66567587	66567634
66567722	66567879
66569970	66570045
66571353	66571454
66573113	66574608
66715817	66715957
66716375	66716626
66717898	66718025
66719328	66719386
66720937	66721106
66721825	66721971
66726685	66726817
66730507	66730636
66730921	66730958
66731043	66731134
66731397	66731523
66732900	66733333
66734856	66734993
66738925	66739445
66740297	66740402
66772896	66772958
66774198	66774244
66777108	66777274
66785433	66785543
66786472	66786628
66788590	66788659
66793585	66793728
66802851	66805682
66805815	66806580
66806605	66807110
66807199	66808370
66808394	66810002
67008923	67009063
67009432	67009748
67010438	67010584
67010970	67011070
67013697	67013976
67014353	67015659
67015755	67016141
67019814	67020036
67021102	67021208
67021760	67022440
67024703	67025134
67031033	67031201
67031846	67031942
67033658	67033803
67035308	67035387
67036170	67036316
67036715	67036810
67037316	67037486
67038209	67038340
67040247	67040296
67040641	67041080
67041102	67042353
67044850	67044964
67047986	67048153
67049407	67049523
67050175	67050252
67051612	67051734
67051927	67052033
67052807	67052888
67053360	67053443
67053844	67053926
67054731	67058623
67115956	67116556
67123774	67123931
67127943	67127978
67322528	67322601
67349379	67350306
67355544	67355680
67361507	67361756
67363949	67364089
67370456	67370499
67370594	67370672
67372010	67372138
67373113	67373208
67375912	67375945
67379741	67379805
67678264	67678287
67682010	67682144
67694912	67694926
67717371	67717644
67726778	67726936
67728514	67728558
67728718	67728870
67730829	67731278
67735099	67735298
67737499	67737619
67739566	67739759
67742557	67742668
67748571	67748722
67751664	67751784
67755340	67755479
67755945	67756035
67760282	67760402
67769925	67769960
67770949	67771030
67772044	67772134
67772627	67772703
67774909	67775043
67776451	67776573
67777826	67777980
67779833	67779968
67781438	67781530
67782181	67782285
67950816	67951054
67951783	67951864
67952124	67952196
67952819	67952915
67953790	67953927
67954283	67954419
67955071	67955220
67955742	67955807
67956123	67957068
67967819	67967914
67970739	67970886
67971566	67971661
67973252	67973386
67980751	67980879
67999230	67999342
68003635	68003784
68005676	68005729
68117901	68118050
68118859	68118953
68121018	68121251
68148970	68149084
69003602	69003698
69003713	69003933
69004324	69004542
69196397	69196449
69216758	69216841
69217786	69217906
69224091	69224195
69228396	69228468
69232430	69232530
69233875	69233990
69239059	69239511
69244458	69244920
69248351	69248434
69251056	69251175
69251892	69251945
69255997	69256077
69262904	69262966
69263538	69263618
69263753	69263902
69265301	69265402
69266184	69266295
69266530	69266576
69267356	69267544
69268059	69268176
69270487	69270602
69272188	69272391
69274823	69274910
69276502	69276595
69277392	69277537
69278640	69278724
69282570	69282795
69282982	69283101
69283418	69283552
69283617	69283736
69283832	69283918
69317202	69317344
69318169	69318234
69318286	69318493
69321441	69321548
69328903	69329089
69334954	69335078
69336674	69336741
69338245	69338358
69340445	69340553
69804022	69804078
69805523	69805783
69808853	69809040
69812289	69812360
69815044	69815135
69815149	69815263
69817714	69817799
69818257	69818426
69819450	69819587
69822008	69822119
69823289	69823402
69824847	69825046
69827375	69827578
69828194	69828349
69831598	69831838
69835176	69835423
69847618	69847913
69847935	69848010
69848047	69848580
69853165	69853310
69856005	69856146
69857014	69857146
69857828	69857949
69858259	69858405
69859575	69859663
69861015	69861196
69862832	69862932
69864586	69864781
69865939	69866104
69868059	69868240
69872531	69872595
69873779	69873896
69874892	69875326
69875422	69875678
69875794	69876014
69886492	69886583
69887500	69887656
69888900	69889291
69891022	69891137
69891717	69891863
69891977	69892075
69894454	69894633
69895562	69895726
69896380	69896575
69897427	69897589
69898286	69898470
69899747	69899811
69901252	69901369
69903766	69903976
69992798	69992894
69993032	69993166
69998570	69998756
70042162	70042242
70043581	70043700
70044826	70044954
70045764	70045815
70047719	70047819
70048665	70048794
70049600	70049712
70050788	70050910
70051552	70051689
70062228	70062319
70063968	70064146
70066982	70067063
70068398	70069849
70069882	70071011
70085304	70085378
70098848	70098898
70114478	70114678
70117911	70118021
70119281	70119400
70121605	70121768
70122434	70122576
70124812	70124897
70126557	70126697
70128163	70128237
70132227	70132259
70138809	70138817
71135090	71135129
71145654	71145768
71147359	71147547
71149137	71149328
71150743	71150920
71151882	71152046
71152377	71152517
71155029	71155092
71156366	71156427
71156884	71156982
71157366	71157455
71158727	71158814
71159828	71159914
71162566	71162667
71163469	71163659
71164960	71165106
71165784	71165911
71166793	71167006
71167116	71167193
71168262	71168301
71168543	71168817
