0
0
0
0
0
0
0
0
0
0
0
0
0
0
0
0
0
0
0
0
0
0
0
0
0
0
0
-5.37443e-05
-2.12488e-05
0
0
0
0
0
0
0
0
0
0
0
0
0
0
0
0
0
0
0
0
0
0
0
0
0
0
0
0
0
0
0
0
0
0
0
0
0
0
0
0
0
0
0
0
0
0
0
0
0
0
0
0
0
0
0
0
0
0
0
0
0
0
0
0
0
0
0
0
0
0
0
-4.3336e-05
0
0
0
0
0
0
0
0
0
0
0
0
0
0
0
0
0
0
0
0
0
0
0
0
0
0
0
0
0
0
0
0
0
0
0
0
0
0
0
0
0
0
0
0
0
0
0
0
0
0
0
0
0
0
0
0
0
0
0
0
0
0
0
0
0
-0.000863142
0
0
0
0
0
0
0
0
0
0
0
0
0
0
0
0
0
0
0
0
0
0
0
0
0
0
0
0
0
-4.92229e-05
0
0
0
0
0
0
0
0
0
0
0
0
0
0
0
0
0
0
-0.000101066
0
0
-0.00290171
0
0
0
0
0
0
0
0
0
0
0
0
0
0
0
0
0
0
0
0
0
0
0
0
0
0
0
0
0
0
0
0
0
0
0
0
-0.00047009
0
0
0
0
0
-2.88094e-11
0
0
0
0
0
0
0
0
0
0
0
0
0
0
0
0
0
0
0
0
0
0
0
-2.03922e-05
0
0
0
0
0
0
0
0
0
0
0
0
0
0
0
0
0
0
0
0
0
0
0
0
0
0
0
0
0
0
0
0
0
0
0
0
0
0
0
0
0
0
0
0
0
0
0
0
0
0
0
0
0
0
0
0
0
-0.000291604
-0.000286596
0
0
0
0
0
0
0
0
-0.00174079
0
0
0
0
0
0
0
0
0
0
0
0
0
0
0
0
0
-0.00019871
0
0
0
0
0
0
0
0
0
0
0
0
0
0
0
0
0
0
0
0
0
0
0
0
0
0
0
0
0
0
0
0
0
0
0
-5.34501e-05
0
0
0
0
0
0
0
0
0
0
0
0
0
0
0
0
0
0
0
0
0
0
0
0
0
0
0
0
0
0
0
0
0
0
0
0
0
0
0
0
0
0
0
0
0
0
-5.3692e-06
0
0
0
0
0
0
0
0
0
0
0
0
0
0
0
0
0
0
0
0
0
0
0
0
0
0
0
0
0
0
0
0
-0.00012312
0
0
-0.000245022
0
0
0
0
0
0
0
0
0
0
0
0
0
0
0
0
0
0
0
0
0
-0.0010996
-0.000776382
0
0
0
0
0
0
0
0
0
0
0
0
0
0
0
0
0
0
0
0
0
0
0
0
0
0
0
0
-1.79528e-05
-0.000174179
0
0
0
0
0
0
0
0
0
0
0
0
0
0
0
0
0
0
0
0
0
0
0
0
0
0
0
0
0
0
0
0
0
0
0
0
0
0
0
0
0
0
0
0
0
0
0
0
0
0
0
0
0
0
0
0
0
0
0
0
0
-0.0012869
0
-4.25686e-06
0
-6.56893e-12
0
0
0
0
-1.4078e-05
0
0
-7.30449e-05
0
0
0
0
0
-0.000150755
0
0
0
0
0
0
-3.53833e-10
0
0
0
0
0
0
0
0
0
0
0
0
0
0
0
0
0
0
0
0
0
0
0
0
-1.71585e-05
0
0
0
0
0
0
-1.20552e-07
0
0
-1.83597e-09
0
0
0
0
0
0
0
0
0
0
0
0
0
0
0
0
0
0
0
0
0
0
0
0
0
0
-6.29882e-06
0
0
0
0
0
0
0
0
0
0
0
0
0
0
0
0
0
0
0
0
0
0
0
0
0
0
0
-0.00060721
0
0
0
0
0
0
0
0
0
0
0
0
0
0
0
0
0
0
0
0
0
0
0
0
0
-0.00103094
-1.37151e-05
0
0
0
0
0
-4.37971e-05
0
0
0
0
0
-3.66622e-05
0
0
0
0
0
0
0
0
0
0
0
0
0
0
0
0
0
0
0
0
0
0
0
0
0
0
0
0
0
0
0
0
0
0
0
0
-1.13293e-05
0
0
0
0
0
0
0
0
0
0
0
0
0
0
-1.62589e-11
0
0
0
0
0
0
0
0
0
0
0
0
0
0
0
0
0
0
0
0
0
0
0
0
0
0
0
0
0
0
0
0
0
0
0
-1.08659e-06
0
0
0
0
0
0
0
0
0
0
0
0
0
0
0
-5.95929e-09
0
0
0
0
0
0
0
0
0
0
0
0
0
0
0
0
0
0
0
0
0
0
0
0
0
0
0
0
0
0
0
0
0
0
0
0
0
-0.00290422
0
0
0
0
0
0
0
0
-0.00158747
0
0
0
0
0
0
0
0
0
0
0
0
0
0
0
0
0
0
0
-0.000257215
-0.000946943
0
0
0
0
0
0
0
0
0
0
0
0
0
0
0
0
0
0
-0.000779052
0
0
0
0
0
0
0
0
0
0
0
0
0
0
0
0
0
0
0
0
0
0
0
0
0
0
0
0
0
0
0
0
0
0
0
0
0
0
0
0
0
0
0
0
0
0
0
0
-0.00431418
0
0
0
0
0
0
0
0
0
0
0
0
0
0
0
0
0
0
0
0
0
0
0
0
0
0
0
0
0
0
0
0
0
0
0
0
0
0
0
0
0
0
0
0
0
0
0
0
0
0
0
0
0
0
0
0
0
0
0
0
0
0
-0.00500658
0
0
0
0
0
0
0
-1.64261e-05
0
-0.000255448
0
0
0
0
0
0
0
0
0
0
0
0
0
0
0
0
0
0
0
-2.41741e-05
0
0
0
0
0
0
0
0
0
0
0
0
0
0
0
0
0
0
0
0
0
0
0
0
0
0
0
0
0
0
0
0
0
0
0
0
0
0
0
0
0
0
0
0
0
0
0
0
0
0
0
0
0
0
0
0
0
0
0
0
0
0
0
0
0
0
0
0
0
0
0
0
0
0
0
0
0
0
0
0
0
0
0
0
0
0
0
0
0
0
0
0
0
0
0
0
0
0
0
0
0
0
0
0
0
0
0
0
0
0
0
0
0
0
0
0
-0.000991079
0
0
-6.59814e-05
0
0
-9.84443e-07
0
0
0
0
0
0
0
0
0
-1.02051e-06
0
0
0
0
0
0
0
0
0
0
0
-0.000211142
0
0
0
0
0
0
0
0
0
0
0
0
0
0
0
0
0
0
0
0
0
0
0
0
0
0
0
0
0
0
0
0
0
0
0
0
0
0
0
-1.39905e-06
0
0
0
0
0
0
0
0
0
0
0
0
0
0
0
0
0
0
0
0
0
0
0
0
0
0
0
0
0
0
0
0
0
0
0
0
0
0
0
0
0
0
0
0
0
0
0
0
0
0
0
-0.000101924
0
0
0
0
0
0
0
-1.52855e-11
0
0
0
0
-3.56272e-05
0
0
0
0
0
0
0
-2.5109e-05
0
0
0
-0.000204187
0
0
0
0
0
0
0
0
0
0
0
0
-9.45845e-05
0
0
0
0
0
-3.22655e-05
0
0
0
0
0
0
0
0
0
0
0
0
0
0
0
0
0
0
0
0
0
0
0
0
0
0
0
0
-3.48351e-08
0
0
0
0
0
0
0
0
0
0
0
0
0
0
0
0
0
0
0
0
0
0
0
0
-1.38778e-05
0
0
0
0
0
0
0
0
0
0
0
0
0
0
0
0
0
0
0
0
0
0
0
0
0
0
0
0
0
0
0
0
0
0
0
0
0
-0.00120493
0
0
-7.1093e-06
0
0
0
0
0
0
0
0
0
0
0
0
0
-0.000348568
0
0
0
0
0
0
0
0
0
0
0
0
0
0
0
0
0
0
0
-2.58965e-08
0
0
0
0
0
0
0
0
0
0
0
0
0
0
0
-3.41557e-06
0
0
0
0
0
0
0
0
0
0
0
0
0
0
0
0
0
0
0
0
0
0
0
0
0
0
0
0
0
0
0
0
0
0
0
0
0
0
0
0
0
0
0
0
0
0
0
0
0
0
0
0
0
0
0
0
0
0
0
0
0
0
0
0
0
0
0
0
-4.34239e-07
0
0
0
0
0
-2.0764e-08
0
0
-5.16106e-07
0
0
0
0
0
0
0
0
0
0
0
0
0
0
0
0
0
0
0
0
0
0
0
0
0
0
-3.76764e-07
0
0
-8.09993e-10
0
0
0
0
0
0
0
0
0
0
0
-1.03796e-06
0
0
0
0
0
-2.50174e-07
0
0
0
0
0
0
0
0
0
0
0
0
0
0
0
0
0
0
0
0
0
0
0
0
0
0
0
0
0
0
0
0
0
0
0
0
0
0
0
0
0
0
0
0
0
0
0
0
-9.40239e-06
0
0
0
0
0
0
0
0
-2.03201e-07
0
0
0
0
0
0
0
0
0
0
0
0
0
0
0
0
0
0
0
0
0
0
0
0
0
-1.77658e-07
0
0
0
0
0
0
0
0
0
0
0
0
-4.618e-06
0
0
0
0
-3.49906e-05
0
0
0
0
0
0
-7.3096e-05
0
0
0
0
0
0
0
0
0
0
0
0
0
0
0
0
0
0
0
0
0
0
0
0
0
0
0
0
0
0
-2.41699e-05
0
0
0
0
0
0
0
0
0
0
0
0
0
0
0
0
0
0
0
0
0
0
-2.20421e-09
0
0
0
0
0
0
0
0
0
0
0
0
0
0
0
0
0
0
0
0
0
0
0
0
0
0
0
0
0
0
0
0
0
0
0
0
0
0
0
0
-0.00180338
0
0
0
0
0
0
0
-2.38282e-07
0
0
0
0
0
0
0
0
0
0
0
0
0
0
0
0
-0.000343569
0
0
0
0
0
0
0
0
0
0
0
0
0
0
0
0
0
0
0
0
0
0
0
0
0
0
0
0
0
0
0
0
0
0
0
0
0
0
0
0
0
0
0
0
0
0
0
0
0
0
0
0
0
0
0
0
0
0
0
0
-2.25456e-05
0
0
0
0
0
-0.00072457
0
0
0
0
0
0
0
0
0
0
0
0
0
0
0
0
0
0
0
0
0
-9.44864e-05
0
-0.00039639
0
0
0
0
0
0
0
0
0
0
0
0
0
0
0
0
0
0
0
0
0
0
0
0
0
0
0
-7.95688e-05
0
0
0
0
0
0
0
0
0
-0.00013445
0
0
0
0
0
0
0
0
0
0
-2.41033e-09
0
0
0
0
0
0
0
0
0
0
0
0
0
0
0
0
0
0
0
-2.29455e-05
0
0
0
0
0
0
0
0
0
0
0
0
0
0
0
0
0
0
0
0
0
0
0
0
0
0
0
0
0
0
0
0
0
0
0
0
0
0
0
0
0
0
0
0
0
0
0
0
0
0
0
0
0
0
0
0
0
0
0
0
0
-9.24072e-06
0
0
0
0
0
0
0
0
0
-1.77526e-05
0
0
0
0
0
0
0
0
0
0
0
0
0
0
0
0
0
0
0
0
-0.000109809
0
0
0
0
0
-1.03005e-05
0
0
0
0
0
0
0
0
0
0
0
0
0
0
0
0
0
0
0
0
0
0
0
0
0
0
0
0
0
-0.000283941
0
0
0
0
0
0
0
0
0
0
0
0
0
0
0
0
0
0
0
0
0
0
0
0
0
-0.000288212
0
0
0
0
0
0
0
0
0
0
0
0
0
0
0
0
0
0
0
0
0
0
0
0
0
0
-0.000897662
0
0
0
0
0
0
0
0
0
0
0
0
0
0
0
0
0
0
0
0
0
0
0
0
0
0
0
0
0
0
-7.26632e-07
0
0
0
0
0
0
0
0
-0.000270094
0
0
0
0
0
0
0
0
0
-0.00139401
0
0
0
0
0
0
0
0
0
-1.29862e-06
0
0
0
0
0
0
0
0
0
0
0
0
0
0
0
0
0
0
0
0
0
0
0
0
0
0
-4.78019e-05
0
0
0
0
0
0
0
0
0
0
0
0
0
0
0
0
0
0
0
0
0
0
0
0
0
0
0
0
0
0
0
0
0
0
0
-0.000507344
0
0
0
0
0
0
0
0
0
0
0
0
0
0
0
0
0
0
0
0
0
0
0
0
0
0
0
0
-1.44282e-05
0
0
0
-5.27004e-08
-5.50998e-05
0
0
0
0
-0.000537265
0
0
0
0
0
0
0
0
0
0
0
0
0
0
0
-0.00117058
0
0
0
0
0
0
-2.89593e-09
0
0
0
0
0
0
0
0
0
0
0
0
0
0
0
0
0
0
0
-9.1478e-06
0
0
0
0
-1.2114e-08
0
0
0
0
0
0
0
0
0
0
0
0
0
0
0
0
0
-2.34994e-05
-0.000154309
0
0
0
0
0
0
0
0
0
0
0
-8.69326e-05
0
0
0
0
0
0
0
0
0
0
0
0
0
0
0
0
0
0
0
0
0
0
0
0
0
0
0
0
0
0
0
0
-0.000792606
0
0
0
0
-4.20877e-05
-2.04825e-10
0
-1.22484e-05
0
0
0
0
0
0
-0.000276083
0
0
0
0
0
0
-1.72484e-05
0
0
0
0
0
0
0
0
-7.86194e-10
0
0
0
0
0
0
0
0
0
0
0
0
0
-1.90717e-05
0
0
0
0
0
0
0
0
0
0
0
0
0
0
0
0
0
0
0
0
0
0
0
0
0
0
0
-0.00041168
0
0
0
0
0
0
0
0
0
0
0
0
0
0
0
0
0
0
0
0
0
0
0
0
0
0
0
0
0
0
0
0
0
0
0
0
0
0
0
0
-0.00117863
0
0
0
0
0
0
0
0
0
0
0
0
0
0
0
0
0
0
0
0
0
0
0
0
0
0
0
0
0
0
0
-2.56609e-05
0
0
0
0
0
0
0
0
0
0
0
0
0
0
0
0
0
0
-7.6302e-05
0
0
0
0
0
0
0
0
0
-1.39708e-06
0
0
0
0
0
0
0
-7.23418e-07
0
0
0
0
0
0
-0.000722198
0
-0.000168397
0
0
0
0
0
0
0
-0.000184353
0
0
0
0
0
0
0
0
0
0
0
0
0
0
0
0
0
0
0
0
0
-0.0006568
0
0
0
0
0
0
0
0
0
0
0
0
0
0
0
0
0
0
0
0
0
0
0
0
0
0
0
0
0
0
-4.66518e-07
0
0
0
0
0
0
0
-2.31828e-05
0
0
0
0
0
0
0
0
0
0
0
0
0
0
0
0
0
0
0
0
0
0
0
0
0
0
0
0
0
0
0
0
0
0
0
0
0
0
0
0
0
0
0
0
0
0
0
0
0
0
0
0
0
0
0
0
0
0
0
0
0
0
0
0
0
0
0
0
0
0
0
0
0
0
-8.72476e-07
0
-0.000284779
0
0
0
0
0
0
0
0
0
0
0
0
0
0
0
0
0
0
0
0
0
0
-0.000167105
0
0
0
0
0
0
0
0
-0.000814369
0
0
0
0
-8.33866e-08
0
0
0
0
0
0
0
0
0
0
0
0
0
0
0
0
0
0
0
0
0
0
0
0
0
0
0
0
0
0
0
0
0
0
0
0
0
0
0
0
0
0
0
0
-0.000389067
0
0
0
0
0
0
0
0
0
0
0
0
0
0
0
0
0
0
0
0
-0.000139706
0
0
0
0
-0.0087831
0
0
0
0
0
0
0
0
0
0
0
0
0
0
0
0
0
0
0
-6.31694e-05
-4.04485e-09
0
0
0
0
0
0
-0.000782578
0
0
0
0
0
0
0
0
0
0
0
0
0
0
0
0
0
0
0
0
0
0
0
0
0
0
0
0
0
0
0
0
0
0
0
0
0
0
0
0
0
0
0
0
0
0
0
0
0
0
0
0
0
0
0
0
0
0
0
0
0
0
0
0
0
0
0
0
0
0
0
0
0
0
0
0
0
0
0
0
0
0
0
0
0
0
0
0
0
0
0
0
0
0
0
0
0
0
0
0
0
0
0
0
0
0
0
0
0
0
0
0
0
0
0
0
0
0
0
0
0
0
0
0
0
0
-4.22903e-05
0
0
0
0
0
0
0
0
0
0
0
0
0
0
0
0
0
0
0
0
0
0
0
0
0
0
0
0
0
0
0
0
0
0
0
0
0
0
0
0
0
0
0
0
0
0
0
0
0
0
0
0
0
0
0
0
0
0
0
0
-4.7554e-06
0
0
0
0
0
0
0
0
0
0
0
0
-0.000620175
0
0
0
0
0
0
0
0
0
0
0
0
0
0
0
0
0
0
0
0
0
0
0
0
0
0
0
0
0
0
0
0
-2.04348e-05
0
0
0
0
0
-0.00218275
0
0
0
0
0
0
0
0
-1.94455e-05
0
0
0
-6.13627e-06
0
0
0
0
0
0
0
0
0
0
0
0
0
0
0
0
0
0
0
0
0
0
0
0
0
0
0
0
0
0
0
0
-0.000103428
0
0
0
0
0
0
0
0
0
0
-3.88894e-05
0
0
0
0
0
0
0
0
0
0
0
0
0
0
0
0
0
0
0
0
0
0
0
0
0
0
-3.86438e-05
0
0
0
0
0
0
0
0
0
0
0
0
0
0
0
0
0
0
0
0
0
0
0
0
0
0
0
0
0
0
0
0
0
0
0
0
0
0
0
0
0
0
0
0
0
0
0
0
0
0
0
0
0
0
0
0
0
0
0
0
0
0
0
0
0
0
0
0
0
0
0
0
0
-2.28258e-07
0
0
0
0
0
0
0
0
0
0
0
0
0
0
0
0
0
0
0
0
0
0
0
0
0
0
0
0
0
0
0
0
0
0
0
0
0
0
0
0
0
0
0
0
0
0
0
0
0
0
0
0
0
0
0
0
0
-4.11346e-08
0
0
0
0
0
0
0
0
0
0
0
0
0
0
0
0
0
0
0
0
0
-1.35211e-05
-8.8398e-06
0
0
0
0
0
0
0
0
0
0
0
0
0
-0.00155166
0
0
0
0
0
0
0
-0.000127851
0
0
0
0
0
0
0
-1.90781e-12
0
0
0
0
0
0
0
0
0
0
0
0
0
0
0
0
0
0
0
-1.17887e-06
0
0
0
0
0
0
-0.00366575
0
0
0
0
0
0
0
0
0
0
0
0
0
0
0
0
0
0
0
0
0
0
0
0
0
0
0
0
0
0
0
0
0
0
0
0
0
0
0
0
0
0
0
0
0
0
0
0
0
0
0
0
0
0
0
0
0
0
0
0
0
0
0
0
0
0
0
0
0
0
0
0
0
0
-5.14953e-05
0
0
0
0
0
0
0
0
0
0
0
-9.65058e-05
0
0
0
0
0
0
0
0
0
0
0
0
0
0
0
0
0
0
-5.02726e-06
0
0
0
0
0
0
0
0
0
0
0
0
0
0
0
0
0
-8.78907e-05
0
0
0
0
0
0
0
0
0
0
0
-8.51921e-07
0
0
0
0
0
0
0
0
0
0
0
0
0
0
0
0
0
0
0
0
0
-0.000613153
0
0
0
0
0
0
0
0
-0.000202209
0
0
0
0
0
0
0
-0.00457352
0
0
0
0
0
0
0
0
0
0
0
0
0
0
0
0
0
0
-0.00123455
0
0
0
0
0
0
0
0
0
0
0
0
0
0
0
0
0
0
0
0
-3.45726e-05
0
0
0
0
0
0
0
0
0
0
0
0
0
0
0
0
-0.000199999
0
0
0
0
0
0
0
0
0
0
0
0
0
0
0
0
-2.94604e-06
0
0
0
0
0
0
0
0
0
0
0
0
0
0
0
0
0
0
0
0
0
0
0
0
0
0
0
0
0
-0.0001846
0
0
0
0
-7.96675e-05
0
0
0
0
0
0
-7.10097e-08
0
0
0
0
0
0
0
0
0
0
0
-0.000176042
0
0
0
0
0
0
0
-5.21502e-10
0
0
0
0
0
0
0
0
0
0
0
0
0
0
0
0
0
0
0
0
0
0
0
0
0
0
0
0
0
0
0
0
0
0
0
0
0
0
0
0
0
0
0
0
0
0
0
0
0
0
0
0
0
0
0
0
0
0
0
0
0
0
0
0
0
0
0
0
0
0
0
0
0
0
0
0
0
0
0
0
0
0
0
0
0
0
0
0
0
0
0
0
0
0
0
0
0
0
0
0
0
0
0
0
0
0
0
0
0
0
0
-0.000295919
0
0
-0.00127685
0
0
0
0
0
0
0
0
0
0
0
-2.9987e-06
0
0
0
0
0
0
0
0
0
0
0
0
0
0
0
0
0
0
0
0
0
0
0
0
-0.00115954
0
0
0
0
0
0
0
0
0
0
0
0
0
0
0
-0.00038179
0
0
0
0
0
0
0
0
0
0
0
0
0
0
0
0
0
-2.93495e-08
0
0
0
0
0
0
0
0
0
0
0
0
0
-5.13288e-06
0
0
-7.14924e-05
0
0
0
0
0
0
0
0
0
0
0
0
0
0
0
0
-5.69383e-05
0
0
0
0
0
0
0
0
0
0
0
0
0
0
0
0
0
0
-2.60313e-07
0
0
0
0
0
0
-9.04625e-06
-8.63171e-10
0
-2.36045e-07
0
0
0
0
0
0
0
-1.36455e-05
0
0
0
0
0
0
0
-2.04198e-05
0
0
0
0
0
0
0
0
0
0
0
0
0
0
0
-0.019641
0
0
0
0
0
0
0
0
0
0
0
0
0
0
0
0
0
0
0
0
0
0
0
0
0
0
0
0
0
-0.000161473
0
0
0
-8.2759e-09
0
0
0
0
0
0
0
0
0
0
0
0
0
0
0
0
0
0
0
0
0
0
0
0
0
-8.41179e-06
0
0
0
0
0
0
0
0
0
0
0
0
0
0
0
0
0
0
0
-0.00035659
-0.00155828
0
0
0
0
0
0
0
0
0
0
0
0
0
0
0
0
0
0
0
0
0
0
0
0
0
0
0
0
0
0
0
0
0
0
0
0
0
0
0
0
0
0
0
0
0
0
0
0
0
0
0
0
0
0
0
0
0
0
0
0
0
0
0
0
0
0
0
0
0
0
0
0
0
0
0
0
0
0
0
0
0
0
0
0
0
0
0
0
0
0
0
0
0
0
0
0
0
0
0
0
-0.000195437
0
0
0
0
0
-0.000142674
0
0
0
0
0
0
0
0
0
0
0
0
0
0
0
0
0
0
0
0
0
0
0
0
0
0
0
0
0
0
0
0
0
0
0
0
0
0
0
0
0
0
0
0
-0.00177527
0
0
0
0
0
0
0
0
0
0
0
0
0
0
0
0
0
0
0
0
0
0
0
0
0
0
0
0
0
0
0
0
0
0
0
0
0
0
0
0
0
0
0
0
0
0
0
0
0
0
0
-3.11841e-08
0
0
0
0
0
0
0
0
0
0
0
0
0
0
0
0
0
-0.000732992
0
0
0
-0.000161555
0
0
0
-9.85992e-06
0
0
0
0
0
0
0
0
0
0
0
0
0
0
0
0
0
0
0
0
0
0
0
0
0
0
0
0
0
0
-0.00183409
0
0
0
0
0
0
0
0
0
0
0
0
0
0
0
0
0
0
-5.648e-06
0
0
-0.000692809
0
0
0
-2.72866e-07
0
0
-0.000729165
0
0
0
0
0
0
0
0
0
0
0
0
0
0
0
0
0
0
0
0
0
0
0
0
0
-0.00222702
0
0
0
0
0
0
0
0
0
0
0
0
0
0
0
0
0
0
0
0
0
0
0
0
0
0
-4.61224e-06
0
0
0
0
0
0
0
0
0
-2.35907e-06
0
-0.000565121
0
0
0
0
0
0
0
0
0
0
0
0
0
0
0
0
0
0
0
0
0
0
0
-0.000202734
0
0
0
0
0
0
0
0
0
0
0
0
0
0
0
0
0
0
0
0
0
0
0
0
0
0
0
0
0
0
0
0
0
0
0
0
0
0
0
0
0
-7.2135e-05
0
0
0
0
0
0
0
0
0
0
0
0
0
0
-2.69532e-05
0
0
0
0
-0.000359359
0
0
0
0
0
0
0
0
0
0
0
0
0
0
0
0
-0.000975388
0
0
0
0
0
0
0
-0.000293072
0
0
0
0
0
0
0
0
0
0
0
0
0
0
0
0
0
0
0
0
0
0
0
0
0
0
0
0
0
0
0
0
0
0
0
0
0
0
0
0
0
0
0
0
0
-0.000428285
0
0
0
0
0
0
0
0
0
0
0
0
0
0
0
-7.54426e-07
0
0
0
0
0
0
0
0
0
0
-0.0029232
0
0
0
0
0
0
0
0
0
0
0
0
0
0
0
0
0
0
0
0
0
0
0
-0.000131105
0
0
0
0
0
0
0
0
0
0
0
0
0
0
0
0
0
0
0
0
0
0
0
0
0
0
0
0
0
0
0
0
0
0
0
0
0
0
0
0
0
0
0
0
0
0
0
0
0
0
0
0
-3.97366e-05
-7.58712e-08
0
0
0
0
0
0
0
0
0
0
0
0
0
0
0
0
0
0
0
0
0
0
0
0
0
0
0
0
0
0
0
0
0
0
0
0
0
0
0
0
-4.3088e-05
0
0
0
0
0
0
0
0
0
0
0
0
0
0
0
0
0
0
0
0
0
0
0
0
0
0
0
0
0
0
0
0
0
0
0
0
0
0
0
0
0
0
0
0
0
0
0
0
0
0
0
0
0
0
0
0
-9.93723e-07
0
0
0
0
0
0
0
0
0
-1.61038e-05
0
0
0
0
0
0
0
0
0
0
0
0
0
0
0
0
0
0
0
-0.000216005
0
0
0
0
0
0
0
0
0
-1.51525e-05
0
0
0
0
0
0
0
0
0
0
0
0
0
0
0
0
0
0
0
0
0
0
0
0
0
0
0
0
0
0
0
0
0
0
0
0
0
0
0
0
0
0
0
0
0
0
0
0
0
0
0
0
0
0
0
0
0
0
0
0
0
0
0
0
0
0
0
0
0
0
0
0
0
0
-1.41438e-06
0
0
0
0
0
0
0
0
0
0
0
0
0
0
0
0
0
0
0
0
0
0
0
0
0
0
0
0
0
0
0
0
-3.60813e-06
0
0
0
0
0
0
0
0
0
0
0
0
0
0
0
0
0
0
0
-5.98782e-05
0
0
0
0
0
0
0
0
0
0
0
-4.62485e-07
0
0
0
0
0
0
0
0
0
0
0
0
0
0
0
0
-1.61091e-05
0
0
0
0
0
0
0
0
-0.00128134
0
0
0
0
0
0
0
0
0
0
0
0
0
0
0
0
0
0
0
0
0
-1.26032e-06
0
0
0
0
0
0
0
0
0
0
0
0
0
0
0
0
0
0
0
0
0
0
0
0
0
0
0
0
0
0
0
0
0
0
0
0
0
0
0
0
0
0
0
0
0
0
0
0
0
0
0
0
-0.00115177
0
0
0
0
0
0
0
0
0
0
0
0
0
0
0
0
0
0
0
0
0
0
0
0
0
0
0
0
0
0
0
0
0
0
0
0
0
0
0
0
0
0
0
0
0
0
0
0
0
0
0
0
0
0
0
0
0
0
0
0
0
0
0
0
0
0
0
0
0
0
0
0
0
0
0
0
0
0
-1.84124e-06
-0.00333836
0
0
0
0
0
0
0
0
0
0
0
0
0
0
0
0
0
0
0
0
0
0
0
0
0
0
0
0
0
0
0
0
0
0
0
0
-0.000542231
0
0
0
0
0
0
0
0
0
0
0
0
0
0
0
0
0
0
0
0
0
0
0
0
0
-0.000272295
0
0
0
0
-0.00169271
0
0
0
0
0
0
0
0
0
-8.20257e-05
0
0
-4.36555e-07
0
0
0
0
0
0
0
0
0
0
0
0
0
0
0
0
0
0
0
0
0
0
0
0
0
0
0
0
0
0
0
0
0
0
0
0
0
0
0
0
0
0
0
0
0
0
0
0
0
0
0
0
0
0
0
0
0
0
0
0
0
0
0
0
0
0
0
0
0
0
0
0
0
0
0
0
0
0
-4.99707e-11
0
0
0
0
0
0
0
0
0
0
0
0
0
0
0
0
0
0
0
0
0
0
0
0
0
0
0
0
0
0
0
0
0
0
0
0
0
0
0
0
0
0
0
0
0
0
0
0
0
0
0
0
0
0
-0.000934592
0
0
0
0
0
0
0
0
0
0
0
0
0
0
0
0
0
0
0
0
0
0
0
0
0
0
0
0
0
0
0
0
0
0
0
0
0
-0.000776687
0
0
0
0
0
0
0
0
0
0
0
0
0
0
0
0
0
0
0
0
0
0
0
0
0
0
0
0
0
0
0
0
0
0
0
0
0
0
0
0
0
0
0
-7.58828e-06
0
0
0
0
0
0
0
0
0
0
0
0
0
0
0
0
0
0
0
0
-0.000162041
0
0
0
0
0
0
0
0
0
0
0
0
0
0
0
0
0
0
0
0
0
0
0
0
0
0
0
0
0
0
0
0
0
0
0
0
0
0
0
0
0
0
0
0
0
0
0
0
0
0
0
0
0
0
0
0
0
0
0
0
0
0
0
0
0
0
0
0
0
0
-0.000226484
0
0
0
0
0
0
0
0
0
0
0
0
0
0
0
0
0
0
0
0
-3.85657e-06
0
0
0
0
0
0
0
0
0
0
0
0
0
0
0
0
0
0
0
0
0
0
0
0
0
0
0
0
0
0
0
0
0
0
0
-2.87358e-14
0
0
-1.81868e-05
0
0
0
0
0
0
0
0
0
0
0
0
0
0
0
0
0
0
0
0
0
0
0
0
0
0
0
0
0
0
0
0
0
0
0
0
0
0
0
0
0
0
0
0
0
0
0
0
0
0
0
0
0
0
0
0
0
0
0
0
0
0
0
0
0
0
0
0
0
0
0
0
0
-0.000267663
0
0
0
0
0
0
0
0
0
0
0
0
0
0
0
0
0
0
0
0
0
0
0
0
0
0
0
-5.77292e-07
-0.0044022
0
0
0
0
0
0
0
0
0
0
0
0
0
0
0
0
0
0
0
0
0
0
0
0
0
-0.00154991
0
0
0
0
0
0
0
0
0
0
0
0
0
0
-0.000185057
0
0
0
0
0
0
-3.70574e-05
0
0
0
0
0
0
0
0
0
0
-2.5504e-08
0
0
0
0
0
0
0
0
0
0
0
0
0
0
0
0
0
0
0
0
0
0
0
-2.86783e-11
0
0
0
0
0
0
0
0
0
0
0
0
0
0
0
0
0
0
0
0
0
0
0
0
0
0
0
0
0
0
0
0
0
-0.000172617
0
0
0
0
0
0
0
0
0
0
0
-4.32071e-09
0
0
-4.60471e-05
0
0
0
0
0
0
0
0
0
0
0
0
0
0
-0.000509542
-0.000812371
0
0
0
0
0
0
-0.00104377
0
0
0
0
0
0
0
0
0
0
0
-1.26583e-08
0
0
0
0
0
0
0
0
0
0
0
-5.20077e-05
0
0
0
0
0
0
0
0
0
0
0
0
0
0
0
0
0
0
0
0
0
0
0
0
0
0
0
-2.41791e-06
0
0
0
0
0
0
0
0
0
0
0
0
0
0
-3.83499e-10
0
-0.000136133
0
0
0
0
0
0
0
0
0
0
0
0
0
0
0
0
0
0
0
0
0
0
0
0
0
0
0
0
0
-0.000636762
0
0
0
0
0
0
0
0
0
0
0
0
0
0
0
0
0
0
0
0
0
0
-0.000363545
0
0
0
0
0
0
-0.000274935
0
0
0
0
0
0
0
0
0
0
0
0
0
0
0
0
0
0
0
0
0
0
-1.10511e-05
0
0
0
-2.71809e-07
0
0
0
0
0
0
0
0
0
0
0
0
0
0
0
0
-0.000571285
0
0
0
0
0
0
0
0
-2.76384e-05
0
0
0
0
0
0
0
0
0
0
0
0
0
0
0
0
0
0
0
0
0
0
0
0
0
0
0
0
0
0
0
0
0
0
0
0
0
0
0
0
0
0
0
0
0
0
0
0
0
0
0
0
0
0
0
-3.71452e-07
0
0
0
0
0
0
0
0
0
0
0
0
0
0
0
0
0
0
0
0
0
0
0
0
0
0
0
0
0
0
0
0
0
0
0
0
0
0
0
0
0
0
0
0
0
0
0
0
-7.19655e-10
0
0
0
0
0
0
0
0
0
0
0
0
0
0
0
0
0
0
0
0
0
0
0
0
0
0
0
0
0
0
0
0
0
0
0
0
0
0
0
0
0
0
0
0
0
-2.6301e-06
0
0
0
0
0
0
0
0
0
0
0
0
0
0
0
0
0
0
0
0
0
0
0
0
0
0
0
0
0
0
0
0
0
0
0
0
0
0
0
0
0
0
0
0
0
0
0
0
0
0
0
0
0
0
0
0
0
0
0
0
0
-3.71096e-06
0
0
0
-0.00295142
0
0
0
0
0
0
0
0
0
0
0
0
0
0
0
0
0
0
0
0
0
0
0
0
0
0
0
0
0
0
-0.000494034
0
0
0
-0.00015449
0
0
-0.000798069
0
0
0
0
0
0
0
0
0
0
0
0
0
0
0
-0.000180301
0
0
0
0
0
-0.000213161
0
-0.000583903
0
0
0
0
0
0
0
-1.51261e-07
0
0
0
0
0
0
0
0
0
0
0
0
-0.000527935
0
0
-5.09373e-05
0
0
0
0
0
0
0
0
-0.000802127
0
0
0
0
0
0
0
0
0
-3.17522e-07
0
0
0
0
0
0
0
0
0
0
0
0
0
0
0
0
-0.00187462
0
0
0
0
0
0
0
0
0
0
0
0
0
0
0
0
0
0
0
0
0
0
0
0
0
0
0
-4.64638e-06
0
0
0
0
0
0
0
0
0
0
0
0
0
0
0
0
0
0
0
0
0
0
0
0
0
0
0
0
0
-0.00242052
0
0
0
0
0
0
0
0
0
0
0
0
0
0
0
0
0
0
0
0
0
0
0
0
0
-0.00117089
0
0
0
0
0
0
0
0
0
0
0
0
0
0
0
0
0
0
0
-0.000489023
0
0
0
0
0
0
0
0
0
0
0
0
0
0
0
0
0
0
-8.90528e-05
0
0
0
0
0
-2.47848e-05
0
0
0
0
0
0
0
0
0
0
0
0
0
0
0
0
0
0
0
0
0
0
0
0
0
0
0
0
0
0
0
0
0
0
0
0
0
0
0
0
0
0
0
0
0
0
0
0
0
0
0
0
0
0
0
0
0
0
0
0
0
0
0
0
0
0
0
0
-0.000938051
0
0
0
0
0
0
0
0
0
0
0
0
0
0
0
0
0
0
0
0
0
0
0
0
0
0
0
0
0
0
0
0
0
-8.60875e-05
0
0
0
0
0
0
0
0
0
0
0
0
0
0
0
0
-1.71489e-06
0
-1.26421e-07
0
0
0
0
0
0
0
0
0
0
0
0
0
0
0
0
-4.79889e-07
0
0
0
0
0
0
0
0
0
0
0
0
0
0
0
0
0
0
0
0
0
0
0
0
0
0
0
0
0
-0.000548094
0
0
0
0
0
0
0
0
0
0
0
0
0
0
0
0
0
0
0
0
0
0
0
0
0
0
0
-1.30785e-10
0
0
0
0
0
0
0
0
0
0
0
0
0
0
0
0
0
0
0
0
0
0
0
0
0
0
0
0
0
0
0
0
0
0
0
0
0
0
0
0
0
0
0
0
0
0
0
0
0
0
-2.18135e-10
-0.000342507
0
0
0
0
0
0
0
0
0
0
0
-0.000210631
0
0
0
0
0
0
0
0
0
0
0
0
0
0
0
0
0
0
0
0
0
0
0
0
0
0
0
-0.000266246
0
0
-1.69189e-07
0
0
0
0
0
0
0
0
0
0
0
0
0
0
0
0
0
0
0
0
0
0
0
0
0
0
0
0
0
0
0
0
0
0
0
0
0
0
0
0
0
0
0
0
0
0
0
0
0
0
0
0
0
0
0
0
0
0
0
0
0
0
0
0
0
0
0
0
0
0
0
0
0
0
-0.000236503
0
0
0
0
0
0
0
0
-0.0008876
0
0
0
0
0
0
0
0
0
0
0
0
0
0
0
0
0
0
0
0
0
0
0
0
0
0
0
0
0
0
0
0
0
0
0
0
0
0
0
0
0
0
0
0
0
0
0
-0.000912795
0
0
0
0
0
0
0
0
0
0
0
0
0
0
0
0
0
0
0
0
0
0
0
0
0
0
0
0
0
0
0
0
-0.000800101
0
0
0
0
0
0
0
0
0
0
0
0
0
0
0
0
0
0
0
0
0
0
0
0
0
0
0
0
0
0
0
0
0
0
0
0
0
0
0
0
0
0
0
0
0
0
0
0
0
0
0
0
0
0
-0.0164769
0
0
0
0
0
0
0
-7.62049e-07
0
0
0
0
0
0
0
0
0
0
0
0
0
0
0
0
0
0
0
0
0
0
0
0
0
0
0
0
0
0
0
0
0
0
0
0
0
0
0
0
0
0
0
0
0
0
0
0
0
0
0
0
0
0
0
0
0
0
0
0
0
0
0
0
0
0
0
0
0
0
0
0
0
0
0
-0.000211983
0
0
0
0
0
0
0
0
0
0
0
0
0
0
0
0
0
0
0
0
0
0
0
0
0
0
0
0
0
