0
-0.00385965
0
0
0
0
0
0
0
0
0
0
0
-0.0512897
0
0
0
-3.80516e-06
0
0
0
0
0
0
0
0
0
0
0
0
0
0
0
0
0
0
0
0
0
0
0
0
0
0
0
0
0
0
0
0
0
0
0
0
0
0
0
0
0
0
0
0
0
0
0
0
0
0
0
0
0
0
0
0
0
0
0
0
0
0
0
0
0
0
0
0
0
0
0
0
0
0
0
0
0
0
0
0
0
0
0
-0.00154941
0
-0.000512582
0
0
0
0
0
0
0
0
0
0
0
0
0
0
0
0
0
0
0
0
0
0
0
0
0
0
0
0
0
0
0
0
0
0
0
0
0
0
0
0
0
0
-5.51079e-06
0
0
0
0
0
0
0
0
-0.00650016
0
0
0
0
0
0
0
0
0
0
0
0
0
0
0
0
0
0
0
0
0
0
0
0
0
0
0
0
0
0
0
0
0
0
0
0
0
0
0
0
0
0
0
0
0
-3.48961e-07
0
0
0
0
0
0
0
0
0
-0.00370784
0
0
0
0
0
0
0
-3.9264e-07
0
0
0
0
0
-0.00428802
0
-3.99934e-07
0
0
-4.91683e-06
0
0
0
0
0
-7.02571e-07
0
0
0
0
0
0
0
0
0
-0.000813199
0
0
0
0
0
0
0
0
0
0
0
0
0
0
0
0
0
0
0
0
0
0
0
0
0
0
0
0
0
0
-0.00137414
0
0
0
0
-0.000596425
0
0
0
0
0
0
0
-3.19504e-05
0
0
-0.000135078
0
0
0
0
0
0
0
0
0
0
0
0
0
0
0
-0.000522732
0
0
0
0
0
0
-6.45317e-05
0
0
0
0
0
0
0
-8.94026e-05
0
0
0
0
0
0
0
0
0
0
0
0
0
0
0
0
0
0
0
0
0
0
0
0
0
0
0
0
-0.000155012
0
0
0
0
0
0
0
0
0
0
0
0
0
-0.000139258
0
0
0
0
0
0
0
0
0
-1.98426e-08
0
0
0
0
-5.58148e-05
0
0
0
0
0
0
0
-9.24628e-06
0
0
0
0
0
0
0
0
0
0
0
0
0
0
0
0
0
0
0
-0.0206703
0
0
0
0
0
0
0
0
0
0
0
0
0
0
0
0
0
0
0
0
0
0
0
0
-0.0072278
0
0
0
0
0
0
0
0
0
0
0
0
0
0
0
0
0
0
0
0
0
0
0
0
0
0
0
0
0
0
0
0
0
0
0
0
0
0
0
0
0
0
0
0
0
0
0
-2.155e-05
0
0
0
0
-0.00049005
0
0
0
0
0
0
0
0
0
0
0
0
0
0
0
-2.09903e-05
-0.00163239
-6.89164e-05
0
0
0
0
0
0
0
-0.0395383
0
0
0
0
0
0
0
0
0
0
0
0
0
0
0
0
0
0
0
0
0
0
0
0
0
0
0
0
0
0
0
-1.00912e-06
0
0
0
0
0
0
0
0
0
-6.73382e-05
0
0
0
0
0
0
0
0
0
0
0
0
0
0
0
0
0
0
0
0
0
0
-0.136796
0
0
0
0
0
0
0
0
0
0
0
0
0
0
0
0
0
0
0
0
0
0
0
0
0
0
0
0
0
0
0
0
0
0
0
0
0
0
0
0
0
0
0
0
0
0
0
0
0
0
-0.00238621
0
0
0
0
0
0
0
0
-0.00147411
0
0
0
0
0
0
0
0
0
0
0
0
0
0
0
0
0
0
0
-2.24888e-05
-1.79085e-09
0
0
0
0
0
0
0
0
0
0
0
0
0
0
0
0
0
0
0
0
0
0
0
-7.58555e-08
0
0
0
0
0
0
0
0
0
0
0
0
0
0
0
-0.000172184
0
0
0
0
0
0
0
-8.58496e-05
0
0
0
-0.0014079
0
0
0
0
0
0
0
0
0
0
0
0
0
0
0
0
0
0
0
0
0
0
-0.0128936
0
0
0
0
0
0
0
0
0
0
0
0
0
0
0
0
0
0
0
0
0
0
0
0
0
0
0
0
0
-0.0106958
0
0
0
-0.00326192
0
0
0
0
0
0
0
0
0
0
0
0
0
0
0
0
0
0
0
0
0
0
0
0
0
0
0
0
0
-0.0129035
0
0
0
0
0
0
0
0
0
0
0
0
0
0
0
0
0
0
-0.00100128
0
0
0
0
-0.00194563
0
0
0
0
0
0
0
0
0
0
0
0
0
0
-0.000100924
0
0
0
0
0
0
0
0
0
0
0
-0.00215361
0
0
0
0
0
0
0
0
0
0
0
0
0
0
0
0
-0.000505191
0
0
0
-0.00103937
0
0
0
0
0
0
0
0
0
0
0
0
0
0
0
0
0
0
0
0
0
0
-6.29489e-05
-0.00308214
0
0
0
0
0
0
-0.0113052
0
0
0
0
0
0
0
0
0
0
0
0
0
0
-0.00148432
0
0
0
0
0
0
0
0
0
0
-0.0235959
0
0
0
0
0
0
0
0
0
0
0
0
0
0
0
0
0
0
0
0
0
0
0
0
0
0
0
0
0
0
0
-0.0288949
0
0
0
-0.000543622
0
0
0
0
0
0
0
0
0
0
0
0
0
0
0
0
0
0
0
0
0
0
0
0
0
0
0
0
0
0
0
-6.24129e-05
0
0
0
0
-0.000248817
0
0
0
0
0
0
0
0
0
0
0
0
0
0
-9.52795e-09
0
0
0
0
0
0
0
0
0
0
0
0
0
0
0
0
0
0
0
0
0
0
0
0
0
0
0
0
0
0
0
0
0
0
0
0
0
0
-1.29004e-06
0
0
0
0
-1.72872e-07
0
0
-0.000103622
0
0
0
0
0
0
0
0
0
0
0
0
0
0
0
0
0
0
0
0
0
0
0
0
0
0
0
0
0
0
0
0
0
0
0
0
0
0
0
0
0
0
0
-1.02795e-06
0
0
0
0
0
0
0
0
0
0
0
0
0
0
0
0
-0.00015736
0
0
0
0
-0.000548165
0
0
0
0
0
0
0
0
0
0
0
0
0
0
0
0
0
-8.93277e-06
0
0
0
0
0
0
0
0
0
0
0
0
0
0
0
-0.020735
0
0
0
-0.00011596
0
0
-0.00290648
0
0
0
0
0
0
0
0
0
0
0
0
0
0
-0.000103967
0
-8.19822e-10
0
0
-5.76397e-05
0
0
0
0
0
0
0
0
0
0
0
-0.00298309
0
0
0
0
0
0
0
0
0
0
0
0
0
0
0
0
0
0
0
-1.18194e-05
0
0
0
0
0
0
0
0
0
0
-0.00477254
0
0
0
0
0
0
-3.02072e-05
0
0
0
0
0
0
0
0
-4.57228e-05
0
0
0
0
0
0
0
0
0
0
0
0
0
0
0
0
0
0
0
-1.26574e-05
0
0
0
0
0
0
0
0
-8.96283e-05
0
0
0
0
0
0
0
0
0
0
0
0
0
0
-0.000838157
0
0
0
0
0
0
-1.14222e-06
0
0
0
0
0
0
0
0
0
0
0
0
0
0
0
0
0
0
-0.000504817
0
0
0
-1.01065e-07
0
0
-4.20571e-09
0
0
0
0
0
0
0
0
0
0
0
0
0
0
0
0
0
0
0
0
0
0
0
-3.50999e-06
0
0
0
0
0
0
0
0
0
0
0
0
0
0
0
0
0
0
0
0
0
-0.000250156
0
0
0
0
0
0
-0.0125173
0
0
-0.0039202
0
0
0
-5.77906e-05
0
-0.00389381
-2.18274e-05
0
0
0
0
0
0
0
0
0
0
0
0
0
0
0
0
0
-0.000145137
0
0
0
0
0
0
0
0
0
0
0
0
0
0
0
0
0
0
0
0
0
0
-0.00823619
0
0
0
0
0
0
0
0
0
0
0
0
0
0
0
0
-0.00129064
0
0
-0.000153255
0
0
-0.059621
-7.76623e-08
0
0
0
0
0
0
0
0
0
0
0
0
0
0
0
0
0
0
0
0
0
0
0
0
0
0
0
0
0
0
0
0
0
0
0
0
0
0
0
0
0
0
0
0
-0.000249911
0
0
0
0
-0.000568445
0
-7.23947e-06
0
0
0
0
0
0
-0.000134457
0
0
0
0
0
0
0
0
0
0
-0.00450533
0
0
0
0
0
0
0
0
0
-2.09427e-05
0
0
0
0
0
0
0
0
-0.00414794
0
0
0
-0.00172148
0
0
0
0
-3.13862e-08
0
0
0
0
0
0
0
0
0
0
0
0
0
0
0
0
0
0
0
0
-0.00694707
0
0
0
0
0
0
-1.61906e-05
0
0
0
0
0
0
0
0
0
0
0
-0.014219
0
-2.79649e-07
0
0
0
0
0
0
0
0
0
0
0
0
0
0
0
0
0
0
0
0
-0.000138183
0
0
0
0
0
0
0
0
0
0
0
-0.000378522
0
0
0
0
0
0
0
0
0
0
0
0
0
-0.00799306
0
0
0
0
0
0
0
0
0
-2.91074e-05
0
0
0
0
0
0
0
0
0
0
0
0
0
0
0
0
0
0
0
0
0
0
0
0
0
0
0
0
0
0
0
0
0
0
0
0
0
0
0
0
0
0
0
0
0
0
0
0
0
0
0
0
0
0
-0.0301683
0
0
0
0
-0.0167846
0
0
0
-0.000160066
0
-0.000496238
0
0
0
0
0
0
0
0
0
0
0
0
0
0
0
0
0
0
0
0
0
0
0
0
0
-0.000735156
0
0
0
0
0
0
0
0
0
0
0
0
0
0
0
0
0
0
0
0
0
0
-9.52286e-09
0
0
0
0
0
0
0
0
0
0
0
0
0
0
0
0
0
0
0
0
0
0
0
0
0
0
0
-0.00120361
0
-5.47118e-08
0
0
0
0
0
0
0
0
0
0
0
0
0
0
0
0
0
0
0
0
0
-0.0146795
0
0
0
0
0
0
0
0
0
0
0
0
0
0
0
0
0
0
0
0
0
0
0
0
0
0
0
0
0
0
0
0
0
0
-0.0141451
0
0
0
0
0
0
0
0
-8.49806e-07
0
0
0
0
-0.00686692
0
0
0
0
-0.00131923
0
0
0
0
0
0
0
0
0
0
0
0
0
0
0
0
0
0
0
0
0
-0.000510069
0
0
0
0
0
0
0
0
0
0
0
0
0
0
0
0
0
0
0
0
0
0
0
0
-0.00139775
0
0
0
0
0
0
0
0
0
0
0
0
0
0
0
0
0
0
0
0
-0.00113399
0
0
0
0
0
-0.0015435
-0.000220354
-0.00153958
0
0
0
0
0
0
0
0
-0.00092637
0
0
0
0
0
0
0
0
0
0
0
0
-0.00210854
0
0
0
0
-0.00816905
0
-0.000908182
0
0
0
0
0
0
0
0
0
0
0
0
0
0
0
0
0
0
0
0
0
0
0
-0.00186692
0
0
0
0
0
0
0
0
0
0
0
0
0
0
0
-0.00333171
0
0
0
0
0
0
0
0
0
0
0
0
0
0
0
0
0
0
0
0
0
0
0
0
-0.000451502
0
0
0
0
0
0
0
0
0
0
0
0
0
0
0
0
0
0
0
0
0
0
0
0
0
0
0
0
0
0
-1.83236e-06
0
0
0
0
0
0
0
0
0
0
0
0
0
0
0
0
0
0
0
0
0
0
0
0
0
0
0
0
0
0
0
0
0
0
0
-0.00352241
0
0
0
0
0
0
-0.00597961
0
0
-0.000755592
0
0
-0.00419282
0
0
0
0
0
0
0
0
0
0
0
0
0
0
0
0
0
0
0
0
0
0
0
0
0
0
0
-0.000300628
0
0
0
0
0
0
0
0
0
0
0
0
0
0
0
0
0
0
-1.44752e-05
0
0
0
0
0
0
0
0
0
0
0
0
-1.67751e-05
0
0
0
0
0
0
0
0
0
0
0
0
0
0
0
0
0
0
0
0
0
0
0
0
0
0
0
0
0
0
0
0
0
0
0
0
-5.64625e-05
0
0
0
0
0
0
-0.00291357
0
0
0
0
0
0
-0.000180648
0
0
0
0
0
-9.53928e-08
0
0
0
-0.00080669
0
0
0
0
0
0
0
0
0
0
-0.000198354
0
0
0
0
0
0
0
0
-1.33699e-09
0
0
0
0
-0.00048035
0
0
0
0
0
0
0
0
0
0
0
0
0
0
0
0
0
0
0
0
0
0
0
0
0
0
0
0
0
0
0
0
0
0
0
0
0
0
0
0
0
0
0
-7.85561e-05
0
0
0
0
0
0
0
0
0
0
0
0
0
0
-0.00213756
0
0
0
0
-6.93508e-06
-0.00382916
0
0
0
0
0
0
0
0
0
0
0
0
0
-0.000153905
0
0
0
0
0
0
0
0
0
0
-0.00175924
0
0
0
0
0
0
-0.0155311
0
0
0
0
0
0
0
0
0
0
0
0
0
0
-0.000141175
0
0
0
-0.0041828
0
0
0
0
0
0
0
0
0
0
0
0
0
0
-4.00519e-05
0
0
0
0
0
-0.00149561
0
0
0
-0.000935857
0
0
0
-0.00018059
0
0
0
0
0
0
0
0
0
0
0
0
0
0
0
0
0
0
0
0
0
0
0
0
0
0
0
0
0
0
0
-2.30007e-05
0
0
0
0
0
0
0
0
0
0
0
0
0
0
-1.0162e-05
0
0
0
0
0
0
0
0
0
0
0
0
0
0
0
0
0
-1.23483e-06
0
0
0
0
0
0
0
0
0
0
0
0
0
0
0
0
0
0
0
0
0
0
0
0
0
0
0
0
0
0
0
0
0
0
0
0
0
0
0
0
0
0
0
0
0
0
0
0
0
0
0
0
0
0
-4.93259e-07
0
0
0
0
0
0
0
0
0
0
0
0
0
0
0
0
0
0
0
0
0
0
0
0
0
0
0
-0.00123686
0
0
0
0
0
0
0
0
0
0
0
0
0
0
0
0
0
0
0
0
0
0
0
0
0
0
0
0
0
-0.0124082
0
0
0
0
0
0
0
0
-8.65866e-05
0
0
0
0
0
0
0
-0.00208722
0
0
0
0
0
0
0
0
0
0
0
-0.000381902
0
0
0
0
0
0
0
0
0
0
0
0
0
0
0
0
0
0
0
0
0
0
0
0
0
0
-2.10293e-07
0
-0.00386443
0
0
0
0
0
0
0
0
0
0
0
0
0
0
0
0
0
0
0
0
0
0
0
0
0
0
0
0
0
0
0
0
0
0
0
0
0
0
0
0
0
0
0
0
0
0
0
0
0
0
0
0
0
-0.00144379
0
0
0
0
0
-0.00454081
0
0
0
0
-0.000136685
0
0
0
0
0
0
0
0
-1.27264e-05
0
0
0
0
-0.0010367
0
0
0
0
0
0
0
-0.00068986
0
0
0
-0.0376224
0
0
0
0
0
0
0
0
0
-0.000842947
0
0
0
0
0
0
0
0
0
0
0
0
0
0
0
0
0
0
0
0
-0.012216
0
0
-0.00109107
0
0
0
0
0
0
0
0
0
0
0
0
0
0
0
0
0
0
0
0
0
0
0
0
0
0
0
0
0
0
0
0
0
0
0
0
0
-0.00371841
0
0
0
-7.71428e-13
0
0
0
0
0
0
0
0
0
0
0
0
0
0
0
0
0
0
0
0
0
0
0
0
0
0
-3.20162e-13
0
0
0
0
0
0
0
0
0
0
0
0
0
0
0
0
0
0
0
0
0
0
0
-0.0122667
0
0
0
0
0
0
0
0
0
0
0
0
0
0
0
0
0
0
0
0
0
0
0
0
0
0
0
0
0
0
0
0
-0.00226613
0
0
0
0
0
0
0
0
0
0
0
0
0
0
0
0
0
0
0
-0.0011055
0
0
0
0
0
0
0
0
-1.59181e-07
0
0
0
0
0
0
0
0
0
0
0
0
-2.72606e-08
0
-0.00012184
0
0
0
0
0
0
0
0
0
0
0
0
0
0
0
0
0
-1.4573e-07
0
0
0
0
0
0
0
0
0
0
0
0
0
0
0
0
-0.00286845
0
0
-0.032254
-0.000643062
0
0
0
0
0
0
0
0
0
0
0
-0.00330404
0
-0.00260341
0
0
0
0
0
0
0
0
0
0
0
0
0
0
0
0
0
0
0
0
0
0
0
0
0
0
0
0
0
0
0
0
0
0
0
0
0
0
0
0
0
0
0
0
0
0
0
0
0
0
0
0
0
0
0
0
0
-8.56767e-06
0
0
0
0
0
0
0
0
0
0
0
0
0
0
0
0
0
0
-5.94206e-08
0
0
0
0
0
0
0
0
0
0
0
0
-8.23521e-08
0
0
0
0
0
0
0
0
0
0
-0.000526292
-5.52101e-05
0
0
0
0
0
0
0
0
0
0
-0.000749612
0
0
0
-0.000143807
0
0
0
0
0
0
0
0
0
0
0
0
0
0
0
0
0
-2.07339e-05
0
0
0
-0.0153237
0
0
0
0
0
0
0
0
0
0
0
0
0
0
0
0
0
0
0
0
0
0
-0.00110518
0
-0.00177958
0
0
0
0
-0.00717638
0
0
0
0
0
0
0
0
0
0
0
0
0
0
0
0
0
0
0
0
0
0
0
0
-0.00158777
0
0
0
0
0
0
0
0
0
0
0
0
0
0
0
0
0
0
0
0
0
0
0
-8.58656e-07
0
0
0
0
0
0
0
0
0
0
0
0
0
0
0
0
0
0
0
0
0
0
0
0
0
0
0
0
0
0
0
0
0
0
0
0
0
0
0
0
0
0
0
-0.000907072
0
0
0
0
0
0
0
0
0
0
0
0
0
0
0
0
0
0
0
0
0
-0.0797551
0
0
0
0
0
0
0
0
0
-2.60726e-06
0
0
0
0
0
0
0
0
0
0
0
0
0
0
0
0
0
0
0
0
0
0
0
0
0
0
0
0
0
0
0
0
0
0
-0.058562
0
0
0
0
-0.00775111
0
0
0
0
-3.83094e-11
0
0
0
0
0
0
0
0
0
0
0
0
0
-6.29164e-06
0
0
0
0
0
0
0
0
0
0
0
0
0
0
0
0
0
0
0
0
0
0
-8.66005e-05
0
0
0
0
0
0
0
0
0
0
0
0
0
0
0
0
0
0
0
0
0
-3.39442e-06
0
0
0
0
0
0
0
0
0
0
0
0
0
0
0
0
0
0
0
0
0
0
0
0
0
0
0
0
0
0
0
0
0
0
0
0
0
0
0
0
0
0
0
0
0
0
0
0
0
0
0
0
0
0
0
0
0
0
0
0
0
0
-3.51954e-05
0
0
0
0
0
0
0
0
0
0
0
0
0
0
0
0
0
0
0
-2.72551e-14
0
0
0
0
0
-0.0110872
0
0
0
0
0
0
0
0
0
0
0
0
0
0
0
-0.000166751
0
0
0
0
0
0
0
0
0
0
0
0
0
0
0
0
0
0
0
0
-0.00378865
0
0
0
0
0
0
0
0
0
0
0
0
0
0
0
0
-0.00421116
0
0
0
-7.92111e-05
0
0
0
0
0
0
0
0
0
0
0
0
0
0
0
0
0
0
-0.0130257
0
0
0
0
0
0
0
0
0
0
0
0
0
0
0
0
0
0
0
0
0
0
0
0
0
0
-8.63756e-07
0
0
0
0
0
0
0
0
0
0
0
0
0
0
0
0
0
0
-4.57955e-05
0
0
0
0
-2.1081e-05
0
0
-0.0041521
-4.27393e-05
0
0
0
0
0
0
0
0
0
0
0
-6.84727e-07
0
0
0
0
0
-2.22388e-06
0
0
0
0
0
0
0
0
0
0
0
0
0
-1.76686e-06
0
0
0
0
0
0
0
0
0
0
0
0
0
0
0
0
0
0
0
0
0
0
0
0
0
0
-2.46223e-06
0
0
0
0
0
0
0
0
0
-8.84673e-05
0
-2.99929e-05
-7.5844e-06
0
0
0
0
0
0
0
0
0
0
0
0
-1.6811e-09
0
0
-1.12275e-07
0
0
0
0
0
0
0
0
0
0
0
0
-0.000565785
0
0
0
0
0
0
0
0
0
0
0
0
0
0
0
0
0
0
0
0
0
0
0
0
0
0
0
0
0
0
0
0
0
0
0
0
0
0
0
0
0
0
0
0
0
0
0
0
0
0
0
0
0
0
0
0
0
0
0
0
0
0
0
0
0
0
0
0
0
0
0
0
0
0
0
0
-0.029057
0
0
0
0
0
0
0
0
0
0
0
0
0
0
-5.40679e-07
0
0
0
0
0
0
0
0
-1.19007e-05
-0.000426849
0
0
0
0
0
0
0
0
0
0
0
0
0
0
0
0
0
0
-0.00848394
0
0
0
0
0
0
0
0
0
0
0
0
0
0
0
-0.00232084
0
0
0
0
0
0
0
-0.00118622
0
0
0
0
0
0
0
0
0
0
0
-0.000215638
0
0
0
0
0
0
0
0
0
0
0
0
0
0
0
0
0
-0.000198947
0
0
0
0
0
0
0
0
0
0
0
0
0
0
0
0
0
0
0
0
0
0
0
0
-2.45304e-06
0
0
0
0
0
0
0
0
0
0
-6.37727e-08
0
0
0
0
0
0
0
0
0
0
0
0
0
0
0
0
0
0
0
-8.43264e-05
0
0
0
0
0
0
0
0
0
0
0
0
-1.3693e-05
0
0
0
0
0
0
0
0
0
0
0
0
0
0
0
0
0
0
0
0
0
0
0
0
0
0
0
0
0
0
0
0
0
0
0
0
0
0
0
0
0
0
0
0
-0.00162778
0
0
0
0
0
-0.00178322
0
0
0
0
0
0
0
0
0
0
0
0
0
0
0
0
-9.60328e-08
0
0
0
0
0
0
-0.0004248
-8.92208e-05
0
0
0
0
0
0
0
0
0
0
0
0
0
0
-0.00118751
0
0
0
-0.000236104
0
0
0
0
0
0
0
0
0
0
0
0
0
0
0
0
0
-0.000974569
0
0
0
0
0
0
0
0
0
0
0
0
0
0
0
0
0
0
0
-1.30031e-05
0
0
0
0
0
0
-0.00375779
0
0
0
0
0
0
0
-0.00366929
0
0
0
0
0
0
0
0
0
0
0
0
0
0
0
0
0
0
0
0
0
-0.00126744
0
0
0
0
0
0
0
0
0
0
0
0
-0.00246031
0
0
0
0
0
0
0
0
0
0
0
0
0
0
0
0
0
-8.49387e-07
0
0
-0.000206398
0
-0.0144979
-1.62968e-05
0
0
0
0
0
0
0
0
0
0
0
0
0
0
0
0
0
0
0
0
0
0
0
0
0
0
0
0
0
-6.23404e-05
0
0
0
0
0
0
0
0
0
0
0
0
0
0
0
-0.0030544
0
0
0
0
0
0
0
0
0
0
0
0
0
0
0
0
0
0
0
0
0
0
0
0
0
0
0
-0.000206687
0
0
0
0
0
0
0
0
0
0
0
0
0
0
0
-0.0048427
0
0
0
0
0
0
0
0
0
-0.000214528
0
-0.00164031
0
0
0
0
0
0
0
0
0
0
0
0
0
0
0
0
0
0
0
0
0
0
0
0
0
0
0
0
0
0
0
0
0
-7.21464e-08
0
0
0
0
0
0
0
0
0
0
0
0
0
0
0
-0.0280388
-0.000430312
0
0
0
0
0
0
0
-0.00100742
0
0
0
0
0
0
0
0
-0.00381856
0
0
0
0
0
0
0
0
0
0
0
0
0
0
-0.00227065
0
0
-0.106158
0
0
0
0
0
0
0
0
0
0
0
0
0
0
0
0
0
0
-7.61052e-05
0
0
0
0
0
0
0
0
0
0
-0.00259446
-0.0017068
-0.000419448
0
0
0
0
0
0
0
0
0
0
0
0
0
0
0
0
0
0
0
0
0
0
0
0
0
0
0
0
0
0
0
0
0
0
0
-0.0030825
0
0
0
0
0
0
0
0
0
0
0
0
0
-0.00108588
0
0
0
0
0
0
0
-1.41223e-06
-0.00315755
0
0
0
0
0
0
0
0
0
0
0
0
0
0
0
0
0
0
0
0
0
0
0
-0.00548911
0
0
0
0
0
0
0
0
-2.35073e-05
0
0
0
0
0
0
0
0
-0.00466755
0
0
0
0
0
-1.78066e-09
0
0
0
0
0
0
0
0
0
0
0
0
0
0
0
0
0
0
0
0
0
0
0
0
0
0
0
0
0
0
0
0
0
0
0
0
0
0
-1.29899e-08
0
0
0
0
0
0
0
0
0
-1.33509e-05
0
0
0
0
0
0
0
0
0
0
0
0
0
0
0
0
0
0
0
0
0
0
0
0
0
0
0
0
0
-7.12485e-05
0
0
0
0
0
0
0
0
0
-0.000988071
0
0
0
0
0
0
0
0
0
0
-0.00258034
0
0
0
-0.00421851
0
0
0
0
0
0
0
0
0
0
0
0
0
0
0
0
0
0
0
0
0
0
-8.90184e-06
0
0
0
0
0
0
0
0
0
-0.0512904
0
0
0
0
-1.24213e-05
0
0
0
0
0
0
0
-2.75223e-05
0
0
0
0
0
0
0
0
0
0
0
0
0
0
0
0
-0.00268851
0
0
0
0
0
0
0
0
0
0
0
0
0
0
0
0
0
0
0
-0.00498738
-0.000256164
-3.74044e-05
-0.000376127
0
0
0
0
0
0
0
0
0
0
0
0
0
0
0
0
0
0
0
0
0
0
0
0
0
0
0
0
0
-0.0245291
0
0
0
0
0
0
0
0
-0.0199146
0
0
0
0
0
0
0
0
0
0
0
0
0
0
0
0
-0.0315195
0
0
0
0
0
0
0
0
0
0
0
0
0
0
0
0
0
0
0
0
0
0
0
0
0
0
0
0
0
0
0
0
0
0
0
0
0
0
0
0
0
0
-0.0222437
0
0
0
0
0
0
0
0
0
0
0
0
0
0
0
0
0
0
0
0
0
0
0
0
0
-1.16132e-07
0
0
0
0
0
0
0
0
0
0
0
0
0
0
0
0
0
0
0
0
0
0
0
0
0
0
0
0
0
0
0
0
0
0
0
0
0
0
0
0
0
0
0
0
0
0
0
0
0
0
0
0
0
0
0
0
0
0
0
0
0
0
0
0
0
0
-0.00741699
0
0
0
0
0
0
-0.00498385
-0.0162753
0
0
0
0
0
0
0
0
0
0
0
0
0
0
0
0
0
0
0
0
0
0
0
0
0
0
0
0
0
0
0
0
0
0
0
0
-0.0164853
0
-0.0252355
0
0
0
0
0
0
0
0
0
0
0
-0.000303015
0
0
0
0
0
0
0
0
0
0
0
0
0
0
0
0
0
0
0
0
0
0
0
0
0
0
0
0
0
-8.8076e-05
-0.000104267
0
0
0
0
0
0
0
0
0
0
0
0
0
0
-0.000340645
0
0
0
0
0
0
0
0
0
0
0
0
0
0
0
0
0
0
0
0
-0.000754543
0
0
0
-9.58246e-07
0
0
0
0
0
0
0
0
0
0
0
0
0
0
0
0
0
0
0
0
0
0
0
0
0
0
0
0
-0.00606155
0
0
0
0
0
0
-0.000148819
0
-0.00484703
0
0
0
0
0
0
0
0
0
-4.16777e-05
0
0
0
0
0
-3.66208e-06
-3.43322e-16
0
0
0
0
0
0
0
0
0
0
0
0
0
0
0
0
-0.000268121
0
0
0
0
0
0
0
0
-6.03889e-07
-0.00195908
0
0
0
0
0
0
0
0
0
-0.0182556
0
0
0
0
0
-0.00368188
0
0
0
0
0
0
0
0
0
0
0
0
0
0
0
0
0
0
0
0
-9.97654e-07
0
0
0
0
0
0
0
0
0
0
0
0
0
0
0
0
0
0
-0.000137434
-0.003271
0
0
0
0
0
0
0
0
0
0
-0.00641546
0
0
0
0
0
0
0
0
0
0
0
-0.000231062
0
0
0
0
0
0
0
0
0
0
0
0
0
0
0
0
0
0
0
0
0
0
0
-0.000789541
0
0
0
0
0
0
0
0
-0.00406595
0
-1.11033e-05
0
0
-0.00143598
0
0
0
0
0
0
0
0
0
0
0
0
0
0
0
0
0
0
0
0
0
0
0
0
0
0
0
0
0
0
0
0
0
0
0
0
0
0
0
0
0
0
-0.000239365
0
0
-7.21555e-06
0
0
0
0
0
0
0
0
0
0
0
0
0
0
0
0
-0.0179441
0
0
0
0
0
0
0
0
0
0
0
-1.12103e-07
0
0
0
0
0
0
0
0
0
0
0
0
0
0
0
0
0
0
0
0
0
0
0
0
-5.62554e-05
0
0
0
0
0
0
0
0
0
0
0
0
0
0
0
0
0
0
0
0
0
0
0
0
-0.00411459
0
0
0
0
0
0
0
0
0
0
0
0
0
0
0
0
0
0
0
0
0
0
-0.00811573
0
0
0
0
0
0
0
0
0
0
0
0
-0.0431993
0
0
0
0
0
0
0
0
0
0
0
0
0
0
0
-2.22582e-07
0
0
0
0
0
0
0
0
0
0
0
0
0
-0.0287564
0
0
0
0
0
0
0
0
0
0
0
0
0
0
0
0
0
0
0
0
0
0
0
0
0
0
0
0
0
0
-0.0140163
0
0
0
0
0
0
-0.000844168
0
0
0
0
0
-0.00274772
0
0
0
0
0
0
0
0
0
0
0
0
0
0
0
0
0
0
0
-0.0138001
0
0
0
0
0
0
0
0
0
0
0
0
0
-0.000140362
0
0
0
0
0
0
0
-7.0713e-09
0
-0.000296615
0
0
0
0
0
0
-1.54439e-05
0
0
0
-2.48025e-06
0
0
0
0
0
0
0
0
0
0
0
0
0
0
0
0
0
0
0
0
0
0
-3.70855e-05
0
0
0
0
0
0
0
0
0
0
0
0
0
0
0
0
0
0
0
-0.00334203
0
0
0
0
0
0
0
0
0
0
0
0
0
0
0
0
0
0
0
0
0
0
0
0
0
0
0
0
0
0
0
0
0
0
0
0
0
0
0
0
-0.0046354
0
-4.15306e-08
0
0
-0.000469749
0
0
-1.28024e-05
0
0
0
0
0
0
0
0
0
0
0
0
0
0
0
0
0
0
0
0
0
0
0
0
0
0
0
0
0
0
-0.16318
0
0
0
0
0
0
0
0
0
0
0
0
0
0
-4.92637e-05
0
0
0
0
0
0
0
0
0
0
0
0
0
0
0
0
0
0
0
0
0
0
0
0
0
0
0
0
0
0
0
0
0
0
0
0
0
0
0
0
0
0
0
0
0
-1.4508e-05
0
0
0
0
0
0
-0.0127595
0
0
0
0
0
0
0
0
0
0
0
0
0
0
0
0
0
-0.000174065
0
0
0
0
0
0
0
0
0
0
0
-0.00125585
0
0
0
0
0
0
0
0
0
0
0
0
0
0
0
0
0
0
0
0
0
0
0
-0.00152303
0
0
0
0
0
0
0
0
0
0
-0.00155658
0
0
0
-1.65462e-05
0
0
0
0
0
0
0
0
0
0
-0.000931925
0
0
0
0
0
0
0
0
0
0
0
0
0
0
0
0
-0.00261225
0
0
0
0
0
0
0
0
-0.00691455
0
0
0
0
0
0
0
0
0
0
-6.00083e-08
0
0
0
0
0
0
0
0
-0.000961265
0
0
0
-3.24928e-05
0
0
0
0
0
-0.00247786
0
0
0
0
0
0
0
-0.00139074
0
0
0
-0.000617824
0
0
0
0
0
0
0
0
0
0
0
0
0
0
0
0
0
0
0
0
0
0
0
0
0
0
0
0
-9.8101e-09
0
0
0
0
0
0
0
0
-0.0114405
0
0
0
0
0
0
-0.0412343
0
0
0
0
0
0
0
0
0
0
0
0
0
0
0
-2.78405e-05
0
0
0
0
0
0
0
0
-0.00224942
0
0
0
0
0
-3.69211e-05
-0.000237399
0
-0.00035744
0
0
0
0
0
-0.00670549
0
0
0
0
0
0
-0.000815679
0
0
0
0
0
-0.00272568
0
0
0
-0.000331256
0
0
0
0
0
0
0
0
0
0
0
0
0
0
0
0
-1.67878e-12
0
0
0
0
0
0
0
0
0
0
0
-1.24158e-06
0
0
0
0
0
0
0
0
0
-1.14618e-09
-0.00112624
0
0
0
0
0
0
0
0
0
0
0
0
0
0
0
0
0
0
0
0
0
0
0
0
0
0
0
0
0
0
0
-5.64835e-06
0
-0.205506
-9.2316e-09
0
0
0
0
0
0
0
-3.57305e-05
0
0
0
0
0
0
0
0
0
0
0
0
0
0
0
0
0
0
0
0
0
0
0
0
0
0
0
0
0
0
0
-0.00132408
-0.0014766
0
0
0
0
0
0
0
0
0
0
0
0
0
0
-0.0087073
0
0
-0.00980268
0
0
0
0
0
0
0
0
0
0
0
0
0
0
-3.45522e-05
0
0
0
0
0
0
0
0
0
0
0
0
0
0
0
-1.22779e-07
0
0
0
0
0
0
0
0
0
0
0
0
0
0
0
0
-0.00194646
0
0
0
0
0
0
0
0
0
0
0
0
0
0
0
0
0
0
0
0
0
0
0
0
0
0
0
0
0
0
0
0
0
-0.0057596
0
0
0
0
0
0
0
-0.0122748
0
0
0
0
-0.00324811
-0.0077862
0
0
0
0
0
0
0
0
0
0
0
0
0
-0.00655958
0
0
0
0
0
0
0
0
0
0
0
0
0
0
0
0
-1.82349e-08
0
0
0
0
-0.0015364
0
0
0
0
0
0
0
0
0
0
0
-1.30562e-05
0
-0.00340177
-9.13261e-10
0
0
0
0
0
-0.000177728
0
0
0
0
0
0
0
-0.00194989
0
0
0
0
0
0
0
0
0
0
0
0
0
0
0
0
0
0
0
0
0
-0.000662587
0
0
0
0
0
0
0
0
0
0
0
0
0
0
0
0
0
0
0
0
0
-6.3378e-05
-4.58617e-05
-0.00042453
0
0
0
0
0
0
0
0
0
0
0
0
0
0
0
0
0
0
0
0
-0.00955729
0
0
0
0
0
0
0
0
0
0
0
0
0
0
0
0
-0.00188626
0
0
0
0
0
-0.00735544
0
0
0
0
0
0
0
0
0
0
0
0
0
0
0
0
0
0
0
0
0
0
0
0
0
0
0
0
0
0
0
0
0
0
0
0
0
0
0
-6.45054e-10
0
0
0
0
0
0
-0.000586016
0
0
-2.76518e-08
0
0
0
0
0
0
0
0
0
0
0
0
0
0
-3.93461e-05
0
0
0
0
0
0
0
0
0
0
0
0
0
0
0
0
0
0
0
0
0
0
0
0
0
0
0
-1.65371e-06
0
0
0
0
0
0
0
0
0
0
0
0
0
-6.95947e-05
-1.79475e-05
0
0
-0.000112592
0
0
0
0
0
0
0
0
0
0
0
0
0
0
0
-2.14177e-08
0
0
0
0
0
0
0
0
0
0
0
0
0
0
0
0
0
0
0
0
0
0
0
-0.000106411
0
0
0
0
0
0
0
0
0
0
0
0
0
0
0
0
0
-8.44926e-06
0
0
0
0
0
0
0
0
0
0
0
0
0
0
0
0
0
0
0
0
0
0
0
0
0
0
-4.26366e-07
0
0
0
-3.02667e-10
0
0
0
0
0
0
0
0
0
0
0
0
0
0
0
0
0
0
-0.00151955
0
0
0
0
0
0
0
0
0
0
0
-6.91017e-05
0
0
0
0
0
0
0
0
0
0
0
0
0
0
0
0
0
0
0
0
0
0
0
-6.79741e-07
0
0
0
0
0
0
0
0
0
0
0
0
0
0
0
0
0
0
0
0
0
0
0
-5.05401e-05
0
0
0
0
0
0
0
0
0
0
0
0
0
0
0
0
0
0
0
0
0
0
0
0
0
0
0
0
0
0
0
0
0
0
0
0
0
0
0
0
0
0
0
0
0
-9.92128e-10
0
0
0
0
0
0
0
0
0
0
-1.03972e-05
0
0
0
0
0
0
0
0
0
0
0
0
0
0
0
0
0
0
0
0
0
0
0
0
0
0
0
0
0
0
0
0
0
0
0
0
0
0
0
0
0
0
0
0
0
0
0
0
0
0
0
0
0
0
0
0
0
-0.0124042
0
0
0
0
0
0
0
0
0
0
0
0
0
0
0
0
0
0
0
0
0
0
0
0
0
0
0
0
0
0
-6.50232e-05
0
0
0
0
-0.085983
0
0
0
-5.78471e-06
-0.00474015
0
0
0
0
0
0
0
0
0
0
0
0
0
0
0
0
0
0
0
0
0
0
0
0
0
0
0
0
0
0
0
0
0
0
0
0
0
0
0
0
0
0
0
0
0
0
0
0
0
0
0
0
0
0
0
0
0
0
0
0
0
0
0
0
0
0
0
0
0
0
0
0
0
0
0
0
0
0
0
0
0
0
0
0
0
0
0
0
0
-2.18076e-05
0
0
0
0
0
0
0
0
0
0
0
0
0
0
0
0
0
0
-0.000147207
0
0
0
0
0
0
0
0
0
0
0
0
0
-4.0609e-08
0
0
0
0
0
0
0
-8.83374e-06
0
0
0
0
0
0
0
0
0
0
0
0
0
0
0
-0.00966368
0
0
0
0
0
0
0
0
0
0
0
0
0
0
0
0
0
0
0
0
0
0
0
0
0
0
0
-2.47054e-05
0
0
0
0
0
0
0
0
0
0
0
0
0
0
0
0
0
0
0
0
0
0
-0.000951858
0
0
0
0
0
0
0
0
0
-0.000356944
0
0
0
0
0
0
0
0
0
0
0
0
0
0
0
0
0
0
0
-7.88505e-10
0
0
0
0
0
0
0
0
0
0
0
0
0
0
0
0
0
-0.0394614
0
0
0
0
0
0
0
0
0
0
0
0
0
0
0
0
0
0
0
0
-0.000652349
0
0
0
0
0
0
0
0
0
0
0
0
0
-0.000868124
0
0
0
0
0
0
0
0
0
0
0
0
0
-0.00364185
0
0
0
0
0
0
-5.71568e-06
0
0
0
0
0
0
0
0
0
0
0
0
0
-0.00261646
0
0
0
0
0
0
0
0
0
0
0
0
0
0
0
0
0
0
0
0
0
0
0
0
0
0
0
0
0
0
0
0
0
0
0
0
0
0
0
0
0
0
0
0
0
0
0
0
0
0
0
0
0
0
0
0
0
0
0
0
0
0
0
0
0
0
0
0
0
0
-0.00415794
0
0
0
0
0
0
0
0
0
0
0
0
0
0
0
0
0
0
0
0
0
0
0
0
0
0
0
0
0
0
0
0
0
0
0
0
0
0
-1.34746e-06
0
0
0
0
0
0
0
0
0
0
0
0
0
-0.00483739
0
0
0
0
0
0
0
0
0
0
-0.00240986
0
0
-4.33658e-07
0
0
0
0
0
0
0
-7.52173e-07
0
0
0
0
0
0
0
0
0
0
0
0
0
0
0
0
0
0
0
0
0
-0.000678666
0
0
0
0
0
0
0
0
0
0
0
0
0
0
0
0
0
0
0
0
0
0
0
0
0
0
-9.48831e-08
0
0
-0.000149581
0
0
0
0
0
0
0
0
0
0
0
0
0
0
0
0
0
0
0
0
0
0
0
0
0
0
0
0
0
0
0
0
0
0
0
0
0
0
0
0
0
0
0
0
0
0
-0.00206501
0
0
0
0
0
0
0
0
0
0
0
0
0
0
0
0
0
0
0
0
0
0
0
0
0
0
0
-0.000561084
0
0
-0.000484319
0
0
0
0
0
0
0
0
0
0
0
0
0
0
0
0
0
0
0
0
0
0
0
0
0
0
0
0
0
-6.65103e-06
0
0
0
0
0
0
0
0
0
-2.95282e-07
0
0
0
0
0
0
0
0
0
0
-0.0020615
0
0
0
0
-1.32522e-06
0
0
0
0
0
0
0
0
0
0
0
0
0
0
0
0
-0.000161583
0
0
0
0
0
0
0
0
0
0
0
0
0
-6.43981e-05
0
0
0
0
0
0
0
0
0
0
0
0
0
0
0
0
0
0
0
0
-0.000202937
0
0
0
0
0
0
0
0
0
0
-2.81786e-05
0
0
0
0
0
0
0
0
0
0
0
0
0
0
0
0
0
0
0
0
0
0
0
0
0
0
0
0
0
-4.54829e-07
0
0
0
0
-2.77059e-07
0
0
-0.00793753
-0.00521825
0
0
0
0
0
0
0
0
-0.000127418
0
0
0
0
0
0
0
0
0
0
0
0
0
-0.0347407
0
0
0
0
0
0
0
-0.000105064
0
0
0
0
0
0
0
0
0
0
0
0
0
0
0
0
0
0
0
0
0
0
0
0
0
0
0
0
0
-0.000511416
0
0
0
0
0
0
0
0
0
0
0
0
0
0
0
0
0
0
0
0
0
0
-0.00124316
0
0
0
0
0
0
0
0
0
0
0
0
0
0
0
0
0
0
0
0
0
0
0
0
0
0
0
0
-0.000685211
0
0
0
0
0
0
0
0
0
0
0
0
0
0
0
0
0
0
0
0
0
0
0
0
0
0
0
0
0
0
0
0
0
0
0
-0.000649961
0
0
-1.41537e-06
0
0
0
-0.00204822
0
0
0
0
-0.00697318
0
0
0
0
0
-2.08665e-05
0
0
0
0
0
0
0
0
0
0
-0.00224078
0
0
0
0
0
0
0
0
0
0
0
0
0
0
0
-0.00185825
0
-5.0917e-05
0
0
0
0
0
0
0
0
0
0
0
0
0
0
0
0
0
0
0
0
0
0
-5.44246e-05
0
0
0
0
0
0
0
-1.58268e-05
0
0
-0.0092705
-5.05668e-07
0
0
0
0
0
0
0
0
0
0
0
0
0
0
0
0
0
0
0
0
0
0
-0.0301974
0
0
0
0
0
0
0
0
0
0
0
0
0
0
0
0
0
0
0
0
0
0
0
0
0
0
0
0
0
0
0
0
0
0
0
0
-0.0131363
0
0
0
0
0
0
0
0
0
-0.00247234
0
0
0
0
0
0
-0.00389332
0
0
0
0
0
0
0
0
0
0
0
0
0
0
0
0
0
0
0
0
0
0
-0.00104577
0
0
0
0
0
0
0
0
0
0
0
0
0
0
0
0
0
0
0
0
0
0
0
0
0
0
0
0
0
0
-0.00582474
0
0
0
0
0
0
0
0
-7.38115e-05
0
0
0
0
0
0
0
0
0
0
0
0
0
0
0
-1.45137e-05
0
0
0
0
0
0
0
0
0
0
0
0
0
0
0
-0.00108236
0
0
-1.81415e-06
0
0
0
0
0
0
0
0
0
0
0
0
0
0
0
0
0
0
0
0
0
0
0
0
0
0
0
0
0
0
0
0
0
0
0
0
0
0
0
0
0
-0.004549
0
0
0
0
0
0
0
0
0
0
0
0
-1.17396e-05
0
0
0
0
-0.00198953
0
0
0
0
0
0
0
0
0
-0.00206418
0
0
0
0
0
-0.000149018
0
0
0
0
0
0
0
0
0
0
-0.00194693
0
0
0
0
0
0
0
0
0
0
0
0
0
-0.000227569
0
0
0
0
-7.87647e-05
0
-0.00167263
0
0
0
0
0
0
0
0
-0.0118314
0
0
0
-0.000664852
0
0
0
0
0
-0.00258771
0
0
0
0
0
-0.000134192
0
0
0
0
0
0
0
0
0
-0.0666021
0
0
0
0
0
0
0
0
0
0
0
0
0
0
-0.0010297
0
0
0
0
0
0
0
0
0
0
0
0
0
0
0
0
0
0
0
0
0
0
0
0
0
0
0
0
0
0
0
0
0
0
-6.29284e-06
0
0
0
0
0
0
0
0
0
0
0
0
0
0
0
0
0
0
0
0
0
0
0
0
0
0
0
0
0
0
0
0
0
0
0
0
0
0
0
0
0
0
0
0
0
0
0
0
0
0
0
-5.142e-12
-4.64826e-06
0
0
-0.00126251
0
-0.00110066
0
0
0
0
0
0
0
0
0
0
0
0
0
0
0
0
0
0
0
0
0
0
0
0
0
0
0
0
0
0
0
0
0
0
0
0
0
0
0
0
0
0
0
0
0
0
0
0
0
0
0
0
0
-0.000168908
0
0
0
0
0
0
0
-0.0128718
0
0
-7.05306e-05
0
0
0
-0.0390108
0
0
-0.00363208
0
0
0
0
0
0
0
0
0
0
0
0
0
-0.00432155
0
0
0
0
0
0
0
0
0
-8.11601e-05
0
0
0
-2.88721e-06
0
0
0
0
0
0
0
0
0
0
0
0
0
0
0
0
0
0
0
0
0
-4.89457e-06
0
0
0
0
0
0
0
0
0
0
-0.000777634
0
0
0
0
0
0
0
0
0
0
0
0
0
0
0
0
0
0
0
0
0
0
0
0
0
0
0
0
0
0
0
0
0
0
0
0
0
0
0
0
0
-0.0416659
0
0
-2.93061e-07
0
0
0
0
0
0
0
0
0
0
0
0
0
0
0
0
0
0
0
0
0
-0.000118713
0
0
0
0
0
0
0
0
0
0
0
0
-9.52782e-05
0
-0.0406481
0
0
0
0
0
0
0
0
0
0
-1.64298e-10
0
0
0
0
0
0
0
0
0
0
0
0
0
0
0
0
0
0
0
0
-1.37967e-05
0
0
0
0
0
0
0
0
0
0
0
0
0
0
0
0
0
0
-6.79833e-06
0
0
0
0
-0.00120299
0
0
0
0
0
0
0
-0.00416025
0
0
0
0
0
0
0
0
0
0
0
0
0
0
0
0
0
0
0
0
0
0
0
0
0
0
0
0
0
0
0
0
0
-3.04086e-12
0
0
0
0
0
0
0
0
0
0
0
0
0
0
0
0
0
0
0
-0.00497788
0
0
0
0
0
0
0
0
0
0
0
0
0
0
0
0
0
0
0
0
0
0
0
0
0
-0.000120679
0
0
0
0
0
0
0
0
0
0
0
0
0
0
0
-0.000227504
0
0
0
0
0
0
0
0
0
0
-3.24352e-09
0
0
0
0
0
0
0
0
0
0
0
0
0
0
0
0
0
0
0
0
0
0
0
0
0
0
-0.00165373
0
0
0
0
0
0
0
0
0
0
0
0
0
0
0
0
0
0
0
0
-0.00189224
0
0
0
0
0
0
0
0
0
0
-0.00142669
0
0
0
0
-0.0716266
0
0
0
-0.00661229
0
0
0
