TAG	SAMPLE	A>C	A>G	A>T	C>A	C>G	C>T	G>A	G>C	G>T	T>A	T>C	T>G
THREE_PRIME	29779	0.0	0.0	0.0	0.0	0.0	0.0	0.0203199	0.0	0.0	0.0	0.0	0.0
THREE_PRIME	29779	0.0	0.0	0.0	0.0	0.0	0.0	0.0241045	0.0	0.0	0.0	0.0	0.0
THREE_PRIME	29779	0.0	0.0	0.0	0.0	0.0	0.0	0.0208631	0.0	0.0	0.0	0.0	0.0
THREE_PRIME	29779	0.0	0.0	0.0	0.0	0.0	0.0	0.0204391	0.0	0.0	0.0	0.0	0.0
THREE_PRIME	29779	0.0	0.0	0.0	0.0	0.0	0.0	0.0192891	0.0	0.0	0.0	0.0	0.0
THREE_PRIME	29779	0.0	0.0	0.0	0.0	0.0	0.0	0.0173378	0.0	0.0	0.0	0.0	0.0
THREE_PRIME	29779	0.0	0.0	0.0	0.0	0.0	0.0	0.0179856	0.0	0.0	0.0	0.0	0.0
THREE_PRIME	29779	0.0	0.0	0.0	0.0	0.0	0.0	0.0164583	0.0	0.0	0.0	0.0	0.0
THREE_PRIME	29779	0.0	0.0	0.0	0.0	0.0	0.0	0.016623	0.0	0.0	0.0	0.0	0.0
THREE_PRIME	29779	0.0	0.0	0.0	0.0	0.0	0.0	0.0161326	0.0	0.0	0.0	0.0	0.0
THREE_PRIME	383194	0.0	0.0	0.0	0.0	0.0	0.0	0.0203845	0.0	0.0	0.0	0.0	0.0
THREE_PRIME	383194	0.0	0.0	0.0	0.0	0.0	0.0	0.0226608	0.0	0.0	0.0	0.0	0.0
THREE_PRIME	383194	0.0	0.0	0.0	0.0	0.0	0.0	0.0198913	0.0	0.0	0.0	0.0	0.0
THREE_PRIME	383194	0.0	0.0	0.0	0.0	0.0	0.0	0.0196891	0.0	0.0	0.0	0.0	0.0
THREE_PRIME	383194	0.0	0.0	0.0	0.0	0.0	0.0	0.0190228	0.0	0.0	0.0	0.0	0.0
THREE_PRIME	383194	0.0	0.0	0.0	0.0	0.0	0.0	0.0175907	0.0	0.0	0.0	0.0	0.0
THREE_PRIME	383194	0.0	0.0	0.0	0.0	0.0	0.0	0.0177706	0.0	0.0	0.0	0.0	0.0
THREE_PRIME	383194	0.0	0.0	0.0	0.0	0.0	0.0	0.0166906	0.0	0.0	0.0	0.0	0.0
THREE_PRIME	383194	0.0	0.0	0.0	0.0	0.0	0.0	0.0169049	0.0	0.0	0.0	0.0	0.0
THREE_PRIME	383194	0.0	0.0	0.0	0.0	0.0	0.0	0.0162681	0.0	0.0	0.0	0.0	0.0
THREE_PRIME	383202	0.0	0.0	0.0	0.0	0.0	0.0	0.021077	0.0	0.0	0.0	0.0	0.0
THREE_PRIME	383202	0.0	0.0	0.0	0.0	0.0	0.0	0.0231787	0.0	0.0	0.0	0.0	0.0
THREE_PRIME	383202	0.0	0.0	0.0	0.0	0.0	0.0	0.0209474	0.0	0.0	0.0	0.0	0.0
THREE_PRIME	383202	0.0	0.0	0.0	0.0	0.0	0.0	0.0200775	0.0	0.0	0.0	0.0	0.0
THREE_PRIME	383202	0.0	0.0	0.0	0.0	0.0	0.0	0.0197345	0.0	0.0	0.0	0.0	0.0
THREE_PRIME	383202	0.0	0.0	0.0	0.0	0.0	0.0	0.017159	0.0	0.0	0.0	0.0	0.0
THREE_PRIME	383202	0.0	0.0	0.0	0.0	0.0	0.0	0.0177356	0.0	0.0	0.0	0.0	0.0
THREE_PRIME	383202	0.0	0.0	0.0	0.0	0.0	0.0	0.0159767	0.0	0.0	0.0	0.0	0.0
THREE_PRIME	383202	0.0	0.0	0.0	0.0	0.0	0.0	0.0160562	0.0	0.0	0.0	0.0	0.0
THREE_PRIME	383202	0.0	0.0	0.0	0.0	0.0	0.0	0.0154915	0.0	0.0	0.0	0.0	0.0
THREE_PRIME	383205	0.0	0.0	0.0	0.0	0.0	0.0	0.0198118	0.0	0.0	0.0	0.0	0.0
THREE_PRIME	383205	0.0	0.0	0.0	0.0	0.0	0.0	0.0227721	0.0	0.0	0.0	0.0	0.0
THREE_PRIME	383205	0.0	0.0	0.0	0.0	0.0	0.0	0.020531	0.0	0.0	0.0	0.0	0.0
THREE_PRIME	383205	0.0	0.0	0.0	0.0	0.0	0.0	0.0197376	0.0	0.0	0.0	0.0	0.0
THREE_PRIME	383205	0.0	0.0	0.0	0.0	0.0	0.0	0.0188714	0.0	0.0	0.0	0.0	0.0
THREE_PRIME	383205	0.0	0.0	0.0	0.0	0.0	0.0	0.0168486	0.0	0.0	0.0	0.0	0.0
THREE_PRIME	383205	0.0	0.0	0.0	0.0	0.0	0.0	0.0173651	0.0	0.0	0.0	0.0	0.0
THREE_PRIME	383205	0.0	0.0	0.0	0.0	0.0	0.0	0.016141	0.0	0.0	0.0	0.0	0.0
THREE_PRIME	383205	0.0	0.0	0.0	0.0	0.0	0.0	0.0162483	0.0	0.0	0.0	0.0	0.0
THREE_PRIME	383205	0.0	0.0	0.0	0.0	0.0	0.0	0.015901	0.0	0.0	0.0	0.0	0.0
THREE_PRIME	507264	0.0	0.0	0.0	0.0	0.0	0.0	0.0182559	0.0	0.0	0.0	0.0	0.0
THREE_PRIME	507264	0.0	0.0	0.0	0.0	0.0	0.0	0.0207654	0.0	0.0	0.0	0.0	0.0
THREE_PRIME	507264	0.0	0.0	0.0	0.0	0.0	0.0	0.01832	0.0	0.0	0.0	0.0	0.0
THREE_PRIME	507264	0.0	0.0	0.0	0.0	0.0	0.0	0.0179973	0.0	0.0	0.0	0.0	0.0
THREE_PRIME	507264	0.0	0.0	0.0	0.0	0.0	0.0	0.0174111	0.0	0.0	0.0	0.0	0.0
THREE_PRIME	507264	0.0	0.0	0.0	0.0	0.0	0.0	0.015865	0.0	0.0	0.0	0.0	0.0
THREE_PRIME	507264	0.0	0.0	0.0	0.0	0.0	0.0	0.0163429	0.0	0.0	0.0	0.0	0.0
THREE_PRIME	507264	0.0	0.0	0.0	0.0	0.0	0.0	0.0153961	0.0	0.0	0.0	0.0	0.0
THREE_PRIME	507264	0.0	0.0	0.0	0.0	0.0	0.0	0.0156133	0.0	0.0	0.0	0.0	0.0
THREE_PRIME	507264	0.0	0.0	0.0	0.0	0.0	0.0	0.0151498	0.0	0.0	0.0	0.0	0.0
THREE_PRIME	507265	0.0	0.0	0.0	0.0	0.0	0.0	0.0192285	0.0	0.0	0.0	0.0	0.0
THREE_PRIME	507265	0.0	0.0	0.0	0.0	0.0	0.0	0.021734	0.0	0.0	0.0	0.0	0.0
THREE_PRIME	507265	0.0	0.0	0.0	0.0	0.0	0.0	0.0194259	0.0	0.0	0.0	0.0	0.0
THREE_PRIME	507265	0.0	0.0	0.0	0.0	0.0	0.0	0.0187601	0.0	0.0	0.0	0.0	0.0
THREE_PRIME	507265	0.0	0.0	0.0	0.0	0.0	0.0	0.0179135	0.0	0.0	0.0	0.0	0.0
THREE_PRIME	507265	0.0	0.0	0.0	0.0	0.0	0.0	0.015709	0.0	0.0	0.0	0.0	0.0
THREE_PRIME	507265	0.0	0.0	0.0	0.0	0.0	0.0	0.0165834	0.0	0.0	0.0	0.0	0.0
THREE_PRIME	507265	0.0	0.0	0.0	0.0	0.0	0.0	0.015236	0.0	0.0	0.0	0.0	0.0
THREE_PRIME	507265	0.0	0.0	0.0	0.0	0.0	0.0	0.0154067	0.0	0.0	0.0	0.0	0.0
THREE_PRIME	507265	0.0	0.0	0.0	0.0	0.0	0.0	0.0150401	0.0	0.0	0.0	0.0	0.0
