TAG	SAMPLE	A>C	A>G	A>T	C>A	C>G	C>T	G>A	G>C	G>T	T>A	T>C	T>G
FIVE_PRIME	29779	0.0	0.0	0.0	0.0	0.0	0.020918	0.0	0.0	0.0	0.0	0.0	0.0
FIVE_PRIME	29779	0.0	0.0	0.0	0.0	0.0	0.0295955	0.0	0.0	0.0	0.0	0.0	0.0
FIVE_PRIME	29779	0.0	0.0	0.0	0.0	0.0	0.0239037	0.0	0.0	0.0	0.0	0.0	0.0
FIVE_PRIME	29779	0.0	0.0	0.0	0.0	0.0	0.0221731	0.0	0.0	0.0	0.0	0.0	0.0
FIVE_PRIME	29779	0.0	0.0	0.0	0.0	0.0	0.0214619	0.0	0.0	0.0	0.0	0.0	0.0
FIVE_PRIME	29779	0.0	0.0	0.0	0.0	0.0	0.0185075	0.0	0.0	0.0	0.0	0.0	0.0
FIVE_PRIME	29779	0.0	0.0	0.0	0.0	0.0	0.0191154	0.0	0.0	0.0	0.0	0.0	0.0
FIVE_PRIME	29779	0.0	0.0	0.0	0.0	0.0	0.0173445	0.0	0.0	0.0	0.0	0.0	0.0
FIVE_PRIME	29779	0.0	0.0	0.0	0.0	0.0	0.017411	0.0	0.0	0.0	0.0	0.0	0.0
FIVE_PRIME	29779	0.0	0.0	0.0	0.0	0.0	0.016819	0.0	0.0	0.0	0.0	0.0	0.0
FIVE_PRIME	383194	0.0	0.0	0.0	0.0	0.0	0.0211415	0.0	0.0	0.0	0.0	0.0	0.0
FIVE_PRIME	383194	0.0	0.0	0.0	0.0	0.0	0.0285485	0.0	0.0	0.0	0.0	0.0	0.0
FIVE_PRIME	383194	0.0	0.0	0.0	0.0	0.0	0.0227075	0.0	0.0	0.0	0.0	0.0	0.0
FIVE_PRIME	383194	0.0	0.0	0.0	0.0	0.0	0.0219807	0.0	0.0	0.0	0.0	0.0	0.0
FIVE_PRIME	383194	0.0	0.0	0.0	0.0	0.0	0.0214414	0.0	0.0	0.0	0.0	0.0	0.0
FIVE_PRIME	383194	0.0	0.0	0.0	0.0	0.0	0.01931	0.0	0.0	0.0	0.0	0.0	0.0
FIVE_PRIME	383194	0.0	0.0	0.0	0.0	0.0	0.0192885	0.0	0.0	0.0	0.0	0.0	0.0
FIVE_PRIME	383194	0.0	0.0	0.0	0.0	0.0	0.0179366	0.0	0.0	0.0	0.0	0.0	0.0
FIVE_PRIME	383194	0.0	0.0	0.0	0.0	0.0	0.0178195	0.0	0.0	0.0	0.0	0.0	0.0
FIVE_PRIME	383194	0.0	0.0	0.0	0.0	0.0	0.0172751	0.0	0.0	0.0	0.0	0.0	0.0
FIVE_PRIME	383202	0.0	0.0	0.0	0.0	0.0	0.0211688	0.0	0.0	0.0	0.0	0.0	0.0
FIVE_PRIME	383202	0.0	0.0	0.0	0.0	0.0	0.0261138	0.0	0.0	0.0	0.0	0.0	0.0
FIVE_PRIME	383202	0.0	0.0	0.0	0.0	0.0	0.0226225	0.0	0.0	0.0	0.0	0.0	0.0
FIVE_PRIME	383202	0.0	0.0	0.0	0.0	0.0	0.0210267	0.0	0.0	0.0	0.0	0.0	0.0
FIVE_PRIME	383202	0.0	0.0	0.0	0.0	0.0	0.0209672	0.0	0.0	0.0	0.0	0.0	0.0
FIVE_PRIME	383202	0.0	0.0	0.0	0.0	0.0	0.0178494	0.0	0.0	0.0	0.0	0.0	0.0
FIVE_PRIME	383202	0.0	0.0	0.0	0.0	0.0	0.0183683	0.0	0.0	0.0	0.0	0.0	0.0
FIVE_PRIME	383202	0.0	0.0	0.0	0.0	0.0	0.0165572	0.0	0.0	0.0	0.0	0.0	0.0
FIVE_PRIME	383202	0.0	0.0	0.0	0.0	0.0	0.0163614	0.0	0.0	0.0	0.0	0.0	0.0
FIVE_PRIME	383202	0.0	0.0	0.0	0.0	0.0	0.0158372	0.0	0.0	0.0	0.0	0.0	0.0
FIVE_PRIME	383205	0.0	0.0	0.0	0.0	0.0	0.0203311	0.0	0.0	0.0	0.0	0.0	0.0
FIVE_PRIME	383205	0.0	0.0	0.0	0.0	0.0	0.027999	0.0	0.0	0.0	0.0	0.0	0.0
FIVE_PRIME	383205	0.0	0.0	0.0	0.0	0.0	0.023811	0.0	0.0	0.0	0.0	0.0	0.0
FIVE_PRIME	383205	0.0	0.0	0.0	0.0	0.0	0.0219807	0.0	0.0	0.0	0.0	0.0	0.0
FIVE_PRIME	383205	0.0	0.0	0.0	0.0	0.0	0.0214935	0.0	0.0	0.0	0.0	0.0	0.0
FIVE_PRIME	383205	0.0	0.0	0.0	0.0	0.0	0.0181264	0.0	0.0	0.0	0.0	0.0	0.0
FIVE_PRIME	383205	0.0	0.0	0.0	0.0	0.0	0.0189798	0.0	0.0	0.0	0.0	0.0	0.0
FIVE_PRIME	383205	0.0	0.0	0.0	0.0	0.0	0.0171504	0.0	0.0	0.0	0.0	0.0	0.0
FIVE_PRIME	383205	0.0	0.0	0.0	0.0	0.0	0.01702	0.0	0.0	0.0	0.0	0.0	0.0
FIVE_PRIME	383205	0.0	0.0	0.0	0.0	0.0	0.0166715	0.0	0.0	0.0	0.0	0.0	0.0
FIVE_PRIME	507264	0.0	0.0	0.0	0.0	0.0	0.0185455	0.0	0.0	0.0	0.0	0.0	0.0
FIVE_PRIME	507264	0.0	0.0	0.0	0.0	0.0	0.0251316	0.0	0.0	0.0	0.0	0.0	0.0
FIVE_PRIME	507264	0.0	0.0	0.0	0.0	0.0	0.0202925	0.0	0.0	0.0	0.0	0.0	0.0
FIVE_PRIME	507264	0.0	0.0	0.0	0.0	0.0	0.0193506	0.0	0.0	0.0	0.0	0.0	0.0
FIVE_PRIME	507264	0.0	0.0	0.0	0.0	0.0	0.018785	0.0	0.0	0.0	0.0	0.0	0.0
FIVE_PRIME	507264	0.0	0.0	0.0	0.0	0.0	0.0166379	0.0	0.0	0.0	0.0	0.0	0.0
FIVE_PRIME	507264	0.0	0.0	0.0	0.0	0.0	0.0171902	0.0	0.0	0.0	0.0	0.0	0.0
FIVE_PRIME	507264	0.0	0.0	0.0	0.0	0.0	0.0159522	0.0	0.0	0.0	0.0	0.0	0.0
FIVE_PRIME	507264	0.0	0.0	0.0	0.0	0.0	0.0160424	0.0	0.0	0.0	0.0	0.0	0.0
FIVE_PRIME	507264	0.0	0.0	0.0	0.0	0.0	0.0156034	0.0	0.0	0.0	0.0	0.0	0.0
FIVE_PRIME	507265	0.0	0.0	0.0	0.0	0.0	0.0198585	0.0	0.0	0.0	0.0	0.0	0.0
FIVE_PRIME	507265	0.0	0.0	0.0	0.0	0.0	0.0255504	0.0	0.0	0.0	0.0	0.0	0.0
FIVE_PRIME	507265	0.0	0.0	0.0	0.0	0.0	0.0217105	0.0	0.0	0.0	0.0	0.0	0.0
FIVE_PRIME	507265	0.0	0.0	0.0	0.0	0.0	0.0200587	0.0	0.0	0.0	0.0	0.0	0.0
FIVE_PRIME	507265	0.0	0.0	0.0	0.0	0.0	0.0194381	0.0	0.0	0.0	0.0	0.0	0.0
FIVE_PRIME	507265	0.0	0.0	0.0	0.0	0.0	0.0161258	0.0	0.0	0.0	0.0	0.0	0.0
FIVE_PRIME	507265	0.0	0.0	0.0	0.0	0.0	0.0173973	0.0	0.0	0.0	0.0	0.0	0.0
FIVE_PRIME	507265	0.0	0.0	0.0	0.0	0.0	0.0155979	0.0	0.0	0.0	0.0	0.0	0.0
FIVE_PRIME	507265	0.0	0.0	0.0	0.0	0.0	0.0156701	0.0	0.0	0.0	0.0	0.0	0.0
FIVE_PRIME	507265	0.0	0.0	0.0	0.0	0.0	0.0153472	0.0	0.0	0.0	0.0	0.0	0.0
